0 0.333984375 0.5 0.087890625 0.087890625
0 0.43359375 0.6015625 0.109375 0.11328125
0 0.1640625 0.29296875 0.076171875 0.076171875
0 0.28515625 0.908203125 0.083984375 0.09765625
0 0.169921875 0.052734375 0.064453125 0.064453125
0 0.69140625 0.9140625 0.1171875 0.1015625
0 0.103515625 0.650390625 0.083984375 0.083984375
0 0.236328125 0.390625 0.1015625 0.10546875
0 0.498046875 0.447265625 0.052734375 0.048828125
0 0.55859375 0.609375 0.060546875 0.056640625
0 0.20703125 0.08984375 0.060546875 0.068359375
0 0.470703125 0.41015625 0.060546875 0.068359375
0 0.56640625 0.5390625 0.060546875 0.060546875
0 0.380859375 0.29296875 0.060546875 0.068359375
0 0.828125 0.76953125 0.060546875 0.064453125
0 0.73046875 0.712890625 0.072265625 0.072265625
0 0.294921875 0.189453125 0.064453125 0.064453125
0 0.8125 0.015625 0.078125 0.03125
0 0.611328125 0.57421875 0.052734375 0.068359375
0 0.935546875 0.595703125 0.056640625 0.052734375
0 0.984375 0.650390625 0.03125 0.03515625
0 0.923828125 0.5703125 0.03515625 0.041015625
0 0.90234375 0.541015625 0.044921875 0.052734375
0 0.873046875 0.515625 0.04296875 0.046875
0 0.7109375 0.650390625 0.06640625 0.060546875
0 0.9140625 0.9140625 0.033203125 0.03125
0 0.935546875 0.9375 0.041015625 0.03125
0 0.958984375 0.958984375 0.060546875 0.03515625
0 0.978515625 0.98046875 0.04296875 0.0390625
0 0.91015625 0.990234375 0.05859375 0.01953125
0 0.740234375 0.962890625 0.095703125 0.072265625
0 0.794921875 0.9921875 0.05859375 0.015625
0 0.671875 0.990234375 0.064453125 0.01953125
0 0.626953125 0.859375 0.109375 0.1171875
0 0.59375 0.798828125 0.103515625 0.103515625
0 0.54296875 0.75390625 0.12890625 0.1171875
0 0.521484375 0.693359375 0.1640625 0.107421875
0 0.111328125 0.98046875 0.044921875 0.037109375
0 0.08984375 0.951171875 0.03515625 0.037109375
0 0.064453125 0.916015625 0.03515625 0.0390625
0 0.0390625 0.880859375 0.0390625 0.044921875
0 0.017578125 0.845703125 0.03515625 0.04296875
0 0.083984375 0.1796875 0.068359375 0.068359375
0 0.203125 0.548828125 0.03515625 0.02734375
0 0.185546875 0.525390625 0.02734375 0.03515625
0 0.166015625 0.5 0.0234375 0.03125
0 0.1484375 0.474609375 0.0390625 0.03515625
0 0.12109375 0.453125 0.04296875 0.021484375
0 0.099609375 0.423828125 0.0546875 0.041015625
0 0.068359375 0.37109375 0.068359375 0.041015625
0 0.044921875 0.349609375 0.06640625 0.04296875
0 0.025390625 0.322265625 0.05078125 0.06640625