0 0.359375 0.06640625 0.11328125 0.1171875
0 0.638671875 0.04296875 0.109375 0.0859375
0 0.751953125 0.3125 0.140625 0.109375
0 0.326171875 0.173828125 0.0703125 0.0859375
0 0.265625 0.1328125 0.0859375 0.09765625
0 0.45703125 0.220703125 0.109375 0.1171875
0 0.412109375 0.294921875 0.08203125 0.078125
0 0.896484375 0.4375 0.125 0.10546875
0 0.970703125 0.580078125 0.046875 0.0546875
0 0.685546875 0.166015625 0.09765625 0.11328125
0 0.4921875 0.404296875 0.05078125 0.05859375
0 0.544921875 0.349609375 0.0546875 0.0703125
0 0.490234375 0.345703125 0.06640625 0.0625
0 0.330078125 0.365234375 0.0703125 0.078125
0 0.359375 0.21484375 0.046875 0.046875
0 0.23828125 0.044921875 0.15625 0.0859375