0 0.318359375 0.509765625 0.10546875 0.11328125
0 0.16015625 0.130859375 0.1171875 0.109375
0 0.123046875 0.24609375 0.109375 0.09765625
0 0.271484375 0.607421875 0.109375 0.10546875
0 0.060546875 0.11328125 0.0859375 0.09765625
0 0.251953125 0.37109375 0.09375 0.1171875
0 0.21484375 0.46875 0.09375 0.08984375
0 0.169921875 0.38671875 0.0859375 0.09375
0 0.103515625 0.041015625 0.1015625 0.0703125
0 0.466796875 0.810546875 0.0625 0.046875
0 0.384765625 0.654296875 0.1171875 0.109375
0 0.025390625 0.046875 0.05078125 0.0625
0 0.201171875 0.255859375 0.0625 0.03125
0 0.341796875 0.732421875 0.08203125 0.1015625
0 0.392578125 0.826171875 0.0703125 0.078125
0 0.25 0.572265625 0.05859375 0.0546875