0 0.974609375 0.525390625 0.05078125 0.06640625
0 0.921875 0.42578125 0.0859375 0.09375
0 0.97265625 0.482421875 0.0546875 0.06640625
0 0.89453125 0.345703125 0.0859375 0.0703125
0 0.974609375 0.37109375 0.05078125 0.0703125
0 0.98046875 0.591796875 0.0390625 0.05859375
0 0.8984375 0.26171875 0.05078125 0.0703125
0 0.892578125 0.212890625 0.0859375 0.0546875
0 0.83984375 0.09765625 0.06640625 0.0546875
0 0.82421875 0.0546875 0.0703125 0.0546875
0 0.8125 0.017578125 0.0703125 0.03125
0 0.8515625 0.1328125 0.0703125 0.0546875
0 0.87109375 0.166015625 0.078125 0.046875
0 0.904296875 0.30078125 0.06640625 0.0390625