0 0.044921875 0.6328125 0.087890625 0.09765625
0 0.294921875 0.8125 0.087890625 0.091796875
0 0.12109375 0.693359375 0.10546875 0.087890625
0 0.080078125 0.794921875 0.10546875 0.09765625
0 0.078125 0.48046875 0.091796875 0.072265625
0 0.052734375 0.41015625 0.080078125 0.076171875
0 0.171875 0.244140625 0.068359375 0.072265625
0 0.205078125 0.427734375 0.05859375 0.064453125
0 0.24609375 0.61328125 0.083984375 0.0859375
0 0.1015625 0.92578125 0.068359375 0.09375
0 0.037109375 0.888671875 0.07421875 0.0859375
0 0.064453125 0.98046875 0.06640625 0.0390625
0 0.1171875 0.59375 0.0625 0.041015625
0 0.099609375 0.5546875 0.052734375 0.0546875