0 0.26171875 0.80078125 0.0859375 0.060546875
0 0.14453125 0.134765625 0.060546875 0.052734375
0 0.701171875 0.5078125 0.046875 0.052734375
0 0.23046875 0.26953125 0.080078125 0.080078125
0 0.27734375 0.888671875 0.0859375 0.076171875
0 0.203125 0.5078125 0.072265625 0.064453125
0 0.130859375 0.033203125 0.068359375 0.056640625
0 0.681640625 0.095703125 0.076171875 0.068359375
0 0.23046875 0.689453125 0.072265625 0.056640625
0 0.673828125 0.21484375 0.060546875 0.060546875
0 0.15234375 0.17578125 0.060546875 0.052734375
0 0.6953125 0.458984375 0.037109375 0.048828125
0 0.712890625 0.279296875 0.0390625 0.04296875
0 0.744140625 0.033203125 0.064453125 0.048828125
0 0.21484375 0.60546875 0.064453125 0.056640625
0 0.6796875 0.017578125 0.078125 0.03515625
0 0.177734375 0.240234375 0.072265625 0.068359375
0 0.181640625 0.40234375 0.080078125 0.064453125
0 0.134765625 0.08984375 0.076171875 0.060546875
0 0.291015625 0.939453125 0.072265625 0.056640625
0 0.177734375 0.345703125 0.072265625 0.060546875
0 0.205078125 0.55859375 0.068359375 0.060546875
0 0.712890625 0.5546875 0.05078125 0.052734375
0 0.240234375 0.740234375 0.076171875 0.052734375
0 0.171875 0.287109375 0.060546875 0.056640625
0 0.197265625 0.45703125 0.068359375 0.052734375
0 0.822265625 0.94921875 0.046875 0.04296875
0 0.296875 0.98046875 0.0703125 0.0390625
0 0.728515625 0.677734375 0.056640625 0.048828125
0 0.685546875 0.3671875 0.060546875 0.056640625
0 0.158203125 0.216796875 0.05078125 0.0390625
0 0.263671875 0.849609375 0.044921875 0.0546875
0 0.240234375 0.21875 0.037109375 0.04296875
0 0.22265625 0.6484375 0.052734375 0.046875
0 0.22265625 0.16796875 0.068359375 0.056640625
0 0.20703125 0.115234375 0.052734375 0.060546875
0 0.19921875 0.064453125 0.05859375 0.052734375
0 0.1875 0.021484375 0.060546875 0.04296875
0 0.66796875 0.1328125 0.05078125 0.0390625
0 0.671875 0.171875 0.033203125 0.048828125
0 0.708984375 0.154296875 0.037109375 0.029296875
0 0.7109375 0.21484375 0.044921875 0.029296875
0 0.673828125 0.26953125 0.04296875 0.03515625
0 0.67578125 0.314453125 0.041015625 0.041015625
0 0.685546875 0.416015625 0.046875 0.041015625
0 0.7265625 0.455078125 0.0390625 0.03515625
0 0.73046875 0.521484375 0.0234375 0.021484375
0 0.744140625 0.578125 0.025390625 0.033203125
0 0.708984375 0.595703125 0.04296875 0.033203125
0 0.7109375 0.6328125 0.02734375 0.033203125
0 0.75 0.6171875 0.033203125 0.025390625
0 0.7578125 0.642578125 0.037109375 0.025390625
0 0.77734375 0.673828125 0.02734375 0.03125
0 0.74609375 0.724609375 0.048828125 0.05078125
0 0.765625 0.76953125 0.048828125 0.04296875
0 0.78125 0.8125 0.0390625 0.041015625
0 0.791015625 0.8515625 0.033203125 0.041015625
0 0.806640625 0.90234375 0.041015625 0.0390625
0 0.837890625 0.859375 0.037109375 0.033203125
0 0.86328125 0.904296875 0.033203125 0.033203125