0 0.537109375 0.140625 0.0859375 0.072265625
0 0.2890625 0.224609375 0.0859375 0.068359375
0 0.21484375 0.36328125 0.09765625 0.09765625
0 0.56640625 0.22265625 0.09765625 0.080078125
0 0.232421875 0.51171875 0.048828125 0.03515625
0 0.283203125 0.28515625 0.06640625 0.0703125
0 0.150390625 0.939453125 0.0859375 0.087890625
0 0.498046875 0.16015625 0.064453125 0.076171875
0 0.279296875 0.357421875 0.05859375 0.05859375
0 0.294921875 0.130859375 0.048828125 0.060546875
0 0.30078125 0.04296875 0.046875 0.046875
0 0.615234375 0.017578125 0.025390625 0.01953125
0 0.619140625 0.064453125 0.033203125 0.021484375
0 0.55859375 0.423828125 0.03515625 0.0390625
0 0.537109375 0.4609375 0.037109375 0.033203125
0 0.51171875 0.505859375 0.0390625 0.033203125
0 0.486328125 0.537109375 0.041015625 0.03125