0 0.654296875 0.96875 0.07421875 0.0625
0 0.775390625 0.45703125 0.046875 0.05078125
0 0.83984375 0.015625 0.046875 0.029296875
0 0.83203125 0.0625 0.044921875 0.0390625
0 0.916015625 0.009765625 0.060546875 0.01953125
0 0.94140625 0.033203125 0.0390625 0.02734375
0 0.958984375 0.052734375 0.052734375 0.025390625
0 0.978515625 0.07421875 0.04296875 0.03125
0 0.9765625 0.13671875 0.046875 0.056640625
0 0.984375 0.197265625 0.029296875 0.041015625
0 0.982421875 0.244140625 0.03515625 0.04296875
0 0.98828125 0.298828125 0.0234375 0.044921875
0 0.9921875 0.345703125 0.013671875 0.03515625
0 0.990234375 0.392578125 0.017578125 0.041015625
0 0.982421875 0.46484375 0.03515625 0.037109375
0 0.982421875 0.509765625 0.033203125 0.0390625
0 0.90234375 0.078125 0.05078125 0.052734375
0 0.880859375 0.15234375 0.041015625 0.048828125
0 0.873046875 0.205078125 0.037109375 0.044921875
0 0.8515625 0.265625 0.041015625 0.05078125
0 0.81640625 0.330078125 0.037109375 0.044921875
0 0.78515625 0.392578125 0.03515625 0.0390625
0 0.732421875 0.515625 0.046875 0.046875
0 0.669921875 0.66796875 0.044921875 0.046875
0 0.625 0.734375 0.041015625 0.05078125
0 0.59375 0.716796875 0.048828125 0.046875
0 0.560546875 0.67578125 0.0390625 0.03515625
0 0.52734375 0.642578125 0.03125 0.03515625
0 0.48828125 0.603515625 0.04296875 0.046875
0 0.44921875 0.564453125 0.03515625 0.037109375
0 0.61328125 0.830078125 0.0390625 0.041015625
0 0.60546875 0.8671875 0.044921875 0.0234375
0 0.634765625 0.90234375 0.052734375 0.0546875
0 0.580078125 0.8984375 0.0390625 0.041015625
0 0.552734375 0.9296875 0.033203125 0.03515625
0 0.53125 0.958984375 0.03515625 0.03125
0 0.724609375 0.587890625 0.06640625 0.05859375