0 0.90625 0.462890625 0.072265625 0.064453125
0 0.908203125 0.390625 0.060546875 0.056640625
0 0.875 0.662109375 0.072265625 0.064453125
0 0.87890625 0.578125 0.052734375 0.046875
0 0.794921875 0.90625 0.046875 0.033203125
0 0.796875 0.94921875 0.046875 0.033203125
0 0.794921875 0.873046875 0.046875 0.0390625
0 0.798828125 0.83984375 0.044921875 0.033203125
0 0.80859375 0.798828125 0.05078125 0.044921875
0 0.6640625 0.7265625 0.03515625 0.041015625
0 0.669921875 0.796875 0.0234375 0.03515625
0 0.666015625 0.97265625 0.046875 0.041015625
0 0.8828125 0.5 0.04296875 0.021484375
0 0.921875 0.220703125 0.048828125 0.0546875
0 0.9296875 0.02734375 0.044921875 0.041015625
0 0.931640625 0.072265625 0.044921875 0.04296875
0 0.9296875 0.173828125 0.044921875 0.044921875
0 0.931640625 0.1328125 0.044921875 0.041015625
0 0.91015625 0.357421875 0.037109375 0.041015625