0 0.958984375 0.12890625 0.078125 0.10546875
0 0.162109375 0.40234375 0.09765625 0.09765625
0 0.599609375 0.859375 0.0859375 0.0703125
0 0.91015625 0.2421875 0.09375 0.09765625
0 0.703125 0.595703125 0.0859375 0.0859375
0 0.580078125 0.9375 0.08984375 0.0859375
0 0.68359375 0.693359375 0.0859375 0.078125
0 0.638671875 0.798828125 0.078125 0.0703125
0 0.21484375 0.669921875 0.0625 0.0625
0 0.255859375 0.0859375 0.09375 0.07421875
0 0.830078125 0.359375 0.0859375 0.078125
0 0.75 0.501953125 0.0703125 0.078125
0 0.94921875 0.43359375 0.1015625 0.1171875
0 0.986328125 0.271484375 0.02734375 0.09765625
0 0.890625 0.6171875 0.09375 0.078125
0 0.84375 0.79296875 0.09375 0.078125
0 0.79296875 0.970703125 0.1171875 0.05859375
0 0.923828125 0.912109375 0.046875 0.046875
0 0.97265625 0.65625 0.0546875 0.078125
0 0.830078125 0.51953125 0.0625 0.07421875