0 0.75 0.947265625 0.09765625 0.080078125
0 0.669921875 0.408203125 0.080078125 0.064453125
0 0.7265625 0.81640625 0.09765625 0.076171875
0 0.736328125 0.720703125 0.076171875 0.068359375
0 0.970703125 0.095703125 0.05859375 0.08203125
0 0.6953125 0.50390625 0.091796875 0.064453125
0 0.56640625 0.107421875 0.1171875 0.1171875
0 0.609375 0.189453125 0.078125 0.072265625
0 0.63671875 0.259765625 0.078125 0.064453125
0 0.716796875 0.6328125 0.06640625 0.072265625
0 0.666015625 0.658203125 0.0625 0.044921875