0 0.130859375 0.39453125 0.1015625 0.10546875
0 0.0703125 0.841796875 0.09375 0.087890625
0 0.951171875 0.93359375 0.064453125 0.068359375
0 0.28125 0.0390625 0.0859375 0.076171875
0 0.13671875 0.583984375 0.08984375 0.087890625
0 0.76953125 0.095703125 0.080078125 0.076171875
0 0.890625 0.646484375 0.072265625 0.068359375
0 0.630859375 0.4375 0.048828125 0.052734375
0 0.615234375 0.0703125 0.064453125 0.060546875
0 0.619140625 0.185546875 0.056640625 0.056640625
0 0.6171875 0.265625 0.052734375 0.048828125
0 0.623046875 0.3671875 0.056640625 0.056640625
0 0.6640625 0.771484375 0.048828125 0.044921875
0 0.705078125 0.974609375 0.0703125 0.05078125
0 0.453125 0.576171875 0.048828125 0.041015625
0 0.453125 0.64453125 0.041015625 0.033203125
0 0.443359375 0.517578125 0.044921875 0.037109375
0 0.654296875 0.580078125 0.052734375 0.048828125
0 0.474609375 0.861328125 0.041015625 0.037109375
0 0.69140625 0.912109375 0.041015625 0.041015625
0 0.810546875 0.3515625 0.08984375 0.072265625
0 0.640625 0.515625 0.041015625 0.041015625
0 0.29296875 0.8203125 0.052734375 0.052734375
0 0.455078125 0.681640625 0.037109375 0.033203125
0 0.458984375 0.2734375 0.037109375 0.033203125
0 0.48046875 0.927734375 0.037109375 0.033203125
0 0.677734375 0.869140625 0.037109375 0.037109375
0 0.458984375 0.099609375 0.044921875 0.037109375
0 0.673828125 0.8203125 0.044921875 0.037109375
0 0.458984375 0.77734375 0.037109375 0.033203125
0 0.462890625 0.31640625 0.037109375 0.037109375
0 0.482421875 0.958984375 0.033203125 0.0234375
0 0.458984375 0.712890625 0.037109375 0.033203125
0 0.447265625 0.615234375 0.044921875 0.037109375
0 0.423828125 0.412109375 0.037109375 0.033203125
0 0.455078125 0.009765625 0.044921875 0.01953125
0 0.791015625 0.208984375 0.037109375 0.033203125
0 0.4765625 0.81640625 0.044921875 0.037109375
0 0.134765625 0.181640625 0.115234375 0.115234375
0 0.28515625 0.287109375 0.0703125 0.0703125
0 0.283203125 0.5390625 0.0703125 0.06640625
0 0.244140625 0.154296875 0.046875 0.0546875
0 0.658203125 0.689453125 0.05078125 0.0546875
0 0.794921875 0.2421875 0.03125 0.0234375
0 0.798828125 0.28125 0.037109375 0.03125
0 0.76953125 0.037109375 0.0390625 0.025390625
0 0.857421875 0.0078125 0.056640625 0.015625
0 0.458984375 0.03515625 0.0390625 0.029296875
0 0.4609375 0.0703125 0.033203125 0.033203125
0 0.462890625 0.134765625 0.04296875 0.03125
0 0.470703125 0.1953125 0.03515625 0.03125
0 0.466796875 0.21875 0.037109375 0.01953125
0 0.470703125 0.244140625 0.03125 0.02734375
0 0.46875 0.294921875 0.033203125 0.0234375
0 0.44921875 0.341796875 0.029296875 0.029296875
0 0.4375 0.36328125 0.041015625 0.029296875
0 0.4296875 0.38671875 0.033203125 0.029296875
0 0.421875 0.4375 0.03125 0.02734375
0 0.4296875 0.458984375 0.037109375 0.0234375
0 0.435546875 0.48828125 0.041015625 0.03515625
0 0.46484375 0.75 0.03125 0.029296875
0 0.4765625 0.89453125 0.033203125 0.03515625