0 0.650390625 0.81640625 0.083984375 0.09375
0 0.55859375 0.876953125 0.091796875 0.0859375
0 0.248046875 0.076171875 0.1015625 0.08984375
0 0.216796875 0.19140625 0.091796875 0.080078125
0 0.19140625 0.310546875 0.08984375 0.08203125
0 0.15625 0.435546875 0.1015625 0.0859375
0 0.162109375 0.625 0.09765625 0.091796875
0 0.15234375 0.732421875 0.08984375 0.06640625
0 0.208984375 0.91796875 0.12109375 0.111328125
0 0.505859375 0.763671875 0.072265625 0.0625
0 0.474609375 0.826171875 0.068359375 0.052734375
0 0.419921875 0.962890625 0.11328125 0.07421875
0 0.751953125 0.740234375 0.087890625 0.0703125
0 0.861328125 0.6484375 0.083984375 0.08984375