0 0.90234375 0.046875 0.0625 0.0625
0 0.82421875 0.431640625 0.0546875 0.046875
0 0.81640625 0.609375 0.046875 0.0390625
0 0.8125 0.658203125 0.0625 0.046875
0 0.82421875 0.4765625 0.046875 0.0390625
0 0.861328125 0.271484375 0.0546875 0.046875
0 0.75 0.921875 0.07421875 0.05859375
0 0.818359375 0.525390625 0.0703125 0.0625
0 0.83984375 0.375 0.0390625 0.0390625
0 0.83984375 0.31640625 0.078125 0.06640625
0 0.88671875 0.12890625 0.0703125 0.04296875
0 0.869140625 0.22265625 0.0546875 0.046875
0 0.771484375 0.693359375 0.05859375 0.0546875
0 0.7421875 0.8046875 0.046875 0.0390625
0 0.8125 0.810546875 0.046875 0.0390625
0 0.81640625 0.931640625 0.0390625 0.046875