0 0.3515625 0.505859375 0.064453125 0.076171875
0 0.40234375 0.4921875 0.056640625 0.0546875
0 0.400390625 0.322265625 0.083984375 0.080078125
0 0.44140625 0.755859375 0.076171875 0.076171875
0 0.392578125 0.037109375 0.076171875 0.064453125
0 0.568359375 0.365234375 0.072265625 0.060546875
0 0.447265625 0.916015625 0.080078125 0.080078125
0 0.4453125 0.560546875 0.076171875 0.064453125
0 0.3515625 0.611328125 0.056640625 0.068359375
0 0.447265625 0.833984375 0.087890625 0.072265625
0 0.564453125 0.310546875 0.064453125 0.048828125
0 0.4375 0.6875 0.060546875 0.0546875
0 0.419921875 0.158203125 0.072265625 0.072265625
0 0.384765625 0.232421875 0.076171875 0.076171875
0 0.576171875 0.43359375 0.0390625 0.0546875
0 0.330078125 0.55859375 0.048828125 0.0390625
0 0.4453125 0.478515625 0.05078125 0.06640625
0 0.392578125 0.455078125 0.041015625 0.04296875
0 0.34765625 0.140625 0.080078125 0.06640625