0 0.07421875 0.525390625 0.0703125 0.078125
0 0.3984375 0.38671875 0.0546875 0.0546875
0 0.380859375 0.705078125 0.0390625 0.0390625
0 0.376953125 0.029296875 0.0546875 0.0546875
0 0.697265625 0.232421875 0.03125 0.04296875
0 0.3984375 0.552734375 0.06640625 0.0625
0 0.40234375 0.458984375 0.0546875 0.0546875
0 0.384765625 0.220703125 0.0546875 0.046875
0 0.388671875 0.279296875 0.046875 0.0390625
0 0.060546875 0.3671875 0.078125 0.0859375
0 0.041015625 0.189453125 0.08203125 0.0859375
0 0.0390625 0.029296875 0.078125 0.05859375
0 0.708984375 0.12890625 0.046875 0.0390625
0 0.705078125 0.1640625 0.046875 0.0390625
0 0.705078125 0.201171875 0.046875 0.03125
0 0.818359375 0.080078125 0.03515625 0.0390625
0 0.828125 0.421875 0.046875 0.04296875
0 0.8359375 0.46875 0.0546875 0.046875
0 0.697265625 0.263671875 0.03125 0.0390625
0 0.57421875 0.923828125 0.1015625 0.0859375