0 0.736328125 0.279296875 0.091796875 0.076171875
0 0.7578125 0.38671875 0.072265625 0.072265625
0 0.828125 0.701171875 0.076171875 0.072265625
0 0.76953125 0.935546875 0.064453125 0.080078125
0 0.734375 0.185546875 0.080078125 0.072265625
0 0.798828125 0.859375 0.064453125 0.072265625
0 0.806640625 0.580078125 0.080078125 0.072265625
0 0.77734375 0.484375 0.087890625 0.087890625
0 0.83203125 0.767578125 0.068359375 0.076171875
0 0.8203125 0.638671875 0.068359375 0.060546875
0 0.248046875 0.138671875 0.05859375 0.056640625
0 0.2421875 0.255859375 0.0390625 0.041015625
0 0.228515625 0.41796875 0.048828125 0.05859375
0 0.279296875 0.353515625 0.037109375 0.04296875