0 0.61328125 0.08203125 0.078125 0.0703125
0 0.896484375 0.83203125 0.1015625 0.09375
0 0.818359375 0.6796875 0.0859375 0.078125
0 0.474609375 0.03515625 0.078125 0.0703125
0 0.7734375 0.6171875 0.0859375 0.0625
0 0.265625 0.828125 0.08984375 0.0859375
0 0.25 0.75390625 0.08203125 0.078125
0 0.52734375 0.12109375 0.07421875 0.0703125
0 0.30859375 0.904296875 0.0859375 0.0703125
0 0.751953125 0.5625 0.0859375 0.0625
0 0.66015625 0.037109375 0.078125 0.0625
0 0.861328125 0.75 0.078125 0.0703125
0 0.212890625 0.689453125 0.078125 0.0546875
0 0.515625 0.0625 0.06640625 0.0546875
0 0.357421875 0.01171875 0.0859375 0.0234375
0 0.69140625 0.45703125 0.0625 0.0625
0 0.94921875 0.892578125 0.0625 0.0703125
0 0.71875 0.505859375 0.046875 0.046875
0 0.658203125 0.41796875 0.046875 0.05078125
0 0.587890625 0.31640625 0.0625 0.046875
0 0.189453125 0.60546875 0.06640625 0.05859375
0 0.3359375 0.978515625 0.06640625 0.04296875
0 0.392578125 0.9375 0.0546875 0.05078125