0 0.763671875 0.552734375 0.044921875 0.041015625
0 0.765625 0.419921875 0.041015625 0.041015625
0 0.763671875 0.328125 0.044921875 0.044921875
0 0.765625 0.595703125 0.041015625 0.037109375
0 0.767578125 0.50390625 0.037109375 0.033203125
0 0.794921875 0.0703125 0.048828125 0.052734375
0 0.76171875 0.634765625 0.041015625 0.037109375
0 0.7734375 0.13671875 0.056640625 0.056640625
0 0.767578125 0.462890625 0.044921875 0.041015625
0 0.73046875 0.498046875 0.048828125 0.052734375
0 0.76171875 0.373046875 0.041015625 0.037109375
0 0.72265625 0.328125 0.0546875 0.0546875
0 0.765625 0.693359375 0.048828125 0.04296875
0 0.763671875 0.28515625 0.03515625 0.0390625
0 0.73828125 0.21484375 0.0625 0.05859375
0 0.76953125 0.2421875 0.048828125 0.0546875
0 0.82421875 0.041015625 0.041015625 0.05078125