0 0.80078125 0.125 0.078125 0.078125
0 0.3359375 0.21484375 0.0859375 0.078125
0 0.74609375 0.822265625 0.0859375 0.078125
0 0.451171875 0.982421875 0.06640625 0.03515625
0 0.341796875 0.138671875 0.078125 0.078125
0 0.4296875 0.833984375 0.078125 0.0703125
0 0.388671875 0.44921875 0.046875 0.0234375
0 0.4375 0.953125 0.03515625 0.0234375
0 0.39453125 0.66015625 0.0546875 0.046875
0 0.37890625 0.34375 0.046875 0.0234375
0 0.435546875 0.88671875 0.0625 0.0390625
0 0.388671875 0.591796875 0.0703125 0.0546875
0 0.380859375 0.291015625 0.0390625 0.0234375
0 0.388671875 0.515625 0.0625 0.0390625
0 0.384765625 0.39453125 0.0546875 0.03125
0 0.3046875 0.0390625 0.0859375 0.078125
0 0.70703125 0.953125 0.078125 0.078125
0 0.38671875 0.5390625 0.0625 0.0546875
0 0.392578125 0.490234375 0.0625 0.046875
0 0.75 0.720703125 0.0625 0.0625
0 0.751953125 0.490234375 0.0546875 0.05859375
0 0.767578125 0.36328125 0.0390625 0.0390625
0 0.80859375 0.2421875 0.0546875 0.046875
0 0.4375 0.93359375 0.02734375 0.01953125
0 0.44140625 0.9140625 0.0234375 0.015625
0 0.41796875 0.75390625 0.0234375 0.02734375
0 0.412109375 0.72265625 0.01953125 0.01953125
0 0.40234375 0.693359375 0.0234375 0.0234375
0 0.39453125 0.625 0.0234375 0.02734375
0 0.33984375 0.255859375 0.046875 0.046875
0 0.390625 0.26953125 0.03125 0.0234375
0 0.388671875 0.423828125 0.03125 0.0234375
0 0.380859375 0.369140625 0.03125 0.03125
0 0.380859375 0.318359375 0.0234375 0.03125
0 0.046875 0.1328125 0.0390625 0.04296875
0 0.029296875 0.05078125 0.0546875 0.08203125