0 0.96484375 0.107421875 0.0703125 0.0703125
0 0.42578125 0.55859375 0.078125 0.0703125
0 0.4375 0.470703125 0.0546875 0.0625
0 0.955078125 0.435546875 0.0703125 0.0703125
0 0.40234375 0.41796875 0.078125 0.0625
0 0.658203125 0.9375 0.0703125 0.0546875
0 0.6171875 0.978515625 0.0546875 0.04296875
0 0.701171875 0.8828125 0.078125 0.0546875
0 0.732421875 0.833984375 0.05078125 0.046875
0 0.767578125 0.7890625 0.09375 0.0546875
0 0.923828125 0.68359375 0.05078125 0.046875
0 0.923828125 0.583984375 0.06640625 0.0546875
0 0.421875 0.630859375 0.0859375 0.078125
0 0.349609375 0.74609375 0.0546875 0.05078125
0 0.361328125 0.796875 0.05859375 0.05078125
0 0.474609375 0.919921875 0.0703125 0.06640625
0 0.515625 0.97265625 0.046875 0.04296875