0 0.490234375 0.46484375 0.1171875 0.12109375
0 0.548828125 0.064453125 0.08203125 0.078125
0 0.373046875 0.806640625 0.09375 0.09765625
0 0.587890625 0.837890625 0.10546875 0.10546875
0 0.76953125 0.857421875 0.10546875 0.11328125
0 0.552734375 0.685546875 0.10546875 0.1015625
0 0.58203125 0.1484375 0.0859375 0.0859375
0 0.333984375 0.494140625 0.0859375 0.08984375
0 0.41796875 0.2265625 0.1171875 0.11328125
0 0.595703125 0.228515625 0.0859375 0.0703125
0 0.4609375 0.806640625 0.08984375 0.078125
0 0.63671875 0.63671875 0.10546875 0.09375
0 0.384765625 0.580078125 0.0859375 0.0859375
0 0.51171875 0.890625 0.0859375 0.078125
0 0.4296875 0.70703125 0.0859375 0.0859375
0 0.60546875 0.400390625 0.0859375 0.078125
0 0.796875 0.30078125 0.0703125 0.0546875
0 0.1640625 0.1796875 0.0859375 0.0859375
0 0.7890625 0.25390625 0.078125 0.0625
0 0.751953125 0.021484375 0.06640625 0.04296875
0 0.302734375 0.607421875 0.09375 0.09375
0 0.8046875 0.369140625 0.0625 0.0703125
0 0.779296875 0.1953125 0.046875 0.0390625
0 0.755859375 0.041015625 0.05859375 0.03515625
0 0.828125 0.54296875 0.046875 0.046875
0 0.8359375 0.59375 0.0625 0.0625
0 0.814453125 0.4375 0.0546875 0.05078125
0 0.82421875 0.5 0.046875 0.0546875
0 0.595703125 0.3125 0.0625 0.0546875
0 0.306640625 0.3984375 0.0625 0.0625
0 0.18359375 0.32421875 0.0546875 0.0859375
0 0.201171875 0.43359375 0.05078125 0.0625