0 0.560546875 0.353515625 0.078125 0.0546875
0 0.568359375 0.318359375 0.078125 0.0546875
0 0.62109375 0.224609375 0.046875 0.046875
0 0.337890625 0.744140625 0.03515625 0.0390625
0 0.361328125 0.69140625 0.04296875 0.0390625
0 0.3828125 0.65625 0.046875 0.0390625
0 0.451171875 0.515625 0.04296875 0.0546875
0 0.3125 0.80078125 0.0546875 0.0625
0 0.265625 0.904296875 0.046875 0.046875
0 0.287109375 0.861328125 0.0546875 0.05859375
0 0.23828125 0.92578125 0.046875 0.046875
0 0.490234375 0.49609375 0.03125 0.03125
0 0.5078125 0.462890625 0.03125 0.03125
0 0.6796875 0.1328125 0.0390625 0.0390625
0 0.662109375 0.1640625 0.03125 0.03125