0 0.640625 0.93359375 0.11328125 0.1171875
0 0.361328125 0.95703125 0.109375 0.083984375
0 0.248046875 0.6875 0.140625 0.109375
0 0.673828125 0.826171875 0.072265625 0.087890625
0 0.734375 0.8671875 0.087890625 0.09765625
0 0.54296875 0.779296875 0.109375 0.1171875
0 0.587890625 0.705078125 0.080078125 0.080078125
0 0.103515625 0.5625 0.126953125 0.10546875
0 0.029296875 0.419921875 0.046875 0.056640625
0 0.314453125 0.833984375 0.09765625 0.11328125
0 0.5078125 0.595703125 0.05078125 0.05859375
0 0.455078125 0.650390625 0.0546875 0.072265625
0 0.509765625 0.654296875 0.06640625 0.0625
0 0.669921875 0.634765625 0.072265625 0.078125
0 0.640625 0.78515625 0.044921875 0.044921875
0 0.76171875 0.955078125 0.154296875 0.087890625