0 0.134765625 0.3984375 0.076171875 0.080078125
0 0.203125 0.50390625 0.083984375 0.080078125
0 0.185546875 0.36328125 0.056640625 0.080078125
0 0.0234375 0.01953125 0.046875 0.0390625
0 0.0390625 0.494140625 0.076171875 0.068359375
0 0.23828125 0.119140625 0.091796875 0.0703125
0 0.208984375 0.1953125 0.0859375 0.076171875
0 0.1328125 0.646484375 0.06640625 0.0703125
0 0.125 0.76953125 0.05859375 0.078125
0 0.146484375 0.876953125 0.052734375 0.068359375
0 0.162109375 0.978515625 0.09765625 0.041015625