0 0.796875 0.05078125 0.060546875 0.060546875
0 0.849609375 0.169921875 0.060546875 0.056640625
0 0.951171875 0.44921875 0.048828125 0.044921875
0 0.896484375 0.287109375 0.052734375 0.048828125
0 0.97265625 0.572265625 0.0546875 0.04296875
0 0.828125 0.119140625 0.060546875 0.060546875
0 0.939453125 0.412109375 0.048828125 0.041015625
0 0.9140625 0.33203125 0.044921875 0.037109375
0 0.923828125 0.373046875 0.048828125 0.044921875
0 0.95703125 0.490234375 0.044921875 0.037109375
0 0.970703125 0.52734375 0.05859375 0.046875
0 0.87109375 0.22265625 0.048828125 0.048828125
0 0.982421875 0.615234375 0.03515625 0.04296875
0 0.9921875 0.6640625 0.015625 0.03125
0 0.533203125 0.267578125 0.0390625 0.04296875
0 0.537109375 0.3125 0.033203125 0.0390625
0 0.55078125 0.3515625 0.033203125 0.03125
0 0.58203125 0.390625 0.04296875 0.037109375
0 0.4140625 0.03515625 0.033203125 0.033203125
0 0.439453125 0.07421875 0.046875 0.037109375
0 0.49609375 0.01171875 0.046875 0.0234375
0 0.56640625 0.16796875 0.044921875 0.037109375
0 0.65625 0.408203125 0.041015625 0.037109375
0 0.66796875 0.44921875 0.03515625 0.037109375
0 0.423828125 0.3828125 0.0390625 0.037109375
0 0.43359375 0.4296875 0.041015625 0.03515625
0 0.44140625 0.47265625 0.033203125 0.03515625