0 0.685546875 0.283203125 0.0703125 0.078125
0 0.9140625 0.8203125 0.09375 0.0859375
0 0.65234375 0.8125 0.0703125 0.078125
0 0.619140625 0.654296875 0.078125 0.078125
0 0.51953125 0.6875 0.0625 0.078125
0 0.603515625 0.419921875 0.0859375 0.09765625
0 0.8203125 0.880859375 0.0859375 0.09375
0 0.583984375 0.255859375 0.078125 0.0859375
0 0.74609375 0.767578125 0.078125 0.0859375
0 0.716796875 0.94921875 0.08203125 0.078125
0 0.482421875 0.884765625 0.06640625 0.0703125
0 0.208984375 0.958984375 0.046875 0.046875
0 0.294921875 0.365234375 0.078125 0.0859375
0 0.302734375 0.9296875 0.12890625 0.140625
0 0.55859375 0.890625 0.078125 0.09765625
0 0.181640625 0.64453125 0.0546875 0.0546875
0 0.1875 0.734375 0.0625 0.0546875
0 0.849609375 0.640625 0.0703125 0.0625
0 0.4375 0.6953125 0.0546875 0.0546875
0 0.193359375 0.892578125 0.0390625 0.046875
0 0.478515625 0.443359375 0.078125 0.0703125
0 0.3828125 0.013671875 0.0390625 0.02734375
0 0.1875 0.8125 0.046875 0.046875
0 0.3515625 0.705078125 0.03125 0.03125
0 0.158203125 0.56640625 0.0390625 0.046875
0 0.376953125 0.109375 0.0390625 0.03125
0 0.369140625 0.251953125 0.02734375 0.0390625
0 0.357421875 0.64453125 0.0390625 0.03125
0 0.294921875 0.46484375 0.1015625 0.09375
0 0.404296875 0.48046875 0.0390625 0.0390625
0 0.501953125 0.966796875 0.0703125 0.0625
0 0.470703125 0.826171875 0.07421875 0.078125
0 0.458984375 0.759765625 0.0859375 0.0703125
0 0.40625 0.43359375 0.0390625 0.03515625
0 0.40234375 0.373046875 0.05859375 0.046875
0 0.41015625 0.32421875 0.0625 0.046875
0 0.3828125 0.0390625 0.03515625 0.03125
0 0.384765625 0.068359375 0.03125 0.03125
0 0.380859375 0.140625 0.03125 0.03125
0 0.376953125 0.177734375 0.0234375 0.0390625
0 0.37109375 0.216796875 0.03125 0.0390625
0 0.3671875 0.283203125 0.02734375 0.03125
0 0.3671875 0.314453125 0.02734375 0.02734375
0 0.369140625 0.337890625 0.02734375 0.03125
0 0.365234375 0.369140625 0.0234375 0.0234375
0 0.359375 0.400390625 0.03125 0.03125
0 0.35546875 0.529296875 0.03125 0.0390625
0 0.35546875 0.572265625 0.03125 0.04296875
0 0.35546875 0.609375 0.03125 0.03515625
0 0.35546875 0.66796875 0.0234375 0.0234375
0 0.349609375 0.73828125 0.0234375 0.03515625
0 0.345703125 0.775390625 0.02734375 0.03125
0 0.341796875 0.80859375 0.02734375 0.0390625