0 0.388671875 0.333984375 0.060546875 0.064453125
0 0.412109375 0.978515625 0.05859375 0.04296875
0 0.384765625 0.58203125 0.068359375 0.068359375
0 0.3828125 0.46484375 0.064453125 0.068359375
0 0.392578125 0.771484375 0.060546875 0.068359375
0 0.404296875 0.150390625 0.068359375 0.068359375
0 0.384765625 0.671875 0.05859375 0.05859375
0 0.40234375 0.873046875 0.05078125 0.048828125
0 0.46875 0.349609375 0.052734375 0.0625
0 0.455078125 0.58203125 0.0390625 0.05078125
0 0.451171875 0.638671875 0.048828125 0.05078125