0 0.5390625 0.11328125 0.05859375 0.0546875
0 0.513671875 0.060546875 0.0546875 0.0546875
0 0.544921875 0.158203125 0.0625 0.0390625
0 0.54296875 0.1953125 0.05859375 0.0390625
0 0.53515625 0.2265625 0.0625 0.046875
0 0.5390625 0.259765625 0.05859375 0.04296875
0 0.529296875 0.28515625 0.0703125 0.04296875
0 0.630859375 0.55078125 0.06640625 0.0234375
0 0.625 0.4765625 0.06640625 0.04296875
0 0.638671875 0.583984375 0.05078125 0.0390625
0 0.6484375 0.65625 0.04296875 0.0390625
0 0.640625 0.6171875 0.0546875 0.04296875
0 0.05078125 0.48828125 0.0703125 0.0703125
0 0.0234375 0.349609375 0.046875 0.0703125
0 0.501953125 0.009765625 0.05078125 0.01953125
0 0.087890625 0.56640625 0.0625 0.0625
0 0.044921875 0.693359375 0.0546875 0.0625
0 0.150390625 0.7578125 0.04296875 0.0546875
0 0.123046875 0.73046875 0.046875 0.06640625
0 0.154296875 0.849609375 0.06640625 0.0625
0 0.0625 0.751953125 0.0390625 0.0390625
0 0.05078125 0.8046875 0.08203125 0.06640625