0 0.431640625 0.05078125 0.048828125 0.037109375
0 0.90234375 0.9453125 0.064453125 0.060546875
0 0.09765625 0.611328125 0.041015625 0.037109375
0 0.208984375 0.39453125 0.056640625 0.048828125
0 0.234375 0.357421875 0.048828125 0.037109375
0 0.1328125 0.53515625 0.048828125 0.037109375
0 0.078125 0.654296875 0.044921875 0.037109375
0 0.390625 0.125 0.048828125 0.048828125
0 0.955078125 0.767578125 0.048828125 0.05859375
0 0.9765625 0.71484375 0.046875 0.0546875
0 0.052734375 0.689453125 0.033203125 0.03515625
0 0.03515625 0.740234375 0.044921875 0.037109375
0 0.009765625 0.828125 0.01953125 0.0390625
0 0.115234375 0.580078125 0.03515625 0.03515625
0 0.15234375 0.505859375 0.0390625 0.0390625
0 0.171875 0.470703125 0.046875 0.048828125
0 0.189453125 0.439453125 0.04296875 0.037109375
0 0.251953125 0.314453125 0.0390625 0.048828125
0 0.330078125 0.216796875 0.03125 0.033203125
0 0.34765625 0.185546875 0.03125 0.03515625
0 0.4140625 0.09375 0.033203125 0.04296875
0 0.447265625 0.009765625 0.052734375 0.01953125