0 0.72265625 0.287109375 0.10546875 0.0859375
0 0.65234375 0.12109375 0.0859375 0.078125
0 0.341796875 0.095703125 0.09765625 0.09375
0 0.525390625 0.779296875 0.0859375 0.0859375
0 0.876953125 0.646484375 0.09375 0.09375
0 0.939453125 0.83203125 0.09765625 0.09375
0 0.48046875 0.681640625 0.078125 0.078125
0 0.8046875 0.4609375 0.09375 0.09375
0 0.435546875 0.55859375 0.09765625 0.0859375
0 0.30078125 0.013671875 0.1171875 0.02734375
0 0.365234375 0.22265625 0.0859375 0.0703125
0 0.962890625 0.9765625 0.05859375 0.046875
0 0.423828125 0.462890625 0.0859375 0.0859375
0 0.400390625 0.34765625 0.09375 0.109375
0 0.453125 0.74609375 0.05859375 0.05078125
0 0.55078125 0.875 0.0625 0.06640625
0 0.572265625 0.9765625 0.06640625 0.046875