0 0.619140625 0.431640625 0.08984375 0.0859375
0 0.0703125 0.615234375 0.1171875 0.125
0 0.296875 0.83203125 0.125 0.125
0 0.130859375 0.744140625 0.1171875 0.109375
0 0.84765625 0.517578125 0.109375 0.1171875
0 0.74609375 0.375 0.1015625 0.0859375
0 0.20703125 0.82421875 0.10546875 0.125
0 0.392578125 0.8125 0.10546875 0.109375
0 0.65234375 0.20703125 0.09765625 0.109375
0 0.529296875 0.951171875 0.09375 0.09765625
0 0.4453125 0.8828125 0.08984375 0.0859375
0 0.794921875 0.69140625 0.1015625 0.1015625
0 0.72265625 0.607421875 0.09375 0.09375
0 0.392578125 0.96484375 0.11328125 0.0703125
0 0.669921875 0.525390625 0.09375 0.0859375
0 0.453125 0.189453125 0.09765625 0.09765625
0 0.55078125 0.103515625 0.10546875 0.09375
0 0.3984375 0.279296875 0.078125 0.0703125
0 0.3671875 0.041015625 0.1015625 0.078125
0 0.599609375 0.970703125 0.08984375 0.05859375
0 0.5078125 0.267578125 0.1015625 0.09375
0 0.404296875 0.337890625 0.078125 0.0546875
0 0.423828125 0.1015625 0.0859375 0.0859375
0 0.431640625 0.43359375 0.0703125 0.0546875
0 0.423828125 0.380859375 0.078125 0.0546875
0 0.564453125 0.341796875 0.078125 0.0703125
0 0.37109375 0.177734375 0.078125 0.0625
0 0.388671875 0.23046875 0.0625 0.0625
0 0.857421875 0.767578125 0.09765625 0.09375
0 0.447265625 0.48828125 0.078125 0.0625
0 0.353515625 0.1171875 0.078125 0.0625
0 0.470703125 0.541015625 0.078125 0.0546875
0 0.48046875 0.04296875 0.09375 0.0859375
0 0.5 0.5859375 0.0703125 0.046875
0 0.380859375 0.208984375 0.0703125 0.0703125
0 0.556640625 0.626953125 0.09375 0.0703125
0 0.55078125 0.873046875 0.078125 0.0703125
0 0.51953125 0.751953125 0.1015625 0.078125
0 0.935546875 0.625 0.109375 0.09375
0 0.98828125 0.7265625 0.0234375 0.09375
0 0.955078125 0.8359375 0.05078125 0.0625
0 0.978515625 0.9375 0.04296875 0.046875
0 0.91015625 0.912109375 0.046875 0.05859375
0 0.84375 0.900390625 0.0390625 0.03515625
0 0.681640625 0.990234375 0.0859375 0.01953125
0 0.224609375 0.71875 0.0703125 0.0703125
0 0.83984375 0.865234375 0.0390625 0.03125
0 0.828125 0.83203125 0.046875 0.03515625
0 0.794921875 0.802734375 0.05078125 0.0390625
0 0.775390625 0.765625 0.0390625 0.04296875
0 0.748046875 0.740234375 0.046875 0.0390625
0 0.7265625 0.720703125 0.0546875 0.046875
0 0.681640625 0.697265625 0.05078125 0.0546875
0 0.654296875 0.67578125 0.0703125 0.0703125
0 0.62109375 0.65234375 0.0625 0.0625
0 0.57421875 0.79296875 0.0390625 0.046875
0 0.603515625 0.81640625 0.046875 0.0546875
0 0.642578125 0.8359375 0.046875 0.0625
0 0.677734375 0.841796875 0.0390625 0.0703125
0 0.708984375 0.857421875 0.03125 0.06640625
0 0.736328125 0.87109375 0.03125 0.0703125
0 0.771484375 0.8828125 0.0390625 0.08203125