0 0.44140625 0.6171875 0.0703125 0.0703125
0 0.458984375 0.439453125 0.078125 0.078125
0 0.5390625 0.818359375 0.0546875 0.0546875
0 0.3828125 0.9140625 0.046875 0.046875
0 0.451171875 0.05859375 0.0703125 0.0625
0 0.4609375 0.248046875 0.12890625 0.12890625
0 0.3828125 0.943359375 0.03125 0.03125
0 0.384765625 0.974609375 0.03125 0.03125
0 0.396484375 0.84375 0.02734375 0.03125
0 0.396484375 0.80859375 0.0234375 0.03125
0 0.3984375 0.775390625 0.02734375 0.03125
0 0.404296875 0.744140625 0.0234375 0.02734375
0 0.404296875 0.71484375 0.01953125 0.0234375
0 0.408203125 0.6875 0.0390625 0.0390625
0 0.626953125 0.640625 0.078125 0.07421875
0 0.634765625 0.501953125 0.0859375 0.078125
0 0.615234375 0.396484375 0.0625 0.046875
0 0.619140625 0.263671875 0.0625 0.07421875
0 0.59375 0.1015625 0.0625 0.05859375
0 0.45703125 0.96875 0.0625 0.046875