0 0.236328125 0.447265625 0.046875 0.0390625
0 0.234375 0.580078125 0.0390625 0.0390625
0 0.236328125 0.671875 0.04296875 0.046875
0 0.234375 0.404296875 0.04296875 0.0390625
0 0.232421875 0.49609375 0.0390625 0.03125
0 0.205078125 0.9296875 0.046875 0.0546875
0 0.23828125 0.365234375 0.04296875 0.0390625
0 0.2265625 0.86328125 0.05859375 0.0546875
0 0.232421875 0.537109375 0.046875 0.0390625
0 0.26953125 0.501953125 0.046875 0.0546875
0 0.23828125 0.626953125 0.0390625 0.0390625
0 0.27734375 0.671875 0.0546875 0.0546875
0 0.234375 0.306640625 0.05078125 0.04296875
0 0.236328125 0.71484375 0.03515625 0.0390625
0 0.26171875 0.78515625 0.0625 0.05859375
0 0.23046875 0.7578125 0.05078125 0.0546875
0 0.17578125 0.958984375 0.0390625 0.05078125