0 0.041015625 0.87109375 0.080078125 0.10546875
0 0.837890625 0.59765625 0.09765625 0.09765625
0 0.400390625 0.140625 0.083984375 0.072265625
0 0.08984375 0.7578125 0.091796875 0.09765625
0 0.296875 0.404296875 0.083984375 0.083984375
0 0.419921875 0.0625 0.087890625 0.083984375
0 0.31640625 0.306640625 0.0859375 0.076171875
0 0.361328125 0.201171875 0.078125 0.072265625
0 0.78515625 0.330078125 0.060546875 0.060546875
0 0.744140625 0.9140625 0.091796875 0.07421875
0 0.169921875 0.640625 0.083984375 0.080078125
0 0.25 0.498046875 0.0703125 0.078125
0 0.05078125 0.56640625 0.1015625 0.1171875
0 0.013671875 0.728515625 0.02734375 0.09765625
0 0.109375 0.3828125 0.09375 0.080078125
0 0.15625 0.20703125 0.091796875 0.076171875
0 0.20703125 0.029296875 0.115234375 0.05859375
0 0.076171875 0.087890625 0.046875 0.046875
0 0.02734375 0.34375 0.052734375 0.080078125
0 0.169921875 0.48046875 0.0625 0.072265625