0 0.880859375 0.5546875 0.109375 0.109375
0 0.025390625 0.33203125 0.05078125 0.046875
0 0.814453125 0.26953125 0.0859375 0.0859375
0 0.857421875 0.123046875 0.09375 0.09375
0 0.8203125 0.8046875 0.0859375 0.09375
0 0.05078125 0.25390625 0.0625 0.06640625
0 0.908203125 0.765625 0.0703125 0.0703125
0 0.759765625 0.126953125 0.078125 0.078125
0 0.716796875 0.048828125 0.08203125 0.07421875
0 0.82421875 0.013671875 0.09375 0.02734375
0 0.208984375 0.056640625 0.046875 0.046875
0 0.861328125 0.435546875 0.1015625 0.0859375
0 0.7578125 0.591796875 0.078125 0.09765625
0 0.259765625 0.24609375 0.05078125 0.046875
0 0.564453125 0.013671875 0.078125 0.02734375
0 0.244140625 0.1796875 0.03515625 0.0390625
0 0.23046875 0.115234375 0.0390625 0.0390625
0 0.2890625 0.32421875 0.0546875 0.0546875
0 0.4609375 0.3671875 0.0390625 0.03125
0 0.462890625 0.6171875 0.0625 0.0625
0 0.37109375 0.201171875 0.0390625 0.03125
0 0.02734375 0.2109375 0.0546875 0.0703125
0 0.10546875 0.3984375 0.06640625 0.0625
0 0.03515625 0.4296875 0.0625 0.0546875
0 0.3203125 0.3984375 0.0546875 0.046875
0 0.62890625 0.20703125 0.0703125 0.0859375
0 0.1328125 0.478515625 0.0546875 0.0625
0 0.34375 0.455078125 0.04296875 0.0390625
0 0.09375 0.32421875 0.0859375 0.078125
0 0.15234375 0.5546875 0.078125 0.06640625
0 0.9609375 0.853515625 0.0625 0.04296875
0 0.689453125 0.779296875 0.0546875 0.03125
0 0.638671875 0.681640625 0.0390625 0.03125
0 0.62890625 0.65234375 0.04296875 0.03125
0 0.6015625 0.595703125 0.0390625 0.03125
0 0.705078125 0.41015625 0.109375 0.0703125
0 0.51953125 0.33984375 0.1015625 0.078125
0 0.52734375 0.41015625 0.046875 0.04296875
0 0.501953125 0.068359375 0.0625 0.05859375
0 0.4921875 0.009765625 0.0625 0.015625
0 0.30859375 0.041015625 0.171875 0.08203125
0 0.326171875 0.0859375 0.03125 0.0234375
0 0.33203125 0.109375 0.0234375 0.0234375
0 0.341796875 0.134765625 0.02734375 0.02734375
0 0.357421875 0.16796875 0.03125 0.0390625
0 0.3828125 0.228515625 0.02734375 0.0234375
0 0.408203125 0.255859375 0.04296875 0.0390625
0 0.423828125 0.28515625 0.0234375 0.0234375
0 0.439453125 0.30859375 0.03125 0.0390625
0 0.4453125 0.341796875 0.0234375 0.02734375
0 0.48046875 0.39453125 0.03125 0.03125
0 0.48828125 0.421875 0.03125 0.02734375
0 0.498046875 0.4453125 0.0234375 0.01953125
0 0.513671875 0.46875 0.03125 0.0234375
0 0.53515625 0.478515625 0.0234375 0.0234375
0 0.533203125 0.498046875 0.03125 0.0234375
0 0.54296875 0.5234375 0.0546875 0.0234375
0 0.56640625 0.544921875 0.03125 0.0234375
0 0.580078125 0.568359375 0.0234375 0.0234375
0 0.931640625 0.255859375 0.1328125 0.125
0 0.96875 0.095703125 0.0625 0.10546875