0 0.72265625 0.31640625 0.076171875 0.068359375
0 0.7578125 0.806640625 0.080078125 0.080078125
0 0.748046875 0.73828125 0.08984375 0.072265625
0 0.744140625 0.671875 0.080078125 0.068359375
0 0.7109375 0.392578125 0.076171875 0.068359375
0 0.642578125 0.87890625 0.068359375 0.056640625
0 0.720703125 0.8671875 0.056640625 0.072265625
0 0.6171875 0.974609375 0.0625 0.05078125
0 0.72265625 0.533203125 0.068359375 0.064453125
0 0.625 0.796875 0.068359375 0.060546875
0 0.732421875 0.60546875 0.072265625 0.072265625
0 0.787109375 0.625 0.076171875 0.072265625
0 0.76953125 0.482421875 0.080078125 0.060546875
0 0.6484375 0.93359375 0.072265625 0.060546875
0 0.6484375 0.75 0.072265625 0.064453125
0 0.697265625 0.97265625 0.06640625 0.0546875
0 0.451171875 0.677734375 0.0625 0.060546875
0 0.47265625 0.755859375 0.060546875 0.041015625
0 0.546875 0.751953125 0.03515625 0.037109375
0 0.498046875 0.857421875 0.056640625 0.056640625
0 0.533203125 0.880859375 0.060546875 0.046875
0 0.716796875 0.267578125 0.068359375 0.05859375
0 0.708984375 0.46875 0.06640625 0.056640625
0 0.818359375 0.78515625 0.044921875 0.046875
0 0.814453125 0.720703125 0.046875 0.041015625
0 0.845703125 0.740234375 0.037109375 0.03125
0 0.763671875 0.982421875 0.056640625 0.03515625
0 0.57421875 0.943359375 0.06640625 0.06640625
0 0.525390625 0.974609375 0.068359375 0.05078125
0 0.603515625 0.830078125 0.05078125 0.048828125
0 0.57421875 0.861328125 0.080078125 0.0703125