0 0.154296875 0.892578125 0.0703125 0.0625
0 0.16015625 0.79296875 0.078125 0.0703125
0 0.15234375 0.724609375 0.078125 0.0625
0 0.109375 0.408203125 0.06640625 0.0546875
0 0.16015625 0.85546875 0.0703125 0.0390625
0 0.181640625 0.154296875 0.07421875 0.078125
0 0.11328125 0.455078125 0.06640625 0.0546875
0 0.833984375 0.5390625 0.04296875 0.0390625
0 0.81640625 0.58984375 0.04296875 0.0390625
0 0.810546875 0.65234375 0.046875 0.046875
0 0.8046875 0.708984375 0.03515625 0.04296875
0 0.859375 0.427734375 0.05078125 0.03125
0 0.890625 0.365234375 0.0390625 0.03515625
0 0.91796875 0.314453125 0.046875 0.046875