0 0.75390625 0.193359375 0.0859375 0.08203125
0 0.833984375 0.12109375 0.078125 0.078125
0 0.861328125 0.2578125 0.09375 0.078125
0 0.96484375 0.69921875 0.0703125 0.078125
0 0.927734375 0.55078125 0.09765625 0.0859375
0 0.89453125 0.40234375 0.078125 0.078125
0 0.033203125 0.037109375 0.0625 0.07421875
0 0.98828125 0.072265625 0.0234375 0.10546875
0 0.05078125 0.908203125 0.078125 0.08203125
0 0.865234375 0.041015625 0.06640625 0.0703125
0 0.705078125 0.09765625 0.078125 0.0625
0 0.8203125 0.4921875 0.046875 0.0546875