0 0.392578125 0.51953125 0.140625 0.12890625
0 0.470703125 0.787109375 0.1328125 0.14453125
0 0.962890625 0.181640625 0.072265625 0.14453125
0 0.68359375 0.431640625 0.1015625 0.10546875
0 0.0390625 0.92578125 0.076171875 0.109375
0 0.3515625 0.291015625 0.10546875 0.12109375
0 0.599609375 0.1484375 0.109375 0.11328125
0 0.791015625 0.658203125 0.10546875 0.10546875
0 0.857421875 0.849609375 0.091796875 0.091796875
0 0.259765625 0.0234375 0.15234375 0.046875
0 0.55859375 0.986328125 0.125 0.02734375
0 0.333984375 0.646484375 0.0546875 0.0390625
0 0.33984375 0.6875 0.05859375 0.0390625
0 0.345703125 0.72265625 0.056640625 0.041015625
0 0.341796875 0.806640625 0.046875 0.044921875
0 0.337890625 0.763671875 0.060546875 0.0390625
0 0.33203125 0.845703125 0.052734375 0.05078125
0 0.337890625 0.89453125 0.044921875 0.0390625
0 0.33984375 0.935546875 0.04296875 0.033203125
0 0.34765625 0.98046875 0.052734375 0.0390625
0 0.37890625 0.890625 0.0390625 0.052734375
0 0.388671875 0.9453125 0.0625 0.046875
0 0.41015625 0.982421875 0.06640625 0.033203125
0 0.37109375 0.8515625 0.04296875 0.03515625