0 0.814453125 0.9375 0.10546875 0.09375
0 0.5625 0.427734375 0.1015625 0.09765625
0 0.8125 0.490234375 0.1171875 0.109375
0 0.685546875 0.873046875 0.078125 0.078125
0 0.498046875 0.98828125 0.0703125 0.0234375
0 0.529296875 0.326171875 0.1015625 0.0859375
0 0.484375 0.189453125 0.07421875 0.0546875
0 0.49609375 0.947265625 0.05859375 0.046875
0 0.609375 0.8671875 0.0859375 0.078125
0 0.505859375 0.2421875 0.09375 0.0625
0 0.271484375 0.310546875 0.0703125 0.046875
0 0.48828125 0.90234375 0.0625 0.046875
0 0.427734375 0.7109375 0.07421875 0.0625
0 0.369140625 0.576171875 0.0859375 0.0546875
0 0.35546875 0.533203125 0.0703125 0.0546875
0 0.298828125 0.357421875 0.0703125 0.0625
0 0.705078125 0.9375 0.06640625 0.0703125
0 0.31640625 0.443359375 0.078125 0.0546875
0 0.369140625 0.751953125 0.0625 0.046875
0 0.4140625 0.66015625 0.078125 0.0546875
0 0.302734375 0.39453125 0.0625 0.046875
0 0.244140625 0.23046875 0.06640625 0.046875
0 0.359375 0.6796875 0.0703125 0.078125
0 0.306640625 0.03125 0.06640625 0.0625
0 0.326171875 0.482421875 0.078125 0.0546875
0 0.267578125 0.271484375 0.0703125 0.046875
0 0.37890625 0.806640625 0.0703125 0.0703125
0 0.23828125 0.154296875 0.0625 0.0390625
0 0.244140625 0.19140625 0.06640625 0.0390625
0 0.669921875 0.1796875 0.11328125 0.1015625
0 0.38671875 0.857421875 0.0703125 0.0625
0 0.86328125 0.701171875 0.0703125 0.0703125
0 0.810546875 0.830078125 0.0625 0.0546875
0 0.67578125 0.814453125 0.06640625 0.0546875
0 0.671875 0.7265625 0.0546875 0.0390625
0 0.646484375 0.66796875 0.0703125 0.0546875
0 0.447265625 0.06640625 0.0546875 0.046875
0 0.4375 0.02734375 0.03125 0.0234375
0 0.607421875 0.046875 0.078125 0.0703125
0 0.751953125 0.365234375 0.1015625 0.12109375
0 0.689453125 0.287109375 0.07421875 0.046875
0 0.25390625 0.08984375 0.0390625 0.02734375
0 0.228515625 0.115234375 0.03125 0.0234375
0 0.189453125 0.166015625 0.03515625 0.03125
0 0.2421875 0.05078125 0.04296875 0.03515625
0 0.234375 0.017578125 0.0390625 0.03515625
0 0.392578125 0.62890625 0.0546875 0.0390625
0 0.55859375 0.60546875 0.06640625 0.078125
0 0.630859375 0.955078125 0.07421875 0.0703125
0 0.365234375 0.01953125 0.0546875 0.0390625
0 0.291015625 0.09765625 0.0703125 0.07421875