0 0.552734375 0.51171875 0.0625 0.0703125
0 0.55078125 0.31640625 0.0703125 0.078125
0 0.57421875 0.921875 0.078125 0.078125
0 0.55859375 0.724609375 0.0546875 0.0625
0 0.5703125 0.814453125 0.0546875 0.0625
0 0.548828125 0.203125 0.0546875 0.0703125
0 0.560546875 0.119140625 0.0546875 0.0703125
0 0.564453125 0.619140625 0.046875 0.0625
0 0.548828125 0.412109375 0.0546875 0.046875
0 0.509765625 0.9375 0.0390625 0.03125
0 0.5078125 0.890625 0.04296875 0.0390625
0 0.57421875 0.98828125 0.0625 0.0234375