0 0.1171875 0.0625 0.087890625 0.091796875
0 0.158203125 0.25390625 0.080078125 0.080078125
0 0.1796875 0.345703125 0.083984375 0.076171875
0 0.3046875 0.82421875 0.083984375 0.068359375
0 0.224609375 0.533203125 0.083984375 0.072265625
0 0.033203125 0.17578125 0.064453125 0.1015625
0 0.27734375 0.72265625 0.072265625 0.072265625
0 0.24609375 0.623046875 0.080078125 0.076171875
0 0.203125 0.4375 0.076171875 0.076171875
0 0.009765625 0.32421875 0.01953125 0.1171875
0 0.634765625 0.912109375 0.068359375 0.072265625
0 0.30859375 0.087890625 0.078125 0.072265625
0 0.173828125 0.07421875 0.03125 0.05078125
0 0.333984375 0.96484375 0.078125 0.0703125
0 0.6484375 0.623046875 0.08203125 0.0703125
0 0.73828125 0.796875 0.078125 0.068359375
0 0.783203125 0.884765625 0.07421875 0.0546875