0 0.763671875 0.890625 0.078125 0.0625
0 0.642578125 0.73046875 0.0859375 0.0859375
0 0.677734375 0.119140625 0.0703125 0.0625
0 0.720703125 0.83203125 0.078125 0.0625
0 0.716796875 0.625 0.0546875 0.0546875
0 0.763671875 0.98046875 0.08203125 0.0390625
0 0.767578125 0.939453125 0.078125 0.0546875
0 0.666015625 0.017578125 0.08203125 0.03515625
0 0.7109375 0.796875 0.0859375 0.0546875
0 0.767578125 0.759765625 0.0546875 0.05078125
0 0.654296875 0.54296875 0.03125 0.03125
0 0.705078125 0.55859375 0.0546875 0.05078125
0 0.75390625 0.57421875 0.046875 0.0390625
0 0.650390625 0.4765625 0.05859375 0.046875
0 0.654296875 0.384765625 0.0625 0.0625
0 0.6796875 0.162109375 0.0546875 0.0390625
0 0.693359375 0.197265625 0.0546875 0.0390625
0 0.7109375 0.322265625 0.0546875 0.0390625
0 0.716796875 0.35546875 0.0546875 0.03125
0 0.7265625 0.390625 0.0546875 0.0390625
0 0.728515625 0.42578125 0.05078125 0.0390625
0 0.732421875 0.4609375 0.0390625 0.0390625
0 0.767578125 0.61328125 0.04296875 0.0390625
0 0.76953125 0.650390625 0.0390625 0.046875
0 0.791015625 0.83203125 0.046875 0.05078125