0 0.236328125 0.638671875 0.09375 0.078125
0 0.13671875 0.8359375 0.0625 0.08203125
0 0.18359375 0.833984375 0.04296875 0.0546875
0 0.232421875 0.77734375 0.0625 0.0703125
0 0.1875 0.765625 0.0390625 0.046875
0 0.189453125 0.6953125 0.05078125 0.0390625
0 0.21484375 0.88671875 0.078125 0.0859375
0 0.169921875 0.958984375 0.046875 0.0546875
0 0.205078125 0.609375 0.05078125 0.046875
0 0.251953125 0.51171875 0.0625 0.0546875
0 0.240234375 0.376953125 0.07421875 0.078125
0 0.2265625 0.328125 0.0546875 0.046875
0 0.236328125 0.26953125 0.046875 0.0546875
0 0.220703125 0.728515625 0.0625 0.0546875
0 0.171875 0.7421875 0.0546875 0.046875
0 0.150390625 0.771484375 0.03125 0.03125
0 0.138671875 0.787109375 0.0546875 0.03125
0 0.23828125 0.201171875 0.046875 0.05078125