0 0.763671875 0.361328125 0.091796875 0.076171875
0 0.86328125 0.1640625 0.0625 0.08203125
0 0.81640625 0.166015625 0.041015625 0.056640625
0 0.767578125 0.22265625 0.0625 0.0703125
0 0.8125 0.234375 0.0390625 0.048828125
0 0.810546875 0.3046875 0.05078125 0.037109375
0 0.78515625 0.11328125 0.078125 0.083984375
0 0.830078125 0.041015625 0.044921875 0.052734375
0 0.794921875 0.390625 0.048828125 0.046875
0 0.748046875 0.48828125 0.0625 0.056640625
0 0.759765625 0.623046875 0.072265625 0.076171875
0 0.7734375 0.671875 0.0546875 0.044921875
0 0.763671875 0.73046875 0.046875 0.0546875
0 0.779296875 0.271484375 0.060546875 0.0546875
0 0.828125 0.2578125 0.0546875 0.044921875
0 0.849609375 0.228515625 0.03125 0.03125
0 0.861328125 0.212890625 0.056640625 0.029296875
0 0.76171875 0.798828125 0.046875 0.05078125