0 0.185546875 0.95703125 0.10546875 0.083984375
0 0.064453125 0.5 0.10546875 0.087890625
0 0.2890625 0.349609375 0.091796875 0.076171875
0 0.306640625 0.447265625 0.10546875 0.09765625
0 0.212890625 0.73046875 0.09765625 0.10546875
0 0.3359375 0.6171875 0.091796875 0.087890625
0 0.32421875 0.708984375 0.1015625 0.087890625
0 0.552734375 0.779296875 0.09765625 0.083984375
0 0.421875 0.248046875 0.076171875 0.083984375
0 0.599609375 0.05859375 0.076171875 0.076171875
0 0.162109375 0.853515625 0.09765625 0.083984375
0 0.482421875 0.822265625 0.0703125 0.06640625
0 0.115234375 0.662109375 0.091796875 0.087890625
0 0.376953125 0.087890625 0.083984375 0.080078125
0 0.330078125 0.537109375 0.10546875 0.080078125
0 0.056640625 0.38671875 0.10546875 0.087890625
0 0.197265625 0.58203125 0.080078125 0.076171875
0 0.361328125 0.861328125 0.1015625 0.091796875
0 0.490234375 0.072265625 0.083984375 0.087890625
0 0.48828125 0.34765625 0.087890625 0.064453125
0 0.498046875 0.5703125 0.091796875 0.060546875
0 0.505859375 0.875 0.068359375 0.056640625
0 0.48828125 0.283203125 0.087890625 0.064453125
0 0.01171875 0.072265625 0.0234375 0.12109375
0 0.361328125 0.015625 0.08984375 0.03125
0 0.572265625 0.87890625 0.072265625 0.072265625
0 0.484375 0.1875 0.072265625 0.060546875
0 0.291015625 0.966796875 0.072265625 0.064453125
0 0.48828125 0.130859375 0.080078125 0.060546875
0 0.310546875 0.888671875 0.087890625 0.091796875
0 0.490234375 0.404296875 0.076171875 0.060546875
0 0.4453125 0.693359375 0.068359375 0.048828125
0 0.453125 0.654296875 0.083984375 0.060546875
0 0.447265625 0.748046875 0.072265625 0.076171875
0 0.501953125 0.95703125 0.052734375 0.052734375
0 0.10546875 0.76953125 0.087890625 0.09765625
0 0.494140625 0.513671875 0.083984375 0.068359375
0 0.505859375 0.982421875 0.060546875 0.02734375
0 0.537109375 0.697265625 0.05859375 0.078125
0 0.25 0.15625 0.091796875 0.080078125
0 0.236328125 0.064453125 0.080078125 0.07421875
0 0.037109375 0.755859375 0.0625 0.05859375
0 0.037109375 0.212890625 0.07421875 0.11328125
0 0.390625 0.1796875 0.078125 0.0546875
0 0.486328125 0.236328125 0.06640625 0.04296875
0 0.4921875 0.0234375 0.09765625 0.046875