0 0.09765625 0.953125 0.0625 0.0625
0 0.17578125 0.568359375 0.0546875 0.046875
0 0.18359375 0.390625 0.046875 0.0390625
0 0.1875 0.341796875 0.0625 0.046875
0 0.17578125 0.5234375 0.046875 0.0390625
0 0.138671875 0.728515625 0.0546875 0.046875
0 0.25 0.078125 0.07421875 0.05859375
0 0.181640625 0.474609375 0.0703125 0.0625
0 0.16015625 0.625 0.04296875 0.0390625
0 0.16015625 0.68359375 0.078125 0.06640625
0 0.11328125 0.87109375 0.07421875 0.04296875
0 0.130859375 0.77734375 0.0546875 0.046875
0 0.228515625 0.306640625 0.05859375 0.0546875
0 0.2578125 0.1953125 0.046875 0.0390625
0 0.1875 0.189453125 0.046875 0.0390625
0 0.18359375 0.068359375 0.0390625 0.046875