0 0.708984375 0.546875 0.0703125 0.06640625
0 0.669921875 0.478515625 0.06640625 0.0625
0 0.6484375 0.404296875 0.0546875 0.05078125
0 0.615234375 0.3515625 0.046875 0.0546875
0 0.580078125 0.279296875 0.04296875 0.04296875
0 0.55859375 0.212890625 0.05859375 0.0546875
0 0.529296875 0.150390625 0.046875 0.046875
0 0.48046875 0.111328125 0.0546875 0.046875
0 0.47265625 0.03515625 0.046875 0.046875
0 0.564453125 0.580078125 0.05078125 0.05859375
0 0.46875 0.521484375 0.0625 0.0703125
0 0.380859375 0.453125 0.05078125 0.04296875
0 0.298828125 0.404296875 0.05078125 0.0390625
0 0.15234375 0.283203125 0.0546875 0.0625
0 0.0859375 0.21484375 0.0390625 0.0390625