0 0.13671875 0.177734375 0.0625 0.046875
0 0.61328125 0.193359375 0.046875 0.03125
0 0.2109375 0.51953125 0.0859375 0.0703125
0 0.564453125 0.314453125 0.0703125 0.0703125
0 0.509765625 0.158203125 0.078125 0.0703125
0 0.953125 0.22265625 0.0703125 0.0703125
0 0.232421875 0.638671875 0.0625 0.0625
0 0.26953125 0.826171875 0.0703125 0.0546875
0 0.1484375 0.228515625 0.0703125 0.0546875
0 0.111328125 0.10546875 0.0703125 0.0546875
0 0.1796875 0.330078125 0.078125 0.046875
0 0.767578125 0.96484375 0.0859375 0.0625
0 0.623046875 0.26171875 0.0625 0.0546875
0 0.224609375 0.58984375 0.0703125 0.0625
0 0.685546875 0.861328125 0.0625 0.0703125
0 0.73828125 0.875 0.0703125 0.0546875
0 0.64453125 0.70703125 0.0625 0.0546875
0 0.939453125 0.162109375 0.0625 0.046875
0 0.712890625 0.826171875 0.0859375 0.046875
0 0.193359375 0.404296875 0.0625 0.046875
0 0.201171875 0.44921875 0.0625 0.0625
0 0.189453125 0.3671875 0.0703125 0.0390625
0 0.107421875 0.046875 0.0625 0.046875
0 0.62890625 0.294921875 0.0546875 0.046875
0 0.68359375 0.7421875 0.0625 0.0625
0 0.6484375 0.537109375 0.0625 0.046875
0 0.58984375 0.451171875 0.0703125 0.0625
0 0.62890625 0.361328125 0.046875 0.0390625
0 0.244140625 0.732421875 0.0625 0.0546875
0 0.638671875 0.423828125 0.0546875 0.0390625
0 0.63671875 0.390625 0.0546875 0.0390625
0 0.646484375 0.4921875 0.0625 0.046875
0 0.458984375 0.0234375 0.06640625 0.046875
0 0.66796875 0.669921875 0.04296875 0.03125
0 0.16796875 0.29296875 0.0703125 0.046875
0 0.9765625 0.291015625 0.046875 0.07421875
0 0.875 0.064453125 0.078125 0.0625
0 0.658203125 0.603515625 0.0390625 0.03515625
0 0.64453125 0.462890625 0.046875 0.0390625
0 0.748046875 0.923828125 0.078125 0.046875
0 0.80078125 0.083984375 0.0703125 0.0546875
0 0.23828125 0.697265625 0.0625 0.0546875
0 0.2734375 0.869140625 0.0703125 0.0546875
0 0.900390625 0.125 0.0859375 0.0703125
0 0.263671875 0.79296875 0.0703125 0.0546875
0 0.697265625 0.79296875 0.078125 0.046875
0 0.255859375 0.76953125 0.0625 0.0546875
0 0.712890625 0.572265625 0.0703125 0.0703125
0 0.0234375 0.0390625 0.046875 0.0625
0 0.515625 0.05859375 0.046875 0.03515625
0 0.54296875 0.08203125 0.0546875 0.0390625
0 0.564453125 0.111328125 0.0546875 0.03515625
0 0.58203125 0.1328125 0.0625 0.0390625
0 0.6015625 0.162109375 0.046875 0.03125
0 0.62109375 0.224609375 0.0390625 0.03125
0 0.16015625 0.2578125 0.0390625 0.03125
0 0.1171875 0.140625 0.03125 0.03515625
0 0.0859375 0.009765625 0.0390625 0.01953125
0 0.626953125 0.326171875 0.02734375 0.03125
0 0.650390625 0.572265625 0.0390625 0.0390625
0 0.623046875 0.609375 0.0390625 0.0546875
0 0.6875 0.966796875 0.05859375 0.0546875