0 0.439453125 0.748046875 0.08984375 0.0859375
0 0.69921875 0.48828125 0.109375 0.10546875
0 0.69140625 0.380859375 0.1015625 0.0859375
0 0.404296875 0.037109375 0.078125 0.0703125
0 0.4765625 0.498046875 0.09765625 0.0859375
0 0.6484375 0.890625 0.09765625 0.0859375
0 0.650390625 0.201171875 0.09375 0.09765625
0 0.7265625 0.81640625 0.078125 0.0859375
0 0.7265625 0.697265625 0.10546875 0.09765625
0 0.423828125 0.837890625 0.078125 0.078125
0 0.63671875 0.1015625 0.0859375 0.0859375
0 0.70703125 0.580078125 0.109375 0.09765625
0 0.4765625 0.576171875 0.09765625 0.0703125
0 0.666015625 0.294921875 0.0859375 0.078125
0 0.494140625 0.271484375 0.109375 0.0703125
0 0.51171875 0.033203125 0.08203125 0.0625
0 0.4921875 0.41796875 0.0859375 0.0859375
0 0.478515625 0.169921875 0.1015625 0.078125
0 0.396484375 0.140625 0.0859375 0.078125
0 0.62890625 0.025390625 0.0859375 0.05078125
0 0.552734375 0.541015625 0.078125 0.0625
0 0.45703125 0.9296875 0.0703125 0.0625
0 0.724609375 0.93359375 0.0859375 0.09375
0 0.498046875 0.783203125 0.06640625 0.0625
0 0.498046875 0.345703125 0.1015625 0.0703125
0 0.43359375 0.978515625 0.078125 0.04296875
0 0.5625 0.451171875 0.0625 0.0625
0 0.68359375 0.98046875 0.078125 0.0390625
0 0.4921875 0.095703125 0.08984375 0.0625
0 0.45703125 0.658203125 0.0625 0.0546875
0 0.427734375 0.619140625 0.078125 0.078125
0 0.865234375 0.705078125 0.0703125 0.078125
0 0.52734375 0.70703125 0.0625 0.0625
0 0.984375 0.798828125 0.03125 0.07421875
0 0.486328125 0.857421875 0.05859375 0.0625
0 0.529296875 0.669921875 0.0703125 0.046875
0 0.373046875 0.98046875 0.07421875 0.0390625
0 0.39453125 0.916015625 0.078125 0.078125
0 0.982421875 0.6875 0.03515625 0.0703125
0 0.865234375 0.91796875 0.10546875 0.08203125
0 0.876953125 0.8203125 0.109375 0.09375
0 0.818359375 0.375 0.10546875 0.09375
0 0.794921875 0.26171875 0.109375 0.0859375
0 0.78515625 0.14453125 0.11328125 0.09375
0 0.763671875 0.04296875 0.1015625 0.0859375
0 0.6640625 0.78125 0.0859375 0.08203125
0 0.537109375 0.630859375 0.0703125 0.05078125
0 0.568359375 0.376953125 0.0546875 0.046875
0 0.5390625 0.306640625 0.0546875 0.0625
0 0.302734375 0.982421875 0.06640625 0.03515625
0 0.111328125 0.810546875 0.0625 0.046875