0 0.7890625 0.322265625 0.072265625 0.072265625
0 0.77734375 0.4453125 0.08984375 0.083984375
0 0.533203125 0.18359375 0.0859375 0.076171875
0 0.89453125 0.46484375 0.080078125 0.076171875
0 0.51953125 0.080078125 0.076171875 0.072265625
0 0.8359375 0.38671875 0.0859375 0.080078125
0 0.953125 0.541015625 0.0859375 0.080078125
0 0.69140625 0.279296875 0.060546875 0.060546875
0 0.85546875 0.533203125 0.076171875 0.064453125
0 0.572265625 0.01953125 0.07421875 0.0390625
0 0.095703125 0.958984375 0.060546875 0.056640625
0 0.755859375 0.23828125 0.06640625 0.05859375
0 0.6328125 0.21875 0.046875 0.05859375
0 0.64453125 0.087890625 0.046875 0.052734375
0 0.572265625 0.1484375 0.056640625 0.048828125
0 0.416015625 0.072265625 0.09375 0.087890625
0 0.455078125 0.01953125 0.109375 0.0390625
0 0.984375 0.603515625 0.03125 0.07421875