0 0.158203125 0.53515625 0.09765625 0.1015625
0 0.9375 0.5234375 0.09375 0.09765625
0 0.8671875 0.60546875 0.0859375 0.09765625
0 0.04296875 0.373046875 0.0859375 0.1015625
0 0.83984375 0.39453125 0.0859375 0.0859375
0 0.662109375 0.08984375 0.0859375 0.0859375
0 0.67578125 0.283203125 0.09375 0.0859375
0 0.7421875 0.236328125 0.09765625 0.0859375
0 0.6484375 0.203125 0.0859375 0.0859375
0 0.6171875 0.0234375 0.0859375 0.046875
0 0.279296875 0.7421875 0.1171875 0.10546875
0 0.349609375 0.052734375 0.0390625 0.03125
0 0.32421875 0.025390625 0.0390625 0.03125