0 0.27734375 0.853515625 0.14453125 0.125
0 0.455078125 0.58203125 0.12109375 0.1171875
0 0.5859375 0.39453125 0.125 0.11328125
0 0.291015625 0.361328125 0.09765625 0.09375
0 0.873046875 0.310546875 0.0859375 0.09765625
0 0.8203125 0.1484375 0.09375 0.09765625
0 0.947265625 0.49609375 0.10546875 0.09765625
0 0.130859375 0.1328125 0.1015625 0.09765625
0 0.123046875 0.619140625 0.1015625 0.1015625
0 0.435546875 0.162109375 0.11328125 0.11328125
0 0.943359375 0.32421875 0.0703125 0.0546875
0 0.587890625 0.7890625 0.09765625 0.09375
0 0.982421875 0.626953125 0.03515625 0.08203125
0 0.931640625 0.27734375 0.0625 0.03125
0 0.93359375 0.37890625 0.0546875 0.05078125
0 0.9375 0.421875 0.09765625 0.06640625
0 0.701171875 0.65234375 0.109375 0.09765625
0 0.826171875 0.935546875 0.08984375 0.078125
0 0.08984375 0.91796875 0.125 0.125
0 0.025390625 0.75390625 0.05078125 0.1171875