0 0.259765625 0.095703125 0.083984375 0.076171875
0 0.37890625 0.3984375 0.08203125 0.076171875
0 0.28515625 0.625 0.04296875 0.044921875
0 0.478515625 0.671875 0.091796875 0.07421875
0 0.302734375 0.7890625 0.0390625 0.037109375
0 0.609375 0.96484375 0.080078125 0.068359375
0 0.79296875 0.90625 0.0546875 0.060546875
0 0.703125 0.65625 0.08203125 0.09765625
0 0.689453125 0.423828125 0.080078125 0.091796875
0 0.63671875 0.1796875 0.083984375 0.083984375
0 0.787109375 0.025390625 0.04296875 0.033203125