0 0.80859375 0.55078125 0.109375 0.1015625
0 0.859375 0.85546875 0.109375 0.11328125
0 0.86328125 0.970703125 0.109375 0.05859375
0 0.80078125 0.470703125 0.10546875 0.0859375
0 0.80078125 0.32421875 0.12109375 0.109375
0 0.251953125 0.7421875 0.078125 0.0625
0 0.78515625 0.130859375 0.09765625 0.09375
0 0.837890625 0.69140625 0.09765625 0.109375
0 0.060546875 0.58203125 0.0703125 0.078125
0 0.7890625 0.025390625 0.078125 0.046875
0 0.96875 0.66015625 0.0625 0.0703125
0 0.478515625 0.8515625 0.0546875 0.05859375
0 0.587890625 0.939453125 0.07421875 0.0703125
0 0.123046875 0.630859375 0.03125 0.03125
0 0.19140625 0.66015625 0.0625 0.0546875