0 0.595703125 0.091796875 0.078125 0.0859375
0 0.154296875 0.564453125 0.08984375 0.09765625
0 0.095703125 0.744140625 0.0859375 0.0859375
0 0.240234375 0.962890625 0.078125 0.0703125
0 0.58203125 0.53515625 0.0703125 0.078125
0 0.267578125 0.7109375 0.0703125 0.078125
0 0.54296875 0.1640625 0.0703125 0.0625
0 0.568359375 0.810546875 0.0859375 0.078125
0 0.2734375 0.203125 0.078125 0.0859375
0 0.49609375 0.388671875 0.078125 0.0859375
0 0.5234375 0.875 0.09375 0.078125
0 0.84765625 0.44921875 0.0703125 0.0703125
0 0.494140625 0.935546875 0.0546875 0.0546875
0 0.515625 0.517578125 0.0546875 0.0546875
0 0.275390625 0.46875 0.046875 0.046875
0 0.623046875 0.228515625 0.0546875 0.0625
0 0.501953125 0.72265625 0.0546875 0.0546875
0 0.201171875 0.369140625 0.0546875 0.046875
0 0.41015625 0.853515625 0.0390625 0.0390625
0 0.865234375 0.724609375 0.0546875 0.0546875
0 0.599609375 0.7421875 0.046875 0.046875
0 0.5234375 0.2421875 0.0546875 0.046875
0 0.412109375 0.986328125 0.0390625 0.02734375
0 0.4140625 0.109375 0.0390625 0.03125
0 0.515625 0.080078125 0.0546875 0.046875
0 0.513671875 0.625 0.046875 0.046875
0 0.41015625 0.939453125 0.0390625 0.03125
0 0.423828125 0.2109375 0.046875 0.046875
0 0.201171875 0.23046875 0.046875 0.0390625
0 0.880859375 0.857421875 0.0546875 0.0546875
0 0.12890625 0.220703125 0.0625 0.0703125
0 0.421875 0.30078125 0.0390625 0.0390625
0 0.216796875 0.845703125 0.0390625 0.02734375
0 0.828125 0.029296875 0.05078125 0.0546875
0 0.84375 0.18359375 0.0546875 0.0546875
0 0.8515625 0.3046875 0.0546875 0.0625
0 0.95703125 0.296875 0.0859375 0.0859375
0 0.3984375 0.0078125 0.046875 0.015625
0 0.408203125 0.0625 0.0390625 0.03125
0 0.419921875 0.1640625 0.0390625 0.03515625
0 0.419921875 0.259765625 0.05078125 0.0390625
0 0.419921875 0.3515625 0.0546875 0.046875
0 0.4140625 0.443359375 0.0546875 0.0390625
0 0.41796875 0.537109375 0.03515625 0.03125
0 0.423828125 0.625 0.03125 0.03515625
0 0.412109375 0.7578125 0.046875 0.046875
0 0.408203125 0.806640625 0.0390625 0.0390625
0 0.4140625 0.8984375 0.03125 0.0390625
0 0.58984375 0.875 0.03515625 0.03125
0 0.591796875 0.908203125 0.03125 0.0234375
0 0.587890625 0.939453125 0.03125 0.0234375
0 0.58984375 0.978515625 0.05078125 0.02734375
0 0.212890625 0.796875 0.04296875 0.046875
0 0.21484375 0.890625 0.0390625 0.04296875
0 0.10546875 0.822265625 0.05859375 0.046875
0 0.125 0.40625 0.0390625 0.046875
0 0.208984375 0.419921875 0.0390625 0.02734375
0 0.2109375 0.4765625 0.0234375 0.03125
0 0.2109375 0.51953125 0.03125 0.03515625
0 0.2109375 0.56640625 0.03125 0.0234375
0 0.208984375 0.701171875 0.0234375 0.0234375
0 0.212890625 0.728515625 0.0234375 0.01953125
0 0.21484375 0.75390625 0.0234375 0.0234375
0 0.203125 0.3203125 0.02734375 0.0234375
0 0.203125 0.27734375 0.03515625 0.0390625
0 0.19921875 0.185546875 0.05078125 0.0390625
0 0.197265625 0.1015625 0.0546875 0.04296875
0 0.205078125 0.015625 0.05078125 0.03125
0 0.626953125 0.267578125 0.04296875 0.04296875
0 0.623046875 0.30859375 0.046875 0.03125
0 0.625 0.33203125 0.046875 0.03515625
0 0.626953125 0.369140625 0.03515625 0.0390625
0 0.619140625 0.580078125 0.0390625 0.03125
0 0.611328125 0.60546875 0.0234375 0.03125
0 0.603515625 0.63671875 0.0234375 0.0234375
0 0.4375 0.708984375 0.08984375 0.0703125
0 0.6015625 0.66796875 0.02734375 0.02734375
0 0.595703125 0.701171875 0.0234375 0.0234375