0 0.5234375 0.548828125 0.0859375 0.0859375
0 0.416015625 0.44140625 0.10546875 0.1015625
0 0.37890625 0.552734375 0.12109375 0.10546875
0 0.5234375 0.66015625 0.0859375 0.0859375
0 0.466796875 0.341796875 0.10546875 0.09765625
0 0.4140625 0.1640625 0.109375 0.1015625
0 0.314453125 0.482421875 0.0703125 0.0625
0 0.37890625 0.921875 0.140625 0.1328125
0 0.529296875 0.884765625 0.08984375 0.08203125
0 0.365234375 0.703125 0.08984375 0.078125
0 0.275390625 0.6640625 0.0625 0.0703125
0 0.357421875 0.619140625 0.0546875 0.046875
0 0.41015625 0.640625 0.0546875 0.0625
0 0.31640625 0.291015625 0.08203125 0.0859375
0 0.373046875 0.0703125 0.0625 0.0625