0 0.185546875 0.0625 0.10546875 0.091796875
0 0.4375 0.572265625 0.1015625 0.09765625
0 0.1875 0.509765625 0.1171875 0.109375
0 0.314453125 0.126953125 0.080078125 0.076171875
0 0.501953125 0.01171875 0.068359375 0.0234375
0 0.470703125 0.673828125 0.1015625 0.087890625
0 0.515625 0.810546875 0.072265625 0.056640625
0 0.50390625 0.052734375 0.056640625 0.048828125
0 0.390625 0.1328125 0.087890625 0.080078125
0 0.494140625 0.7578125 0.091796875 0.064453125
0 0.728515625 0.689453125 0.068359375 0.048828125
0 0.51171875 0.09765625 0.064453125 0.048828125
0 0.572265625 0.2890625 0.072265625 0.060546875
0 0.630859375 0.423828125 0.083984375 0.056640625
0 0.64453125 0.466796875 0.072265625 0.056640625
0 0.701171875 0.642578125 0.072265625 0.060546875
0 0.294921875 0.0625 0.064453125 0.068359375
0 0.68359375 0.556640625 0.076171875 0.056640625
0 0.630859375 0.248046875 0.060546875 0.044921875
0 0.5859375 0.33984375 0.076171875 0.052734375
0 0.697265625 0.60546875 0.064453125 0.048828125
0 0.755859375 0.76953125 0.068359375 0.048828125
0 0.640625 0.3203125 0.072265625 0.076171875
0 0.693359375 0.96875 0.06640625 0.0625
0 0.673828125 0.517578125 0.080078125 0.052734375
0 0.732421875 0.728515625 0.068359375 0.044921875
0 0.62109375 0.193359375 0.072265625 0.072265625
0 0.76171875 0.845703125 0.064453125 0.037109375
0 0.755859375 0.80859375 0.068359375 0.037109375
0 0.330078125 0.8203125 0.11328125 0.1015625
0 0.61328125 0.142578125 0.072265625 0.064453125
0 0.13671875 0.298828125 0.072265625 0.0703125
0 0.189453125 0.169921875 0.060546875 0.052734375
0 0.32421875 0.185546875 0.06640625 0.052734375
0 0.328125 0.2734375 0.0546875 0.0390625
0 0.353515625 0.33203125 0.068359375 0.052734375
0 0.552734375 0.93359375 0.0546875 0.048828125
0 0.5625 0.97265625 0.03125 0.0234375
0 0.392578125 0.953125 0.076171875 0.068359375
0 0.248046875 0.634765625 0.1015625 0.12109375
0 0.310546875 0.712890625 0.07421875 0.046875
0 0.74609375 0.91015625 0.0390625 0.02734375
0 0.771484375 0.884765625 0.033203125 0.0234375
0 0.810546875 0.833984375 0.033203125 0.029296875
0 0.7578125 0.94921875 0.04296875 0.03515625
0 0.765625 0.982421875 0.0390625 0.03515625
0 0.607421875 0.37109375 0.052734375 0.0390625
0 0.44140625 0.39453125 0.06640625 0.080078125
0 0.369140625 0.044921875 0.07421875 0.072265625
0 0.634765625 0.98046875 0.056640625 0.0390625
0 0.708984375 0.90234375 0.0703125 0.07421875