0 0.76953125 0.19140625 0.080078125 0.083984375
0 0.771484375 0.04296875 0.068359375 0.064453125
0 0.77734375 0.111328125 0.0625 0.05078125
0 0.765625 0.2734375 0.068359375 0.05859375
0 0.763671875 0.33984375 0.060546875 0.060546875
0 0.763671875 0.416015625 0.056640625 0.044921875
0 0.759765625 0.478515625 0.044921875 0.046875
0 0.755859375 0.884765625 0.037109375 0.04296875
0 0.755859375 0.85546875 0.0390625 0.02734375
0 0.75 0.828125 0.037109375 0.03515625
0 0.74609375 0.7890625 0.0390625 0.05078125
0 0.740234375 0.638671875 0.033203125 0.025390625
0 0.732421875 0.615234375 0.03515625 0.02734375
0 0.75390625 0.55859375 0.056640625 0.03125
0 0.75 0.51953125 0.068359375 0.048828125