0 0.123046875 0.708984375 0.109375 0.11328125
0 0.07421875 0.181640625 0.1015625 0.09765625
0 0.419921875 0.875 0.078125 0.0703125
0 0.375 0.525390625 0.078125 0.09765625
0 0.41015625 0.947265625 0.078125 0.0703125
0 0.365234375 0.630859375 0.0859375 0.078125
0 0.388671875 0.78515625 0.09375 0.078125
0 0.5859375 0.65625 0.0703125 0.0390625
0 0.611328125 0.857421875 0.0703125 0.0625
0 0.611328125 0.783203125 0.0625 0.046875
0 0.583984375 0.607421875 0.0703125 0.0390625
0 0.640625 0.986328125 0.0625 0.02734375
0 0.62109375 0.91015625 0.0546875 0.046875
0 0.57421875 0.55859375 0.078125 0.0546875
0 0.5546875 0.365234375 0.0546875 0.046875
0 0.173828125 0.912109375 0.109375 0.1015625
0 0.353515625 0.056640625 0.05859375 0.0625
0 0.091796875 0.41015625 0.1015625 0.09765625
0 0.388671875 0.37109375 0.0703125 0.078125
0 0.53515625 0.3125 0.0390625 0.03515625
0 0.501953125 0.015625 0.05078125 0.03125
0 0.5078125 0.064453125 0.04296875 0.04296875