0 0.216796875 0.392578125 0.0859375 0.0703125
0 0.203125 0.330078125 0.1015625 0.0703125
0 0.146484375 0.19921875 0.09375 0.0703125
0 0.947265625 0.08203125 0.0703125 0.0625
0 0.365234375 0.888671875 0.1015625 0.078125
0 0.240234375 0.48046875 0.0859375 0.078125
0 0.169921875 0.26171875 0.0859375 0.0625
0 0.28515625 0.646484375 0.09375 0.0703125
0 0.341796875 0.8125 0.0859375 0.0859375
0 0.3984375 0.966796875 0.09765625 0.0625
0 0.1328125 0.140625 0.0859375 0.0703125
0 0.26171875 0.560546875 0.09765625 0.0703125
0 0.09765625 0.078125 0.09765625 0.078125
0 0.3046875 0.71484375 0.078125 0.0625
0 0.06640625 0.0234375 0.0859375 0.046875