0 0.056640625 0.162109375 0.11328125 0.13671875
0 0.373046875 0.693359375 0.11328125 0.09765625
0 0.375 0.609375 0.1015625 0.09765625
0 0.380859375 0.435546875 0.11328125 0.087890625
0 0.3671875 0.939453125 0.109375 0.087890625
0 0.375 0.521484375 0.1015625 0.091796875
0 0.384765625 0.35546875 0.10546875 0.080078125
0 0.2109375 0.208984375 0.11328125 0.12109375
0 0.37890625 0.2734375 0.09375 0.080078125
0 0.486328125 0.943359375 0.09765625 0.09765625
0 0.404296875 0.98046875 0.09765625 0.033203125
0 0.353515625 0.84765625 0.109375 0.080078125
0 0.359375 0.76953125 0.09375 0.078125
0 0.556640625 0.982421875 0.09765625 0.03515625
0 0.201171875 0.037109375 0.044921875 0.060546875