0 0.044921875 0.49609375 0.087890625 0.0859375
0 0.478515625 0.23046875 0.1328125 0.11328125
0 0.251953125 0.6796875 0.083984375 0.080078125
0 0.33984375 0.0390625 0.125 0.076171875
0 0.099609375 0.111328125 0.076171875 0.076171875
0 0.96484375 0.9375 0.068359375 0.068359375
0 0.8984375 0.322265625 0.080078125 0.076171875
0 0.16015625 0.35546875 0.076171875 0.072265625
0 0.7578125 0.14453125 0.087890625 0.076171875
0 0.87109375 0.240234375 0.09765625 0.0859375
0 0.634765625 0.73828125 0.076171875 0.09375
0 0.046875 0.77734375 0.083984375 0.080078125
0 0.78515625 0.2109375 0.083984375 0.064453125
0 0.80859375 0.267578125 0.083984375 0.072265625
0 0.11328125 0.958984375 0.09765625 0.080078125
0 0.919921875 0.703125 0.080078125 0.068359375
0 0.73046875 0.068359375 0.087890625 0.08984375
0 0.166015625 0.828125 0.087890625 0.1015625
0 0.125 0.212890625 0.087890625 0.076171875
0 0.87890625 0.396484375 0.087890625 0.072265625
0 0.060546875 0.060546875 0.080078125 0.072265625
0 0.5859375 0.5703125 0.068359375 0.056640625
0 0.7109375 0.2578125 0.068359375 0.068359375
0 0.787109375 0.40625 0.064453125 0.060546875
0 0.19921875 0.51171875 0.083984375 0.0859375
0 0.2890625 0.7890625 0.091796875 0.080078125
0 0.3203125 0.970703125 0.083984375 0.056640625
0 0.900390625 0.6171875 0.076171875 0.076171875
0 0.58984375 0.515625 0.076171875 0.060546875
0 0.869140625 0.5234375 0.068359375 0.076171875
0 0.603515625 0.0234375 0.07421875 0.046875
0 0.5234375 0.302734375 0.087890625 0.056640625
0 0.677734375 0.568359375 0.080078125 0.068359375
0 0.30078125 0.876953125 0.083984375 0.076171875
0 0.64453125 0.1015625 0.080078125 0.064453125
0 0.587890625 0.626953125 0.064453125 0.056640625
0 0.751953125 0.333984375 0.068359375 0.060546875
0 0.55859375 0.365234375 0.083984375 0.064453125
0 0.38671875 0.099609375 0.072265625 0.068359375
0 0.91015625 0.46484375 0.083984375 0.056640625
0 0.94140625 0.521484375 0.076171875 0.064453125
0 0.6796875 0.1796875 0.076171875 0.068359375
0 0.859375 0.810546875 0.072265625 0.064453125
0 0.96484375 0.595703125 0.068359375 0.064453125
0 0.587890625 0.41796875 0.087890625 0.064453125
0 0.421875 0.1484375 0.091796875 0.060546875
0 0.62109375 0.462890625 0.087890625 0.060546875
0 0.705078125 0.017578125 0.08203125 0.03515625
0 0.595703125 0.685546875 0.068359375 0.060546875
0 0.802734375 0.7265625 0.072265625 0.068359375
0 0.833984375 0.775390625 0.064453125 0.052734375
0 0.974609375 0.654296875 0.05078125 0.06640625
0 0.71484375 0.630859375 0.125 0.10546875
0 0.94140625 0.892578125 0.076171875 0.052734375
0 0.900390625 0.865234375 0.091796875 0.037109375
0 0.826171875 0.017578125 0.08203125 0.03515625
0 0.82421875 0.462890625 0.076171875 0.060546875
0 0.841796875 0.33203125 0.080078125 0.072265625
0 0.837890625 0.7265625 0.056640625 0.052734375
0 0.013671875 0.259765625 0.02734375 0.048828125
0 0.013671875 0.677734375 0.02734375 0.083984375
0 0.685546875 0.74609375 0.0390625 0.06640625
0 0.734375 0.7421875 0.0703125 0.091796875
0 0.896484375 0.806640625 0.037109375 0.03515625
0 0.935546875 0.77734375 0.05078125 0.044921875
0 0.986328125 0.78125 0.02734375 0.0390625
0 0.96875 0.8359375 0.0625 0.046875
0 0.767578125 0.03515625 0.06640625 0.048828125