0 0.923828125 0.419921875 0.0390625 0.03125
0 0.919921875 0.482421875 0.046875 0.0390625
0 0.923828125 0.3828125 0.0390625 0.03125
0 0.8984375 0.60546875 0.03125 0.03125
0 0.919921875 0.349609375 0.0390625 0.0390625
0 0.92578125 0.017578125 0.03125 0.03515625
0 0.919921875 0.775390625 0.03125 0.02734375
0 0.923828125 0.806640625 0.03125 0.03125
0 0.931640625 0.896484375 0.03125 0.02734375
0 0.916015625 0.2109375 0.03125 0.02734375
0 0.9296875 0.857421875 0.0390625 0.02734375
0 0.919921875 0.24609375 0.03125 0.03125
0 0.068359375 0.8984375 0.05078125 0.05078125
0 0.9140625 0.150390625 0.0390625 0.02734375
0 0.92578125 0.828125 0.0390625 0.02734375
0 0.900390625 0.568359375 0.0390625 0.03125
0 0.037109375 0.837890625 0.0390625 0.04296875
0 0.9453125 0.98828125 0.0390625 0.0234375
0 0.916015625 0.119140625 0.03125 0.02734375
0 0.91015625 0.662109375 0.0390625 0.03125
0 0.916015625 0.18359375 0.03125 0.02734375
0 0.916015625 0.08984375 0.03125 0.02734375
0 0.01953125 0.8125 0.02734375 0.03125
0 0.009765625 0.783203125 0.01953125 0.03125
0 0.103515625 0.95703125 0.0625 0.0546875
0 0.1171875 0.986328125 0.0390625 0.02734375
0 0.935546875 0.96484375 0.0390625 0.0234375
0 0.92578125 0.931640625 0.0234375 0.0234375
0 0.888671875 0.96484375 0.06640625 0.046875
0 0.884765625 0.87890625 0.0546875 0.0625
0 0.880859375 0.7890625 0.0390625 0.046875
0 0.87890625 0.716796875 0.0390625 0.0546875
0 0.873046875 0.658203125 0.046875 0.0390625
0 0.861328125 0.568359375 0.0390625 0.03515625
0 0.873046875 0.3828125 0.046875 0.0625
0 0.87890625 0.279296875 0.0390625 0.046875
0 0.919921875 0.2734375 0.0390625 0.03125
0 0.91796875 0.30859375 0.03515625 0.0390625
0 0.921875 0.052734375 0.03125 0.0390625
0 0.9140625 0.51953125 0.03515625 0.0390625
0 0.892578125 0.53125 0.03125 0.03125
0 0.90625 0.63671875 0.03125 0.0390625
0 0.9140625 0.6875 0.02734375 0.03125
0 0.91796875 0.716796875 0.03125 0.02734375
0 0.91796875 0.748046875 0.03125 0.02734375
0 0.880859375 0.158203125 0.046875 0.046875
0 0.884765625 0.193359375 0.0390625 0.0390625
0 0.89453125 0.046875 0.05078125 0.03125