0 0.091796875 0.53515625 0.09375 0.083984375
0 0.228515625 0.4296875 0.0859375 0.083984375
0 0.041015625 0.376953125 0.080078125 0.091796875
0 0.16796875 0.5078125 0.0859375 0.09765625
0 0.10546875 0.443359375 0.10546875 0.087890625
0 0.171875 0.369140625 0.0859375 0.076171875
0 0.158203125 0.623046875 0.10546875 0.1015625
0 0.287109375 0.48828125 0.080078125 0.064453125
0 0.099609375 0.302734375 0.09375 0.064453125
0 0.421875 0.962890625 0.10546875 0.072265625
0 0.515625 0.970703125 0.09375 0.05859375
0 0.58203125 0.916015625 0.072265625 0.080078125
0 0.111328125 0.353515625 0.044921875 0.056640625
0 0.34765625 0.541015625 0.0625 0.05078125
0 0.3828125 0.6328125 0.0625 0.056640625
0 0.435546875 0.7109375 0.06640625 0.0625
0 0.484375 0.771484375 0.052734375 0.052734375
0 0.51953125 0.83203125 0.0703125 0.0546875
0 0.638671875 0.978515625 0.08203125 0.04296875
0 0.4609375 0.912109375 0.0859375 0.07421875
0 0.41015625 0.826171875 0.060546875 0.0703125
0 0.30859375 0.830078125 0.1015625 0.08203125
0 0.349609375 0.748046875 0.04296875 0.05078125
0 0.27734375 0.673828125 0.0546875 0.091796875
0 0.224609375 0.708984375 0.08984375 0.099609375