0 0.6171875 0.283203125 0.0859375 0.08984375
0 0.75 0.705078125 0.0859375 0.078125
0 0.806640625 0.890625 0.078125 0.0703125
0 0.94140625 0.576171875 0.0546875 0.0546875
0 0.66796875 0.529296875 0.09375 0.1015625
0 0.892578125 0.615234375 0.0546875 0.0546875
0 0.9375 0.197265625 0.046875 0.046875
0 0.974609375 0.46875 0.046875 0.046875
0 0.916015625 0.25390625 0.046875 0.046875
0 0.970703125 0.271484375 0.046875 0.0546875
0 0.890625 0.33203125 0.05078125 0.046875
0 0.955078125 0.34765625 0.04296875 0.046875
0 0.955078125 0.390625 0.03515625 0.03125
0 0.96484375 0.4140625 0.03125 0.0234375
0 0.986328125 0.533203125 0.02734375 0.03125
0 0.908203125 0.453125 0.0390625 0.0390625
0 0.923828125 0.51171875 0.046875 0.04296875
0 0.525390625 0.029296875 0.09375 0.05859375