0 0.515625 0.7890625 0.0859375 0.09375
0 0.376953125 0.978515625 0.10546875 0.04296875
0 0.4140625 0.84375 0.0703125 0.0546875
0 0.595703125 0.787109375 0.0859375 0.0859375
0 0.265625 0.8515625 0.08203125 0.0703125
0 0.390625 0.322265625 0.0703125 0.0703125
0 0.30078125 0.982421875 0.046875 0.03515625
0 0.2578125 0.990234375 0.046875 0.01953125
0 0.244140625 0.958984375 0.03125 0.02734375
0 0.232421875 0.919921875 0.03125 0.03125
0 0.220703125 0.892578125 0.03125 0.02734375
0 0.20703125 0.857421875 0.0390625 0.015625
0 0.193359375 0.919921875 0.046875 0.0703125
0 0.30859375 0.923828125 0.0390625 0.0390625
0 0.36328125 0.91796875 0.046875 0.06640625
0 0.32421875 0.853515625 0.03125 0.03125
0 0.294921875 0.771484375 0.046875 0.046875
0 0.26171875 0.701171875 0.05078125 0.046875
0 0.248046875 0.619140625 0.03125 0.02734375
0 0.228515625 0.47265625 0.03515625 0.03515625
0 0.177734375 0.537109375 0.046875 0.05859375
0 0.2421875 0.783203125 0.0625 0.06640625
0 0.26953125 0.525390625 0.03125 0.0390625
0 0.3046875 0.5703125 0.046875 0.0390625
0 0.330078125 0.6328125 0.03125 0.03515625
0 0.341796875 0.7265625 0.046875 0.0390625
0 0.4296875 0.8828125 0.02734375 0.0234375
0 0.453125 0.904296875 0.0234375 0.0234375
0 0.44140625 0.921875 0.0390625 0.02734375
0 0.44921875 0.96484375 0.0546875 0.046875
0 0.404296875 0.5234375 0.078125 0.06640625
0 0.71484375 0.8671875 0.06640625 0.1015625
0 0.67578125 0.779296875 0.0546875 0.05078125
0 0.625 0.91796875 0.0859375 0.0859375
0 0.361328125 0.150390625 0.0859375 0.078125
0 0.33203125 0.021484375 0.09765625 0.0390625
0 0.427734375 0.751953125 0.08203125 0.1015625
0 0.54296875 0.7265625 0.0390625 0.04296875
0 0.521484375 0.62890625 0.08984375 0.09375
0 0.56640625 0.564453125 0.08203125 0.0546875
0 0.478515625 0.486328125 0.0703125 0.07421875
0 0.4296875 0.453125 0.09765625 0.0859375
0 0.197265625 0.677734375 0.06640625 0.0859375