0 0.2265625 0.29296875 0.080078125 0.060546875
0 0.25390625 0.40625 0.087890625 0.0546875
0 0.271484375 0.443359375 0.083984375 0.044921875
0 0.423828125 0.935546875 0.0703125 0.052734375
0 0.3515625 0.712890625 0.080078125 0.056640625
0 0.3359375 0.666015625 0.083984375 0.064453125
0 0.244140625 0.365234375 0.083984375 0.052734375
0 0.1640625 0.01171875 0.076171875 0.0234375
0 0.177734375 0.04296875 0.068359375 0.044921875
0 0.18359375 0.080078125 0.07421875 0.046875
0 0.19921875 0.119140625 0.068359375 0.046875
0 0.19921875 0.16015625 0.064453125 0.0546875
0 0.21484375 0.203125 0.08203125 0.041015625
0 0.21875 0.2421875 0.078125 0.052734375
0 0.232421875 0.328125 0.072265625 0.04296875
0 0.28515625 0.48046875 0.0859375 0.046875
0 0.302734375 0.513671875 0.083984375 0.0390625
0 0.306640625 0.560546875 0.09375 0.060546875
0 0.369140625 0.759765625 0.0859375 0.0625
0 0.373046875 0.796875 0.0703125 0.033203125
0 0.392578125 0.830078125 0.078125 0.0390625
0 0.40234375 0.869140625 0.072265625 0.04296875
0 0.416015625 0.904296875 0.078125 0.033203125
0 0.439453125 0.974609375 0.06640625 0.05078125