0 0.05859375 0.390625 0.1015625 0.08984375
0 0.23046875 0.576171875 0.078125 0.0859375
0 0.115234375 0.1953125 0.1015625 0.09375
0 0.361328125 0.908203125 0.09375 0.078125
0 0.2890625 0.73046875 0.0859375 0.078125
0 0.283203125 0.951171875 0.10546875 0.09765625
0 0.15234375 0.75 0.0703125 0.0703125
0 0.107421875 0.57421875 0.0859375 0.078125
0 0.212890625 0.759765625 0.0703125 0.0625
0 0.26171875 0.859375 0.09765625 0.078125
0 0.189453125 0.658203125 0.0703125 0.0625
0 0.892578125 0.1796875 0.09375 0.0703125
0 0.193359375 0.44140625 0.08984375 0.1171875
0 0.080078125 0.482421875 0.09765625 0.09375
0 0.154296875 0.314453125 0.078125 0.0703125
0 0.39453125 0.98046875 0.09375 0.0390625
0 0.12109375 0.67578125 0.07421875 0.0703125
0 0.150390625 0.8046875 0.0703125 0.0625
0 0.173828125 0.5546875 0.05859375 0.0625
0 0.14453125 0.482421875 0.0546875 0.0546875
0 0.12890625 0.41015625 0.05859375 0.0625
0 0.123046875 0.357421875 0.04296875 0.05078125
0 0.107421875 0.283203125 0.05078125 0.0625
0 0.076171875 0.220703125 0.05078125 0.04296875
0 0.037109375 0.291015625 0.06640625 0.078125
0 0.017578125 0.189453125 0.03515625 0.0546875
0 0.91015625 0.259765625 0.0859375 0.078125
0 0.923828125 0.365234375 0.12890625 0.109375