0 0.55859375 0.3828125 0.0703125 0.0703125
0 0.541015625 0.560546875 0.078125 0.078125
0 0.4609375 0.181640625 0.0546875 0.0546875
0 0.6171875 0.0859375 0.046875 0.046875
0 0.548828125 0.94140625 0.0703125 0.0625
0 0.5390625 0.751953125 0.125 0.12890625
0 0.6171875 0.056640625 0.03125 0.03125
0 0.615234375 0.025390625 0.03125 0.03125
0 0.603515625 0.15625 0.02734375 0.03125
0 0.603515625 0.19140625 0.0234375 0.03125
0 0.6015625 0.224609375 0.02734375 0.03125
0 0.595703125 0.255859375 0.0234375 0.02734375
0 0.595703125 0.28515625 0.015625 0.0234375
0 0.591796875 0.3125 0.0390625 0.0390625
0 0.373046875 0.359375 0.078125 0.07421875
0 0.365234375 0.498046875 0.0859375 0.078125
0 0.384765625 0.603515625 0.0625 0.046875
0 0.380859375 0.736328125 0.0625 0.07421875
0 0.40625 0.8984375 0.0625 0.05859375
0 0.54296875 0.03125 0.0625 0.046875