0 0.208984375 0.900390625 0.09375 0.091796875
0 0.974609375 0.7890625 0.05078125 0.0625
0 0.51953125 0.392578125 0.060546875 0.060546875
0 0.9609375 0.697265625 0.076171875 0.072265625
0 0.70703125 0.23046875 0.076171875 0.080078125
0 0.498046875 0.52734375 0.064453125 0.072265625
0 0.224609375 0.0546875 0.076171875 0.076171875
0 0.6015625 0.078125 0.076171875 0.068359375
0 0.18359375 0.388671875 0.068359375 0.068359375
0 0.48828125 0.66015625 0.060546875 0.060546875
0 0.9609375 0.6015625 0.068359375 0.072265625
0 0.486328125 0.734375 0.048828125 0.048828125
0 0.962890625 0.47265625 0.056640625 0.056640625
0 0.666015625 0.39453125 0.060546875 0.064453125
0 0.3671875 0.541015625 0.052734375 0.048828125
0 0.505859375 0.82421875 0.048828125 0.052734375
0 0.552734375 0.986328125 0.060546875 0.02734375
0 0.021484375 0.427734375 0.04296875 0.09765625
0 0.5703125 0.17578125 0.048828125 0.052734375
0 0.640625 0.7421875 0.080078125 0.064453125
0 0.3984375 0.263671875 0.044921875 0.044921875
0 0.4296875 0.017578125 0.046875 0.03515625
0 0.974609375 0.34765625 0.05078125 0.0625
0 0.98828125 0.1328125 0.0234375 0.048828125
0 0.5390625 0.279296875 0.048828125 0.052734375
0 0.982421875 0.228515625 0.03515625 0.04296875
0 0.521484375 0.900390625 0.056640625 0.052734375
0 0.35546875 0.58203125 0.041015625 0.037109375
0 0.111328125 0.359375 0.044921875 0.041015625
0 0.37109375 0.48828125 0.044921875 0.041015625
0 0.115234375 0.31640625 0.037109375 0.037109375
0 0.419921875 0.134765625 0.037109375 0.037109375
0 0.384765625 0.359375 0.041015625 0.041015625
0 0.5 0.328125 0.044921875 0.044921875
0 0.611328125 0.640625 0.041015625 0.041015625
0 0.357421875 0.826171875 0.044921875 0.041015625
0 0.36328125 0.625 0.044921875 0.041015625
0 0.353515625 0.72265625 0.044921875 0.041015625
0 0.353515625 0.671875 0.044921875 0.044921875
0 0.37890625 0.3984375 0.037109375 0.033203125
0 0.35546875 0.771484375 0.048828125 0.044921875
0 0.4375 0.052734375 0.041015625 0.033203125
0 0.650390625 0.8046875 0.044921875 0.037109375
0 0.0390625 0.9765625 0.078125 0.046875
0 0.109375 0.4375 0.041015625 0.037109375
0 0.109375 0.390625 0.041015625 0.033203125
0 0.365234375 0.86328125 0.041015625 0.033203125
0 0.626953125 0.50390625 0.041015625 0.041015625
0 0.3671875 0.8984375 0.044921875 0.033203125
0 0.75390625 0.0078125 0.037109375 0.015625
0 0.7578125 0.041015625 0.037109375 0.033203125
0 0.751953125 0.087890625 0.046875 0.041015625
0 0.7421875 0.123046875 0.037109375 0.037109375
0 0.734375 0.154296875 0.03125 0.025390625
0 0.728515625 0.1875 0.0390625 0.033203125
0 0.990234375 0.041015625 0.017578125 0.041015625
0 0.669921875 0.478515625 0.05859375 0.080078125
0 0.640625 0.447265625 0.05859375 0.037109375
0 0.62109375 0.544921875 0.052734375 0.033203125
0 0.611328125 0.572265625 0.04296875 0.02734375
0 0.6171875 0.603515625 0.0390625 0.037109375
0 0.6171875 0.6875 0.05078125 0.044921875
0 0.65625 0.83984375 0.03125 0.02734375
0 0.673828125 0.8671875 0.037109375 0.03125
0 0.6875 0.89453125 0.029296875 0.033203125
0 0.701171875 0.919921875 0.04296875 0.021484375
0 0.388671875 0.3125 0.0390625 0.041015625
0 0.40625 0.2265625 0.044921875 0.033203125
0 0.416015625 0.1875 0.03515625 0.041015625
0 0.42578125 0.08203125 0.02734375 0.02734375
0 0.37109375 0.439453125 0.0546875 0.04296875
0 0.369140625 0.9296875 0.0390625 0.037109375
0 0.376953125 0.96484375 0.03515625 0.03515625
0 0.37109375 0.98828125 0.037109375 0.021484375
0 0.1875 0.0234375 0.0390625 0.03125
0 0.18359375 0.060546875 0.033203125 0.02734375
0 0.171875 0.10546875 0.03125 0.03125
0 0.16015625 0.14453125 0.03515625 0.033203125
0 0.146484375 0.177734375 0.044921875 0.04296875
0 0.13671875 0.220703125 0.0390625 0.037109375
0 0.12890625 0.248046875 0.03515625 0.02734375
0 0.1171875 0.28125 0.044921875 0.041015625
0 0.107421875 0.484375 0.048828125 0.0390625
0 0.197265625 0.66015625 0.087890625 0.10546875
0 0.0234375 0.67578125 0.046875 0.09375