0 0.390625 0.2890625 0.1171875 0.1171875
0 0.388671875 0.095703125 0.1015625 0.0859375
0 0.443359375 0.458984375 0.11328125 0.109375
0 0.279296875 0.052734375 0.109375 0.09765625
0 0.365234375 0.02734375 0.08984375 0.0546875
0 0.537109375 0.166015625 0.09765625 0.09765625
0 0.5 0.5625 0.125 0.1171875
0 0.56640625 0.693359375 0.12890625 0.09375
0 0.66796875 0.79296875 0.109375 0.0859375
0 0.779296875 0.861328125 0.09375 0.0859375
0 0.966796875 0.748046875 0.0625 0.11328125
0 0.962890625 0.37890625 0.07421875 0.0703125
0 0.80859375 0.330078125 0.0859375 0.07421875
0 0.662109375 0.263671875 0.0859375 0.0859375
0 0.333984375 0.1484375 0.09375 0.08984375