0 0.439453125 0.646484375 0.080078125 0.052734375
0 0.431640625 0.681640625 0.080078125 0.056640625
0 0.37890625 0.775390625 0.046875 0.044921875
0 0.662109375 0.255859375 0.033203125 0.041015625
0 0.638671875 0.30859375 0.04296875 0.041015625
0 0.6171875 0.34375 0.048828125 0.041015625
0 0.548828125 0.484375 0.04296875 0.056640625
0 0.6875 0.19921875 0.0546875 0.064453125
0 0.734375 0.095703125 0.046875 0.048828125
0 0.712890625 0.138671875 0.056640625 0.05859375
0 0.76171875 0.07421875 0.048828125 0.046875
0 0.509765625 0.50390625 0.029296875 0.03125
0 0.4921875 0.537109375 0.033203125 0.033203125
0 0.3203125 0.8671875 0.0390625 0.037109375
0 0.337890625 0.8359375 0.03125 0.033203125