0 0.25390625 0.353515625 0.10546875 0.109375
0 0.427734375 0.48828125 0.10546875 0.09765625
0 0.466796875 0.2734375 0.080078125 0.080078125
0 0.474609375 0.123046875 0.083984375 0.083984375
0 0.28515625 0.060546875 0.091796875 0.072265625
0 0.4296875 0.41796875 0.076171875 0.083984375
0 0.31640625 0.634765625 0.08203125 0.076171875
0 0.310546875 0.82421875 0.099609375 0.103515625
0 0.189453125 0.734375 0.04296875 0.05078125
0 0.05859375 0.806640625 0.076171875 0.068359375
0 0.181640625 0.5625 0.0703125 0.076171875
0 0.11328125 0.716796875 0.08984375 0.076171875
0 0.01953125 0.900390625 0.0390625 0.05078125