0 0.380859375 0.568359375 0.08984375 0.0859375
0 0.9296875 0.384765625 0.1171875 0.125
0 0.703125 0.16796875 0.125 0.125
0 0.869140625 0.255859375 0.1171875 0.109375
0 0.15234375 0.482421875 0.109375 0.1171875
0 0.25390625 0.625 0.1015625 0.0859375
0 0.79296875 0.17578125 0.10546875 0.125
0 0.607421875 0.1875 0.10546875 0.109375
0 0.34765625 0.79296875 0.09765625 0.109375
0 0.470703125 0.048828125 0.09375 0.09765625
0 0.5546875 0.1171875 0.08984375 0.0859375
0 0.205078125 0.30859375 0.1015625 0.1015625
0 0.27734375 0.392578125 0.09375 0.09375
0 0.607421875 0.03515625 0.11328125 0.0703125
0 0.330078125 0.474609375 0.09375 0.0859375
0 0.546875 0.810546875 0.09765625 0.09765625
0 0.44921875 0.896484375 0.10546875 0.09375
0 0.6015625 0.720703125 0.078125 0.0703125
0 0.6328125 0.958984375 0.1015625 0.078125
0 0.400390625 0.029296875 0.08984375 0.05859375
0 0.4921875 0.732421875 0.1015625 0.09375
0 0.595703125 0.662109375 0.078125 0.0546875
0 0.576171875 0.8984375 0.0859375 0.0859375
0 0.568359375 0.56640625 0.0703125 0.0546875
0 0.576171875 0.619140625 0.078125 0.0546875
0 0.435546875 0.658203125 0.078125 0.0703125
0 0.62890625 0.822265625 0.078125 0.0625
0 0.611328125 0.76953125 0.0625 0.0625
0 0.142578125 0.232421875 0.09765625 0.09375
0 0.552734375 0.51171875 0.078125 0.0625
0 0.646484375 0.8828125 0.078125 0.0625
0 0.529296875 0.458984375 0.078125 0.0546875
0 0.51953125 0.95703125 0.09375 0.0859375
0 0.5 0.4140625 0.0703125 0.046875
0 0.619140625 0.791015625 0.0703125 0.0703125
0 0.443359375 0.373046875 0.09375 0.0703125
0 0.44921875 0.126953125 0.078125 0.0703125
0 0.48046875 0.248046875 0.1015625 0.078125
0 0.064453125 0.375 0.109375 0.09765625
0 0.01171875 0.2734375 0.0234375 0.09375
0 0.044921875 0.1640625 0.05078125 0.0625
0 0.021484375 0.0625 0.04296875 0.046875
0 0.08984375 0.087890625 0.05078125 0.05859375
0 0.15625 0.099609375 0.0390625 0.03515625
0 0.318359375 0.009765625 0.0859375 0.01953125
0 0.775390625 0.28125 0.0703125 0.0703125
0 0.16015625 0.134765625 0.0390625 0.03125
0 0.171875 0.16796875 0.046875 0.03515625
0 0.205078125 0.197265625 0.05078125 0.0390625
0 0.224609375 0.234375 0.0390625 0.04296875
0 0.251953125 0.259765625 0.05078125 0.0390625
0 0.2734375 0.279296875 0.05859375 0.046875
0 0.318359375 0.302734375 0.05078125 0.0546875
0 0.345703125 0.32421875 0.0703125 0.0703125
0 0.37890625 0.34765625 0.0625 0.0625
0 0.42578125 0.20703125 0.0390625 0.046875
0 0.396484375 0.18359375 0.046875 0.0546875
0 0.357421875 0.1640625 0.046875 0.0625
0 0.322265625 0.158203125 0.0390625 0.0703125
0 0.291015625 0.142578125 0.03125 0.06640625
0 0.263671875 0.12890625 0.03125 0.0703125
0 0.228515625 0.1171875 0.0390625 0.08203125