0 0.8046875 0.697265625 0.125 0.12890625
0 0.6953125 0.125 0.1015625 0.08984375
0 0.794921875 0.412109375 0.09765625 0.09765625
0 0.625 0.513671875 0.09765625 0.080078125
0 0.3125 0.64453125 0.076171875 0.072265625
0 0.609375 0.80859375 0.080078125 0.076171875
0 0.251953125 0.0859375 0.052734375 0.041015625
0 0.58984375 0.958984375 0.076171875 0.072265625
0 0.580078125 0.357421875 0.087890625 0.0859375
0 0.599609375 0.88671875 0.083984375 0.072265625
0 0.248046875 0.046875 0.060546875 0.044921875
0 0.962890625 0.162109375 0.072265625 0.080078125
0 0.26171875 0.240234375 0.064453125 0.068359375
0 0.498046875 0.1484375 0.083984375 0.076171875
0 0.255859375 0.158203125 0.052734375 0.056640625
0 0.44921875 0.029296875 0.083984375 0.056640625
0 0.59765625 0.4296875 0.072265625 0.056640625
0 0.37109375 0.689453125 0.068359375 0.056640625
0 0.822265625 0.974609375 0.09375 0.05078125
0 0.4140625 0.732421875 0.0625 0.076171875
0 0.5078125 0.80859375 0.0703125 0.078125
0 0.279296875 0.31640625 0.044921875 0.02734375
0 0.283203125 0.345703125 0.03515625 0.03515625
0 0.2890625 0.39453125 0.052734375 0.044921875
0 0.298828125 0.4375 0.046875 0.046875
0 0.369140625 0.923828125 0.041015625 0.044921875
0 0.37890625 0.966796875 0.037109375 0.021484375
0 0.3828125 0.990234375 0.046875 0.01953125