0 0.876953125 0.291015625 0.109375 0.11328125
0 0.92578125 0.818359375 0.1015625 0.09765625
0 0.580078125 0.125 0.080078125 0.072265625
0 0.625 0.474609375 0.080078125 0.09765625
0 0.58984375 0.052734375 0.076171875 0.072265625
0 0.634765625 0.369140625 0.083984375 0.080078125
0 0.611328125 0.21484375 0.091796875 0.080078125
0 0.4140625 0.34375 0.068359375 0.041015625
0 0.388671875 0.142578125 0.068359375 0.064453125
0 0.388671875 0.216796875 0.060546875 0.044921875
0 0.416015625 0.392578125 0.072265625 0.041015625
0 0.359375 0.013671875 0.0625 0.02734375
0 0.37890625 0.08984375 0.056640625 0.048828125
0 0.42578125 0.44140625 0.076171875 0.056640625
0 0.4453125 0.634765625 0.052734375 0.048828125
0 0.826171875 0.087890625 0.107421875 0.099609375
0 0.646484375 0.943359375 0.05859375 0.0625
0 0.908203125 0.58984375 0.099609375 0.09765625
0 0.611328125 0.62890625 0.068359375 0.076171875
0 0.46484375 0.6875 0.041015625 0.03515625
0 0.498046875 0.984375 0.05078125 0.03125
0 0.4921875 0.935546875 0.041015625 0.04296875