0 0.4609375 0.181640625 0.0859375 0.0390625
0 0.537109375 0.43359375 0.08203125 0.0546875
0 0.578125 0.607421875 0.078125 0.0546875
0 0.642578125 0.81640625 0.078125 0.0390625
0 0.5390625 0.40234375 0.0859375 0.046875
0 0.63671875 0.77734375 0.0703125 0.0546875
0 0.482421875 0.2265625 0.0859375 0.0546875
0 0.51171875 0.357421875 0.078125 0.0546875
0 0.61328125 0.705078125 0.0625 0.0390625
0 0.626953125 0.744140625 0.0546875 0.0390625
0 0.513671875 0.5234375 0.078125 0.0546875
0 0.4140625 0.005859375 0.0546875 0.01171875
0 0.419921875 0.03125 0.0703125 0.03515625
0 0.4375 0.072265625 0.0625 0.0390625
0 0.451171875 0.109375 0.0625 0.0390625
0 0.451171875 0.146484375 0.0625 0.0390625
0 0.482421875 0.26953125 0.0625 0.04296875
0 0.50390625 0.302734375 0.0625 0.0546875
0 0.55078125 0.47265625 0.078125 0.0390625
0 0.56640625 0.541015625 0.0625 0.05078125
0 0.576171875 0.578125 0.05859375 0.0390625
0 0.595703125 0.642578125 0.06640625 0.0390625
0 0.611328125 0.673828125 0.078125 0.04296875
0 0.65625 0.849609375 0.0625 0.0390625
0 0.662109375 0.8828125 0.0703125 0.0390625
0 0.658203125 0.91796875 0.078125 0.04296875
0 0.666015625 0.95703125 0.08984375 0.05078125
0 0.669921875 0.982421875 0.06640625 0.03515625