0 0.728515625 0.44921875 0.0546875 0.05859375
0 0.044921875 0.79296875 0.08984375 0.08984375
0 0.744140625 0.62109375 0.0859375 0.0859375
0 0.37109375 0.720703125 0.08203125 0.08984375
0 0.271484375 0.552734375 0.09375 0.109375
0 0.12890625 0.6171875 0.10546875 0.1015625
0 0.970703125 0.78125 0.05859375 0.0625
0 0.541015625 0.66796875 0.0859375 0.08984375
0 0.458984375 0.59765625 0.09765625 0.1015625
0 0.642578125 0.607421875 0.0546875 0.0703125
0 0.326171875 0.642578125 0.0859375 0.0859375
0 0.576171875 0.74609375 0.0859375 0.0859375
0 0.390625 0.478515625 0.0859375 0.09765625
0 0.298828125 0.34765625 0.0859375 0.09765625
0 0.5078125 0.365234375 0.078125 0.078125
0 0.41796875 0.80859375 0.0859375 0.0859375
0 0.587890625 0.884765625 0.0703125 0.078125
0 0.591796875 0.08984375 0.0703125 0.0625
0 0.359375 0.953125 0.078125 0.078125
0 0.7109375 0.376953125 0.0703125 0.06640625
0 0.5390625 0.447265625 0.0703125 0.0703125
0 0.71484375 0.298828125 0.0546875 0.05859375
0 0.935546875 0.708984375 0.0546875 0.0546875
0 0.673828125 0.23828125 0.0625 0.0546875
0 0.595703125 0.5234375 0.0625 0.0703125
0 0.47265625 0.177734375 0.07421875 0.08984375
0 0.693359375 0.689453125 0.0703125 0.0859375
0 0.181640625 0.3828125 0.08203125 0.0703125
0 0.23828125 0.791015625 0.08984375 0.09375
0 0.810546875 0.552734375 0.0625 0.0625
0 0.89453125 0.65234375 0.0625 0.0625
0 0.4453125 0.287109375 0.09375 0.09765625
0 0.173828125 0.904296875 0.0703125 0.078125
0 0.646484375 0.17578125 0.0859375 0.078125
0 0.65234375 0.912109375 0.0546875 0.0625
0 0.537109375 0.037109375 0.08984375 0.0703125
0 0.234375 0.44921875 0.0859375 0.08984375
0 0.01953125 0.904296875 0.0390625 0.07421875
0 0.1875 0.06640625 0.0859375 0.09375
0 0.341796875 0.8671875 0.0625 0.0703125
0 0.583984375 0.404296875 0.078125 0.08984375
0 0.775390625 0.51171875 0.0625 0.0703125
0 0.853515625 0.609375 0.0625 0.0625
0 0.50390625 0.744140625 0.0625 0.0625
0 0.4609375 0.8671875 0.08203125 0.0625
0 0.125 0.95703125 0.0625 0.0625
0 0.5234375 0.177734375 0.05078125 0.0546875
0 0.033203125 0.458984375 0.06640625 0.0625
0 0.513671875 0.109375 0.0546875 0.046875
0 0.720703125 0.927734375 0.0625 0.0625
0 0.4140625 0.025390625 0.078125 0.05078125
0 0.697265625 0.984375 0.06640625 0.03125
0 0.44921875 0.09375 0.0703125 0.0703125
0 0.61328125 0.833984375 0.10546875 0.08984375
0 0.44140625 0.984375 0.078125 0.03125
0 0.853515625 0.859375 0.0625 0.0625
0 0.77734375 0.779296875 0.0546875 0.0625
0 0.017578125 0.03125 0.03515625 0.046875
0 0.626953125 0.123046875 0.0546875 0.046875
0 0.91015625 0.822265625 0.0546875 0.0703125
0 0.140625 0.35546875 0.0546875 0.0625
0 0.08984375 0.34375 0.0390625 0.03125
0 0.109375 0.30078125 0.046875 0.0390625
0 0.06640625 0.306640625 0.046875 0.03515625
0 0.0234375 0.294921875 0.0390625 0.0390625
0 0.080078125 0.265625 0.05859375 0.05078125
0 0.0234375 0.265625 0.046875 0.03125
0 0.04296875 0.228515625 0.0390625 0.0390625
0 0.025390625 0.197265625 0.05078125 0.05859375
0 0.138671875 0.14453125 0.0703125 0.05859375
0 0.2421875 0.208984375 0.11328125 0.109375
0 0.3984375 0.19140625 0.0859375 0.1015625
0 0.302734375 0.08984375 0.08984375 0.07421875
0 0.123046875 0.0234375 0.06640625 0.046875
0 0.0546875 0.009765625 0.02734375 0.01953125
0 0.19140625 0.736328125 0.0390625 0.0390625
0 0.49609375 0.923828125 0.08203125 0.0703125
0 0.544921875 0.98046875 0.07421875 0.0390625
0 0.9609375 0.177734375 0.078125 0.09375
0 0.982421875 0.28515625 0.03125 0.0859375
0 0.919921875 0.03125 0.1015625 0.0625
0 0.732421875 0.822265625 0.09375 0.0859375
0 0.662109375 0.744140625 0.06640625 0.0625
0 0.197265625 0.298828125 0.0390625 0.0390625
0 0.24609375 0.3671875 0.03515625 0.04296875