0 0.6328125 0.021484375 0.041015625 0.037109375
0 0.640625 0.30078125 0.048828125 0.044921875
0 0.431640625 0.953125 0.048828125 0.037109375
0 0.517578125 0.759765625 0.044921875 0.037109375
0 0.462890625 0.888671875 0.048828125 0.044921875
0 0.62890625 0.255859375 0.041015625 0.037109375
0 0.501953125 0.8046875 0.044921875 0.044921875
0 0.626953125 0.12890625 0.037109375 0.033203125
0 0.634765625 0.18359375 0.037109375 0.037109375
0 0.634765625 0.21875 0.03125 0.02734375
0 0.625 0.1015625 0.037109375 0.033203125
0 0.626953125 0.05859375 0.04296875 0.044921875
0 0.607421875 0.478515625 0.0625 0.064453125
0 0.623046875 0.55078125 0.048828125 0.060546875
0 0.607421875 0.6015625 0.044921875 0.044921875
0 0.66015625 0.486328125 0.05859375 0.0390625
0 0.580078125 0.642578125 0.037109375 0.046875
0 0.556640625 0.685546875 0.033203125 0.03125
0 0.529296875 0.7265625 0.0390625 0.03515625
0 0.482421875 0.849609375 0.03125 0.03515625
0 0.451171875 0.91796875 0.0234375 0.021484375
0 0.4140625 0.986328125 0.03125 0.02734375