0 0.80859375 0.380859375 0.1015625 0.09375
0 0.796875 0.619140625 0.09375 0.09375
0 0.822265625 0.23828125 0.0859375 0.09765625
0 0.8046875 0.51171875 0.1015625 0.0859375
0 0.765625 0.271484375 0.0703125 0.0625
0 0.787109375 0.970703125 0.10546875 0.05859375
0 0.787109375 0.857421875 0.10546875 0.0859375
0 0.794921875 0.732421875 0.0859375 0.0859375
0 0.77734375 0.099609375 0.078125 0.078125
0 0.75 0.443359375 0.0703125 0.078125
0 0.828125 0.025390625 0.0859375 0.05078125
0 0.736328125 0.609375 0.0625 0.0703125