0 0.94921875 0.2578125 0.09375 0.078125
0 0.111328125 0.900390625 0.078125 0.0859375
0 0.96875 0.326171875 0.0625 0.05859375
0 0.970703125 0.376953125 0.05859375 0.05859375
0 0.900390625 0.056640625 0.09375 0.0703125
0 0.0703125 0.794921875 0.0703125 0.0703125
0 0.9765625 0.421875 0.046875 0.046875
0 0.12109375 0.984375 0.0859375 0.03125
0 0.044921875 0.68359375 0.0703125 0.06640625
0 0.0234375 0.583984375 0.046875 0.0390625
0 0.2734375 0.83203125 0.0859375 0.0703125
0 0.11328125 0.35546875 0.06640625 0.06640625
0 0.056640625 0.162109375 0.0625 0.0546875
0 0.91796875 0.15234375 0.1015625 0.0625
0 0.986328125 0.482421875 0.0234375 0.0625