0 0.087890625 0.533203125 0.068359375 0.056640625
0 0.1171875 0.375 0.080078125 0.064453125
0 0.134765625 0.302734375 0.0859375 0.064453125
0 0.052734375 0.673828125 0.080078125 0.072265625
0 0.68359375 0.798828125 0.037109375 0.041015625
0 0.09375 0.455078125 0.072265625 0.056640625
0 0.009765625 0.857421875 0.01953125 0.091796875
0 0.056640625 0.58984375 0.080078125 0.083984375
0 0.1171875 0.181640625 0.080078125 0.064453125
0 0.015625 0.740234375 0.03125 0.06640625
0 0.111328125 0.408203125 0.060546875 0.041015625
0 0.69140625 0.759765625 0.03125 0.037109375
0 0.01171875 0.767578125 0.0234375 0.076171875
0 0.693359375 0.94140625 0.076171875 0.091796875
0 0.1484375 0.021484375 0.0703125 0.04296875
0 0.716796875 0.302734375 0.06640625 0.072265625
0 0.693359375 0.634765625 0.05859375 0.044921875
0 0.017578125 0.375 0.03515625 0.060546875
0 0.134765625 0.076171875 0.041015625 0.03125
0 0.173828125 0.05859375 0.04296875 0.033203125
0 0.939453125 0.0234375 0.0390625 0.03125
0 0.953125 0.06640625 0.03125 0.02734375
0 0.947265625 0.123046875 0.0234375 0.021484375
0 0.951171875 0.15234375 0.025390625 0.029296875
0 0.908203125 0.173828125 0.029296875 0.03125
0 0.896484375 0.068359375 0.029296875 0.021484375
0 0.93359375 0.248046875 0.06640625 0.048828125
0 0.8984375 0.337890625 0.01953125 0.025390625
0 0.890625 0.361328125 0.021484375 0.013671875
0 0.86328125 0.40234375 0.03515625 0.029296875
0 0.85546875 0.447265625 0.037109375 0.02734375
0 0.84375 0.474609375 0.029296875 0.015625
0 0.8359375 0.50390625 0.025390625 0.029296875
0 0.8359375 0.544921875 0.037109375 0.0234375
0 0.833984375 0.64453125 0.033203125 0.021484375
0 0.828125 0.6640625 0.029296875 0.021484375
0 0.83203125 0.693359375 0.029296875 0.0234375
0 0.828125 0.720703125 0.041015625 0.0234375
0 0.814453125 0.888671875 0.046875 0.033203125
0 0.814453125 0.859375 0.033203125 0.029296875
0 0.78125 0.66015625 0.037109375 0.03515625
0 0.765625 0.763671875 0.02734375 0.02734375
0 0.75390625 0.81640625 0.037109375 0.041015625
0 0.7421875 0.017578125 0.0703125 0.03515625
0 0.71484375 0.830078125 0.025390625 0.021484375
0 0.708984375 0.783203125 0.021484375 0.025390625
0 0.712890625 0.75 0.03125 0.03515625
0 0.76953125 0.73046875 0.029296875 0.021484375
0 0.78125 0.703125 0.029296875 0.03125
0 0.748046875 0.85546875 0.041015625 0.0390625
0 0.12109375 0.7421875 0.03125 0.03515625