0 0.40234375 0.0703125 0.087890625 0.076171875
0 0.037109375 0.884765625 0.072265625 0.076171875
0 0.51953125 0.412109375 0.087890625 0.072265625
0 0.62890625 0.693359375 0.12109375 0.09765625
0 0.28515625 0.8046875 0.076171875 0.052734375
0 0.203125 0.64453125 0.083984375 0.056640625
0 0.5546875 0.48046875 0.083984375 0.064453125
0 0.064453125 0.96484375 0.087890625 0.068359375
0 0.22265625 0.701171875 0.072265625 0.056640625
0 0.607421875 0.91796875 0.068359375 0.076171875
0 0.541015625 0.755859375 0.080078125 0.068359375
0 0.421875 0.14453125 0.083984375 0.064453125
0 0.5234375 0.666015625 0.072265625 0.072265625
0 0.57421875 0.84765625 0.076171875 0.072265625
0 0.724609375 0.96875 0.09765625 0.0625
0 0.7734375 0.845703125 0.072265625 0.052734375
0 0.4765625 0.26953125 0.080078125 0.064453125
0 0.44921875 0.208984375 0.076171875 0.064453125
0 0.76953125 0.798828125 0.072265625 0.056640625
0 0.7421875 0.66015625 0.064453125 0.052734375
0 0.578125 0.55078125 0.076171875 0.060546875
0 0.837890625 0.9140625 0.072265625 0.076171875
0 0.7578125 0.712890625 0.072265625 0.056640625
0 0.125 0.498046875 0.064453125 0.052734375
0 0.546875 0.591796875 0.068359375 0.056640625
0 0.5 0.33984375 0.072265625 0.060546875
0 0.716796875 0.6171875 0.072265625 0.056640625
0 0.771484375 0.890625 0.060546875 0.056640625
0 0.703125 0.9140625 0.091796875 0.076171875
0 0.63671875 0.982421875 0.078125 0.03515625
0 0.251953125 0.759765625 0.068359375 0.060546875
0 0.1484375 0.552734375 0.07421875 0.048828125
0 0.169921875 0.60546875 0.052734375 0.056640625
0 0.14453125 0.333984375 0.056640625 0.064453125
0 0.09375 0.44921875 0.048828125 0.048828125
0 0.626953125 0.57421875 0.060546875 0.068359375
0 0.2734375 0.798828125 0.080078125 0.064453125
0 0.291015625 0.857421875 0.080078125 0.052734375
0 0.66796875 0.59765625 0.068359375 0.056640625
0 0.763671875 0.763671875 0.068359375 0.052734375
0 0.669921875 0.806640625 0.12109375 0.14453125
0 0.76953125 0.939453125 0.064453125 0.064453125
0 0.34375 0.92578125 0.1640625 0.1484375
0 0.35546875 0.0078125 0.064453125 0.015625