0 0.94140625 0.609375 0.1015625 0.087890625
0 0.76953125 0.423828125 0.080078125 0.087890625
0 0.884765625 0.8046875 0.1015625 0.091796875
0 0.638671875 0.091796875 0.091796875 0.080078125
0 0.7109375 0.26953125 0.083984375 0.080078125
0 0.716796875 0.048828125 0.10546875 0.09765625
0 0.84765625 0.25 0.072265625 0.072265625
0 0.892578125 0.42578125 0.083984375 0.076171875
0 0.787109375 0.240234375 0.072265625 0.060546875
0 0.73828125 0.140625 0.09765625 0.080078125
0 0.810546875 0.341796875 0.072265625 0.064453125
0 0.107421875 0.8203125 0.091796875 0.068359375
0 0.806640625 0.55859375 0.087890625 0.1171875
0 0.919921875 0.517578125 0.09765625 0.091796875
0 0.845703125 0.685546875 0.076171875 0.072265625
0 0.60546875 0.01953125 0.09375 0.0390625
0 0.87890625 0.32421875 0.072265625 0.068359375
0 0.849609375 0.1953125 0.068359375 0.060546875
0 0.826171875 0.4453125 0.05859375 0.0625
0 0.85546875 0.517578125 0.052734375 0.056640625
0 0.87109375 0.58984375 0.056640625 0.064453125
0 0.876953125 0.642578125 0.044921875 0.05078125
0 0.892578125 0.716796875 0.05078125 0.060546875
0 0.923828125 0.779296875 0.048828125 0.04296875
0 0.962890625 0.708984375 0.06640625 0.078125
0 0.982421875 0.810546875 0.033203125 0.056640625
0 0.08984375 0.740234375 0.087890625 0.076171875
0 0.076171875 0.634765625 0.12890625 0.109375