0 0.923828125 0.755859375 0.080078125 0.076171875
0 0.962890625 0.88671875 0.041015625 0.041015625
0 0.931640625 0.923828125 0.048828125 0.0546875
0 0.923828125 0.876953125 0.044921875 0.044921875
0 0.94921875 0.826171875 0.0546875 0.060546875
0 0.91015625 0.830078125 0.048828125 0.044921875
0 0.92578125 0.62890625 0.0390625 0.033203125
0 0.90625 0.583984375 0.056640625 0.05859375
0 0.89453125 0.5390625 0.046875 0.046875
0 0.8828125 0.47265625 0.056640625 0.0546875
0 0.896484375 0.419921875 0.0546875 0.03515625
0 0.89453125 0.140625 0.05859375 0.04296875
0 0.900390625 0.21875 0.056640625 0.064453125
0 0.884765625 0.056640625 0.064453125 0.05859375
0 0.85546875 0.2890625 0.046875 0.052734375
0 0.8828125 0.353515625 0.05078125 0.044921875
0 0.32421875 0.16796875 0.056640625 0.06640625
0 0.314453125 0.212890625 0.0625 0.04296875
0 0.37890625 0.279296875 0.068359375 0.0546875
0 0.412109375 0.298828125 0.05078125 0.05078125
0 0.45703125 0.326171875 0.060546875 0.044921875
0 0.3359375 0.2421875 0.064453125 0.0390625