0 0.236328125 0.109375 0.078125 0.0625
0 0.357421875 0.26953125 0.0859375 0.0859375
0 0.322265625 0.880859375 0.0703125 0.0625
0 0.279296875 0.16796875 0.078125 0.0625
0 0.283203125 0.375 0.0546875 0.0546875
0 0.236328125 0.01953125 0.08203125 0.0390625
0 0.232421875 0.060546875 0.078125 0.0546875
0 0.333984375 0.982421875 0.08203125 0.03515625
0 0.2890625 0.203125 0.08203125 0.0546875
0 0.232421875 0.240234375 0.0546875 0.05078125
0 0.345703125 0.45703125 0.03125 0.03125
0 0.294921875 0.44140625 0.0546875 0.05078125
0 0.24609375 0.42578125 0.046875 0.0390625
0 0.349609375 0.5234375 0.05859375 0.046875
0 0.345703125 0.615234375 0.0625 0.0625
0 0.3203125 0.837890625 0.0546875 0.0390625
0 0.306640625 0.802734375 0.0546875 0.0390625
0 0.2890625 0.677734375 0.0546875 0.0390625
0 0.283203125 0.64453125 0.0546875 0.03125
0 0.2734375 0.609375 0.0546875 0.0390625
0 0.271484375 0.57421875 0.05078125 0.0390625
0 0.267578125 0.5390625 0.0390625 0.0390625
0 0.232421875 0.38671875 0.04296875 0.0390625
0 0.23046875 0.349609375 0.0390625 0.046875
0 0.208984375 0.16796875 0.046875 0.05078125