0 0.671875 0.37109375 0.0859375 0.0703125
0 0.935546875 0.8984375 0.0703125 0.0625
0 0.849609375 0.673828125 0.078125 0.078125
0 0.79296875 0.564453125 0.078125 0.0703125
0 0.73046875 0.455078125 0.0703125 0.08203125
0 0.888671875 0.78515625 0.078125 0.0703125
0 0.765625 0.51171875 0.0703125 0.05859375
0 0.548828125 0.86328125 0.0546875 0.046875
0 0.55078125 0.916015625 0.0703125 0.0546875
0 0.611328125 0.29296875 0.078125 0.0703125
0 0.56640625 0.19921875 0.0625 0.0625
0 0.501953125 0.1015625 0.046875 0.05859375