0 0.1171875 0.9609375 0.080078125 0.076171875
0 0.3125 0.658203125 0.091796875 0.087890625
0 0.0390625 0.587890625 0.076171875 0.080078125
0 0.19921875 0.10546875 0.091796875 0.080078125
0 0.07421875 0.794921875 0.1015625 0.087890625
0 0.302734375 0.3125 0.087890625 0.076171875
0 0.38671875 0.669921875 0.080078125 0.072265625
0 0.25390625 0.166015625 0.072265625 0.048828125
0 0.25 0.2109375 0.080078125 0.052734375
0 0.234375 0.35546875 0.087890625 0.072265625
0 0.4140625 0.787109375 0.076171875 0.072265625
0 0.333984375 0.548828125 0.072265625 0.072265625
0 0.970703125 0.068359375 0.05859375 0.06640625
0 0.96875 0.15625 0.060546875 0.0625
0 0.974609375 0.220703125 0.05078125 0.037109375
0 0.9609375 0.3046875 0.064453125 0.060546875
0 0.955078125 0.3671875 0.0703125 0.05078125
0 0.91796875 0.53125 0.068359375 0.07421875
0 0.927734375 0.63671875 0.068359375 0.06640625
0 0.943359375 0.728515625 0.083984375 0.0625
0 0.984375 0.796875 0.03125 0.0546875
0 0.3046875 0.978515625 0.078125 0.041015625
0 0.267578125 0.5390625 0.07421875 0.060546875
0 0.333984375 0.439453125 0.04296875 0.068359375
0 0.1328125 0.0546875 0.060546875 0.068359375
0 0.236328125 0.45703125 0.068359375 0.072265625
0 0.083984375 0.6328125 0.05078125 0.046875
0 0.09765625 0.69921875 0.046875 0.052734375
0 0.17578125 0.974609375 0.04296875 0.05078125