0 0.41796875 0.283203125 0.09765625 0.0859375
0 0.3125 0.71484375 0.10546875 0.1015625
0 0.173828125 0.62890625 0.10546875 0.0859375
0 0.146484375 0.7734375 0.10546875 0.10546875
0 0.609375 0.91796875 0.1171875 0.1171875
0 0.46875 0.80078125 0.11328125 0.109375
0 0.34765625 0.349609375 0.08984375 0.0859375
0 0.646484375 0.435546875 0.09375 0.0859375
0 0.318359375 0.873046875 0.1171875 0.109375
0 0.03125 0.693359375 0.0625 0.12890625
0 0.3984375 0.9140625 0.078125 0.078125
0 0.943359375 0.482421875 0.09765625 0.0859375
0 0.46875 0.94921875 0.08984375 0.0859375
0 0.5 0.390625 0.09375 0.10546875
0 0.798828125 0.462890625 0.078125 0.08203125
0 0.802734375 0.341796875 0.0859375 0.078125
0 0.986328125 0.404296875 0.02734375 0.06640625
0 0.619140625 0.32421875 0.09375 0.09375
0 0.236328125 0.2109375 0.0625 0.0703125
0 0.080078125 0.236328125 0.0625 0.0859375
0 0.072265625 0.134765625 0.0546875 0.078125
0 0.01953125 0.970703125 0.0390625 0.03515625
0 0.09375 0.986328125 0.0390625 0.02734375