0 0.75 0.123046875 0.064453125 0.060546875
0 0.751953125 0.240234375 0.068359375 0.068359375
0 0.052734375 0.578125 0.056640625 0.060546875
0 0.8984375 0.943359375 0.072265625 0.072265625
0 0.81640625 0.02734375 0.044921875 0.048828125
0 0.05078125 0.482421875 0.044921875 0.044921875
0 0.82421875 0.181640625 0.052734375 0.048828125
0 0.0703125 0.751953125 0.060546875 0.060546875
0 0.744140625 0.021484375 0.06640625 0.04296875
0 0.830078125 0.248046875 0.041015625 0.037109375
0 0.021484375 0.791015625 0.037109375 0.033203125
0 0.83203125 0.291015625 0.037109375 0.033203125
0 0.837890625 0.33984375 0.033203125 0.02734375
0 0.791015625 0.3515625 0.0625 0.060546875
0 0.833984375 0.388671875 0.041015625 0.033203125
0 0.806640625 0.666015625 0.068359375 0.05859375
0 0.79296875 0.701171875 0.052734375 0.05078125
0 0.84375 0.814453125 0.0546875 0.048828125
0 0.84765625 0.8515625 0.03515625 0.03515625
0 0.87109375 0.890625 0.046875 0.044921875
0 0.83203125 0.474609375 0.06640625 0.05859375
0 0.06640625 0.6640625 0.044921875 0.056640625
0 0.087890625 0.83984375 0.056640625 0.0546875
0 0.107421875 0.939453125 0.03125 0.037109375
0 0.0546875 0.423828125 0.03515625 0.02734375
0 0.0390625 0.326171875 0.048828125 0.046875
0 0.025390625 0.244140625 0.04296875 0.048828125
0 0.00390625 0.2890625 0.0078125 0.025390625
0 0.00390625 0.330078125 0.0078125 0.025390625
0 0.01171875 0.41015625 0.0234375 0.044921875
0 0.009765625 0.46875 0.015625 0.01953125
0 0.0078125 0.490234375 0.015625 0.02734375
0 0.0078125 0.52734375 0.015625 0.025390625
0 0.009765625 0.607421875 0.01953125 0.05078125
0 0.01171875 0.671875 0.0234375 0.044921875
0 0.01171875 0.72265625 0.0234375 0.0234375
0 0.017578125 0.7578125 0.03125 0.0234375
0 0.029296875 0.833984375 0.03125 0.03125
0 0.041015625 0.87109375 0.029296875 0.029296875
0 0.05078125 0.91015625 0.033203125 0.02734375
0 0.0625 0.9375 0.033203125 0.0234375
0 0.0703125 0.970703125 0.02734375 0.021484375