0 0.314453125 0.716796875 0.072265625 0.080078125
0 0.0859375 0.1796875 0.091796875 0.083984375
0 0.34765625 0.1875 0.072265625 0.076171875
0 0.380859375 0.345703125 0.076171875 0.076171875
0 0.48046875 0.3125 0.064453125 0.076171875
0 0.396484375 0.580078125 0.083984375 0.09765625
0 0.1796875 0.119140625 0.083984375 0.091796875
0 0.416015625 0.744140625 0.080078125 0.083984375
0 0.25390625 0.232421875 0.080078125 0.083984375
0 0.283203125 0.05078125 0.080078125 0.076171875
0 0.517578125 0.115234375 0.068359375 0.068359375
0 0.791015625 0.041015625 0.048828125 0.048828125
0 0.705078125 0.634765625 0.080078125 0.083984375
0 0.697265625 0.0703125 0.12890625 0.140625
0 0.44140625 0.109375 0.076171875 0.09765625
0 0.818359375 0.35546875 0.056640625 0.056640625
0 0.8125 0.265625 0.060546875 0.056640625
0 0.150390625 0.359375 0.068359375 0.064453125
0 0.5625 0.3046875 0.052734375 0.052734375
0 0.806640625 0.107421875 0.041015625 0.044921875
0 0.521484375 0.556640625 0.076171875 0.072265625
0 0.6171875 0.986328125 0.041015625 0.02734375
0 0.8125 0.1875 0.044921875 0.044921875
0 0.6484375 0.294921875 0.033203125 0.033203125
0 0.841796875 0.43359375 0.041015625 0.044921875
0 0.623046875 0.890625 0.037109375 0.033203125
0 0.630859375 0.748046875 0.02734375 0.037109375
0 0.642578125 0.35546875 0.037109375 0.033203125
0 0.705078125 0.53515625 0.103515625 0.091796875
0 0.595703125 0.51953125 0.037109375 0.041015625
0 0.498046875 0.033203125 0.068359375 0.064453125
0 0.529296875 0.173828125 0.07421875 0.076171875
0 0.541015625 0.240234375 0.083984375 0.0703125
0 0.59375 0.56640625 0.0390625 0.03515625
0 0.59765625 0.626953125 0.05859375 0.044921875
0 0.58984375 0.67578125 0.060546875 0.048828125
0 0.6171875 0.9609375 0.03515625 0.033203125
0 0.615234375 0.931640625 0.03125 0.033203125
0 0.619140625 0.859375 0.03125 0.033203125
0 0.623046875 0.822265625 0.025390625 0.037109375
0 0.62890625 0.783203125 0.029296875 0.0390625
0 0.6328125 0.716796875 0.025390625 0.033203125
0 0.6328125 0.685546875 0.02734375 0.02734375
0 0.630859375 0.662109375 0.02734375 0.029296875
0 0.634765625 0.630859375 0.025390625 0.025390625
0 0.640625 0.599609375 0.033203125 0.03125
0 0.64453125 0.470703125 0.03125 0.041015625
0 0.64453125 0.427734375 0.033203125 0.04296875
0 0.64453125 0.390625 0.029296875 0.03515625
0 0.64453125 0.33203125 0.021484375 0.025390625
0 0.650390625 0.26171875 0.021484375 0.03515625
0 0.654296875 0.224609375 0.02734375 0.029296875
0 0.658203125 0.19140625 0.02734375 0.037109375