0 0.080078125 0.720703125 0.0859375 0.0703125
0 0.08203125 0.453125 0.0859375 0.0859375
0 0.0859375 0.556640625 0.0859375 0.0703125
0 0.091796875 0.66796875 0.078125 0.0703125
0 0.08984375 0.837890625 0.0703125 0.0625
0 0.076171875 0.609375 0.0703125 0.0625
0 0.02734375 0.849609375 0.0546875 0.08203125
0 0.087890625 0.91015625 0.046875 0.046875
0 0.09375 0.779296875 0.0703125 0.046875
0 0.1796875 0.720703125 0.046875 0.0390625
0 0.177734375 0.6484375 0.0546875 0.0625
0 0.173828125 0.583984375 0.05859375 0.05859375
0 0.171875 0.427734375 0.078125 0.0546875
0 0.091796875 0.34765625 0.06640625 0.0625
0 0.10546875 0.220703125 0.09375 0.0859375
0 0.16015625 0.09765625 0.10546875 0.078125