0 0.814453125 0.04296875 0.10546875 0.0859375
0 0.935546875 0.5 0.10546875 0.08984375
0 0.7109375 0.650390625 0.09375 0.078125
0 0.693359375 0.552734375 0.10546875 0.09765625
0 0.787109375 0.26953125 0.09765625 0.10546875
0 0.6640625 0.3828125 0.09375 0.0859375
0 0.67578125 0.291015625 0.1015625 0.0859375
0 0.447265625 0.220703125 0.09765625 0.0859375
0 0.578125 0.751953125 0.078125 0.0859375
0 0.400390625 0.94140625 0.078125 0.078125
0 0.837890625 0.146484375 0.09765625 0.0859375
0 0.517578125 0.177734375 0.0703125 0.06640625
0 0.884765625 0.337890625 0.09375 0.0859375
0 0.623046875 0.912109375 0.0859375 0.078125
0 0.669921875 0.462890625 0.10546875 0.078125
0 0.943359375 0.61328125 0.10546875 0.0859375
0 0.802734375 0.41796875 0.078125 0.078125
0 0.638671875 0.138671875 0.1015625 0.09375
0 0.509765625 0.927734375 0.0859375 0.0859375
0 0.51171875 0.65234375 0.0859375 0.0625
0 0.501953125 0.4296875 0.09375 0.0625
0 0.494140625 0.125 0.0703125 0.0546875
0 0.51171875 0.716796875 0.0859375 0.0625
0 0.98828125 0.927734375 0.0234375 0.12109375
0 0.638671875 0.984375 0.08984375 0.03125
0 0.427734375 0.12109375 0.0703125 0.0703125
0 0.515625 0.8125 0.0703125 0.0625
0 0.708984375 0.033203125 0.07421875 0.06640625
0 0.51171875 0.869140625 0.078125 0.0625
0 0.689453125 0.111328125 0.0859375 0.09375
0 0.509765625 0.595703125 0.078125 0.0625
0 0.5546875 0.306640625 0.0703125 0.046875
0 0.546875 0.345703125 0.0859375 0.0625
0 0.552734375 0.251953125 0.0703125 0.078125
0 0.498046875 0.04296875 0.0546875 0.0546875
0 0.89453125 0.23046875 0.0859375 0.09765625
0 0.505859375 0.486328125 0.0859375 0.0703125
0 0.494140625 0.017578125 0.05859375 0.02734375
0 0.462890625 0.302734375 0.05859375 0.078125
0 0.75 0.84375 0.09375 0.078125
0 0.763671875 0.935546875 0.08203125 0.07421875
0 0.962890625 0.244140625 0.0625 0.05859375
0 0.962890625 0.787109375 0.07421875 0.11328125
0 0.609375 0.8203125 0.078125 0.0546875
0 0.513671875 0.763671875 0.06640625 0.04296875
0 0.5078125 0.9765625 0.09765625 0.046875