0 0.689453125 0.138671875 0.09765625 0.091796875
0 0.65234375 0.478515625 0.10546875 0.091796875
0 0.818359375 0.935546875 0.10546875 0.087890625
0 0.85546875 0.3203125 0.072265625 0.076171875
0 0.681640625 0.681640625 0.09765625 0.09765625
0 0.8359375 0.21484375 0.083984375 0.076171875
0 0.607421875 0.095703125 0.083984375 0.076171875
0 0.958984375 0.625 0.080078125 0.072265625
0 0.724609375 0.888671875 0.109375 0.091796875
0 0.642578125 0.2890625 0.083984375 0.1015625
0 0.974609375 0.69140625 0.05078125 0.0859375
0 0.78515625 0.11328125 0.076171875 0.072265625
0 0.765625 0.345703125 0.072265625 0.07421875
0 0.876953125 0.43359375 0.060546875 0.0625
0 0.91015625 0.54296875 0.048828125 0.056640625
0 0.796875 0.546875 0.080078125 0.08203125
0 0.80859375 0.748046875 0.064453125 0.06640625
0 0.986328125 0.791015625 0.02734375 0.05859375
0 0.96484375 0.90234375 0.0703125 0.078125
0 0.9453125 0.986328125 0.0703125 0.02734375