0 0.4765625 0.451171875 0.087890625 0.087890625
0 0.583984375 0.55859375 0.10546875 0.1015625
0 0.62109375 0.447265625 0.12109375 0.10546875
0 0.4765625 0.33984375 0.087890625 0.083984375
0 0.533203125 0.658203125 0.10546875 0.09765625
0 0.5859375 0.8359375 0.109375 0.1015625
0 0.685546875 0.517578125 0.0703125 0.0625
0 0.62109375 0.078125 0.142578125 0.1328125
0 0.470703125 0.115234375 0.08984375 0.08203125
0 0.634765625 0.296875 0.08984375 0.080078125
0 0.724609375 0.3359375 0.0625 0.072265625
0 0.642578125 0.380859375 0.056640625 0.044921875
0 0.58984375 0.359375 0.0546875 0.0625
0 0.68359375 0.708984375 0.08203125 0.083984375
0 0.626953125 0.9296875 0.060546875 0.064453125