0 0.181640625 0.45703125 0.09765625 0.091796875
0 0.177734375 0.3359375 0.10546875 0.091796875
0 0.150390625 0.2109375 0.1015625 0.083984375
0 0.208984375 0.572265625 0.087890625 0.080078125
0 0.240234375 0.689453125 0.083984375 0.072265625
0 0.306640625 0.892578125 0.09765625 0.091796875
0 0.341796875 0.97265625 0.09765625 0.0546875
0 0.578125 0.828125 0.1015625 0.091796875
0 0.126953125 0.109375 0.1015625 0.087890625
0 0.2734375 0.8125 0.08203125 0.080078125
0 0.111328125 0.017578125 0.07421875 0.03515625