0 0.8203125 0.13671875 0.07421875 0.0703125
0 0.609375 0.015625 0.0703125 0.03125
0 0.59765625 0.126953125 0.06640625 0.078125
0 0.685546875 0.25390625 0.107421875 0.09765625
0 0.759765625 0.318359375 0.08203125 0.076171875
0 0.705078125 0.5625 0.048828125 0.052734375
0 0.767578125 0.572265625 0.1015625 0.103515625
0 0.83984375 0.609375 0.0859375 0.078125
0 0.724609375 0.673828125 0.076171875 0.064453125
0 0.796875 0.90234375 0.060546875 0.076171875
0 0.923828125 0.880859375 0.072265625 0.08203125
0 0.857421875 0.888671875 0.072265625 0.076171875