0 0.119140625 0.4453125 0.109375 0.109375
0 0.974609375 0.66796875 0.05078125 0.046875
0 0.185546875 0.73046875 0.0859375 0.0859375
0 0.142578125 0.876953125 0.09375 0.09375
0 0.1796875 0.1953125 0.0859375 0.09375
0 0.94921875 0.74609375 0.0625 0.0625
0 0.091796875 0.234375 0.0703125 0.0703125
0 0.240234375 0.873046875 0.078125 0.078125
0 0.283203125 0.951171875 0.078125 0.0703125
0 0.17578125 0.986328125 0.09375 0.02734375
0 0.791015625 0.943359375 0.046875 0.046875
0 0.138671875 0.564453125 0.1015625 0.0859375
0 0.2421875 0.408203125 0.078125 0.09765625
0 0.740234375 0.75390625 0.0546875 0.046875
0 0.435546875 0.986328125 0.078125 0.02734375
0 0.755859375 0.8203125 0.0390625 0.0390625
0 0.76953125 0.884765625 0.0390625 0.0390625
0 0.7109375 0.67578125 0.0546875 0.0546875
0 0.5390625 0.6328125 0.0390625 0.03125
0 0.537109375 0.3828125 0.0625 0.0625
0 0.62890625 0.798828125 0.0390625 0.03125
0 0.97265625 0.7890625 0.0546875 0.0703125
0 0.89453125 0.6015625 0.0625 0.0625
0 0.96484375 0.5703125 0.0625 0.0546875
0 0.6796875 0.6015625 0.0546875 0.046875
0 0.37109375 0.79296875 0.0703125 0.0859375
0 0.8671875 0.521484375 0.0546875 0.0625
0 0.65625 0.544921875 0.04296875 0.0390625
0 0.90625 0.67578125 0.0859375 0.078125
0 0.84765625 0.4453125 0.078125 0.06640625
0 0.0390625 0.146484375 0.0625 0.04296875
0 0.310546875 0.220703125 0.0546875 0.03125
0 0.361328125 0.318359375 0.0390625 0.03125
0 0.37109375 0.34765625 0.04296875 0.03125
0 0.3984375 0.404296875 0.0390625 0.03125
0 0.294921875 0.58984375 0.109375 0.0703125
0 0.48046875 0.66015625 0.1015625 0.078125
0 0.47265625 0.58984375 0.046875 0.04296875
0 0.498046875 0.931640625 0.0625 0.05859375
0 0.5078125 0.990234375 0.0625 0.015625
0 0.69140625 0.958984375 0.171875 0.08203125
0 0.673828125 0.9140625 0.03125 0.0234375
0 0.66796875 0.890625 0.0234375 0.0234375
0 0.658203125 0.865234375 0.02734375 0.02734375
0 0.642578125 0.83203125 0.03125 0.0390625
0 0.6171875 0.771484375 0.02734375 0.0234375
0 0.591796875 0.744140625 0.04296875 0.0390625
0 0.576171875 0.71484375 0.0234375 0.0234375
0 0.560546875 0.69140625 0.03125 0.0390625
0 0.5546875 0.658203125 0.0234375 0.02734375
0 0.51953125 0.60546875 0.03125 0.03125
0 0.51171875 0.578125 0.03125 0.02734375
0 0.501953125 0.5546875 0.0234375 0.01953125
0 0.486328125 0.53125 0.03125 0.0234375
0 0.46484375 0.521484375 0.0234375 0.0234375
0 0.466796875 0.501953125 0.03125 0.0234375
0 0.45703125 0.4765625 0.0546875 0.0234375
0 0.43359375 0.455078125 0.03125 0.0234375
0 0.419921875 0.431640625 0.0234375 0.0234375
0 0.068359375 0.744140625 0.1328125 0.125
0 0.03125 0.904296875 0.0625 0.10546875