0 0.294921875 0.4375 0.12109375 0.125
0 0.2109375 0.740234375 0.1171875 0.1015625
0 0.095703125 0.130859375 0.1328125 0.1328125
0 0.751953125 0.033203125 0.1015625 0.0625
0 0.494140625 0.744140625 0.109375 0.109375
0 0.9375 0.59765625 0.1171875 0.12109375
0 0.935546875 0.271484375 0.12890625 0.1328125
0 0.060546875 0.66796875 0.10546875 0.109375
0 0.740234375 0.27734375 0.125 0.12109375
0 0.291015625 0.869140625 0.09765625 0.0859375
0 0.37109375 0.19921875 0.11328125 0.1015625
0 0.046875 0.447265625 0.09375 0.10546875
0 0.27734375 0.01953125 0.140625 0.0390625
0 0.986328125 0.83984375 0.02734375 0.03125
0 0.44140625 0.404296875 0.09375 0.09375
0 0.541015625 0.587890625 0.1171875 0.1171875
0 0.67578125 0.716796875 0.10546875 0.09765625
0 0.794921875 0.84765625 0.109375 0.11328125
0 0.8984375 0.9609375 0.12890625 0.078125
0 0.517578125 0.439453125 0.046875 0.046875
0 0.541015625 0.4765625 0.0546875 0.0390625
0 0.57421875 0.5 0.046875 0.03125
0 0.587890625 0.51171875 0.0625 0.03125
0 0.619140625 0.53125 0.0625 0.0390625
0 0.646484375 0.55859375 0.046875 0.03125
0 0.94921875 0.822265625 0.0546875 0.046875
0 0.9296875 0.802734375 0.0546875 0.04296875
0 0.90234375 0.76953125 0.046875 0.046875
0 0.8671875 0.751953125 0.046875 0.03515625
0 0.8515625 0.73046875 0.0390625 0.0390625
0 0.8359375 0.703125 0.0546875 0.03515625
0 0.802734375 0.67578125 0.0390625 0.0234375
0 0.76953125 0.703125 0.0546875 0.04296875
0 0.77734375 0.66015625 0.03515625 0.03515625
0 0.744140625 0.640625 0.03125 0.03125
0 0.708984375 0.6328125 0.0390625 0.03125
0 0.6953125 0.603515625 0.0546875 0.05078125
0 0.666015625 0.576171875 0.05078125 0.046875