0 0.74609375 0.044921875 0.09765625 0.080078125
0 0.791015625 0.3125 0.080078125 0.068359375
0 0.791015625 0.185546875 0.080078125 0.080078125
0 0.7109375 0.26953125 0.076171875 0.064453125
0 0.603515625 0.978515625 0.08984375 0.04296875
0 0.806640625 0.7109375 0.080078125 0.076171875
0 0.796875 0.447265625 0.060546875 0.056640625
0 0.802734375 0.564453125 0.06640625 0.076171875
0 0.61328125 0.83203125 0.076171875 0.0859375
0 0.5 0.662109375 0.052734375 0.0703125
0 0.404296875 0.48828125 0.05078125 0.060546875
0 0.31640625 0.30859375 0.05078125 0.044921875
0 0.224609375 0.130859375 0.044921875 0.044921875