0 0.755859375 0.4921875 0.0625 0.0625
0 0.689453125 0.01953125 0.09765625 0.0390625
0 0.76953125 0.390625 0.0703125 0.0546875
0 0.77734375 0.4375 0.078125 0.0625
0 0.736328125 0.19140625 0.09375 0.0859375
0 0.75390625 0.3203125 0.0625 0.0546875
0 0.8046875 0.515625 0.04296875 0.0390625
0 0.7109375 0.12109375 0.0625 0.05859375
0 0.70703125 0.0703125 0.0703125 0.046875
0 0.7421875 0.279296875 0.0546875 0.04296875
0 0.751953125 0.359375 0.0546875 0.0390625
0 0.794921875 0.478515625 0.046875 0.03125