0 0.6015625 0.322265625 0.0859375 0.0703125
0 0.8359375 0.232421875 0.0859375 0.0703125
0 0.61328125 0.220703125 0.0703125 0.06640625
0 0.638671875 0.142578125 0.07421875 0.078125
0 0.587890625 0.396484375 0.09375 0.0625
0 0.57421875 0.46875 0.0859375 0.0546875
0 0.5390625 0.609375 0.0546875 0.0625
0 0.828125 0.31640625 0.07421875 0.0546875
0 0.845703125 0.15234375 0.06640625 0.0625
0 0.859375 0.080078125 0.0625 0.05078125
0 0.861328125 0.017578125 0.04296875 0.03515625
0 0.64453125 0.01953125 0.05078125 0.03125
0 0.638671875 0.0625 0.0390625 0.046875
0 0.810546875 0.4140625 0.05859375 0.0546875
0 0.796875 0.5234375 0.0625 0.0625
0 0.79296875 0.625 0.0703125 0.046875
0 0.779296875 0.734375 0.0703125 0.0625
0 0.810546875 0.87109375 0.0625 0.0703125
0 0.83203125 0.94921875 0.05078125 0.04296875
0 0.84375 0.990234375 0.0390625 0.015625