0 0.6796875 0.81640625 0.0390625 0.041015625
0 0.619140625 0.759765625 0.0390625 0.03515625
0 0.59375 0.544921875 0.04296875 0.048828125
0 0.619140625 0.62109375 0.046875 0.048828125
0 0.611328125 0.6875 0.048828125 0.037109375
0 0.5703125 0.478515625 0.0390625 0.044921875
0 0.560546875 0.3984375 0.02734375 0.033203125
0 0.546875 0.3359375 0.04296875 0.044921875
0 0.5390625 0.271484375 0.044921875 0.041015625
0 0.541015625 0.185546875 0.04296875 0.0390625
0 0.5234375 0.125 0.05078125 0.048828125