0 0.50390625 0.779296875 0.080078125 0.083984375
0 0.296875 0.71484375 0.068359375 0.076171875
0 0.314453125 0.54296875 0.064453125 0.068359375
0 0.833984375 0.33203125 0.09765625 0.091796875
0 0.642578125 0.951171875 0.083984375 0.087890625
0 0.5546875 0.89453125 0.083984375 0.087890625
0 0.43359375 0.638671875 0.068359375 0.076171875
0 0.46484375 0.916015625 0.076171875 0.080078125
0 0.755859375 0.23828125 0.076171875 0.080078125
0 0.283203125 0.025390625 0.08984375 0.05078125
0 0.142578125 0.14453125 0.083984375 0.087890625
0 0.208984375 0.546875 0.072265625 0.068359375
0 0.693359375 0.736328125 0.056640625 0.060546875
0 0.62890625 0.634765625 0.064453125 0.060546875
0 0.912109375 0.1171875 0.072265625 0.072265625
0 0.875 0.947265625 0.064453125 0.064453125
0 0.689453125 0.033203125 0.12109375 0.064453125
0 0.54296875 0.583984375 0.083984375 0.080078125
0 0.16796875 0.73828125 0.083984375 0.064453125
0 0.927734375 0.853515625 0.087890625 0.091796875
0 0.9609375 0.337890625 0.076171875 0.087890625
0 0.169921875 0.666015625 0.087890625 0.087890625
0 0.1640625 0.4765625 0.076171875 0.064453125
0 0.302734375 0.896484375 0.064453125 0.076171875
0 0.4296875 0.7578125 0.052734375 0.056640625
0 0.52734375 0.65234375 0.064453125 0.056640625
0 0.1171875 0.423828125 0.072265625 0.064453125
0 0.51953125 0.322265625 0.080078125 0.080078125
0 0.185546875 0.19140625 0.064453125 0.060546875
0 0.224609375 0.78515625 0.1015625 0.1015625
0 0.681640625 0.12109375 0.09765625 0.087890625
0 0.87890625 0.240234375 0.064453125 0.060546875
0 0.423828125 0.20703125 0.09765625 0.1015625
0 0.375 0.806640625 0.072265625 0.080078125
0 0.08984375 0.046875 0.076171875 0.060546875
0 0.34375 0.9765625 0.0546875 0.046875
0 0.650390625 0.47265625 0.076171875 0.087890625
0 0.5859375 0.685546875 0.060546875 0.072265625
0 0.87109375 0.625 0.072265625 0.072265625
0 0.02734375 0.220703125 0.0546875 0.09765625
0 0.236328125 0.716796875 0.060546875 0.064453125
0 0.716796875 0.447265625 0.08203125 0.08203125
0 0.833984375 0.189453125 0.052734375 0.0546875
0 0.794921875 0.138671875 0.087890625 0.091796875
0 0.74609375 0.072265625 0.09375 0.10546875
0 0.912109375 0.015625 0.0390625 0.02734375
0 0.93359375 0.03125 0.041015625 0.03125
0 0.958984375 0.056640625 0.046875 0.037109375
0 0.98046875 0.083984375 0.037109375 0.037109375
0 0.966796875 0.22265625 0.06640625 0.064453125
0 0.82421875 0.671875 0.103515625 0.11328125
0 0.9765625 0.8359375 0.046875 0.107421875
0 0.970703125 0.96875 0.05078125 0.0625
0 0.654296875 0.849609375 0.10546875 0.0859375
0 0.6171875 0.90625 0.0390625 0.04296875
0 0.6953125 0.982421875 0.05078125 0.033203125
0 0.7578125 0.8359375 0.0390625 0.044921875
0 0.78125 0.861328125 0.033203125 0.033203125
0 0.755859375 0.88671875 0.06640625 0.0546875
0 0.2109375 0.26171875 0.04296875 0.05078125
0 0.232421875 0.296875 0.03515625 0.03515625
0 0.240234375 0.326171875 0.041015625 0.033203125
0 0.361328125 0.470703125 0.068359375 0.05859375
0 0.388671875 0.515625 0.03515625 0.0390625
0 0.41015625 0.5390625 0.046875 0.03125
0 0.427734375 0.55859375 0.05078125 0.03515625
0 0.443359375 0.576171875 0.052734375 0.03125
0 0.455078125 0.6015625 0.0390625 0.03515625
0 0.205078125 0.603515625 0.10546875 0.080078125
0 0.07421875 0.53125 0.09375 0.091796875
0 0.12890625 0.505859375 0.05859375 0.033203125
0 0.5078125 0.966796875 0.08203125 0.06640625
0 0.404296875 0.986328125 0.05859375 0.02734375
0 0.271484375 0.96875 0.08203125 0.0625
0 0.044921875 0.447265625 0.08984375 0.095703125
0 0.05859375 0.3046875 0.064453125 0.0703125
0 0.14453125 0.388671875 0.04296875 0.048828125