0 0.720703125 0.22265625 0.09375 0.078125
0 0.83984375 0.212890625 0.09375 0.0859375
0 0.728515625 0.1484375 0.109375 0.09765625
0 0.728515625 0.763671875 0.109375 0.1015625
0 0.728515625 0.376953125 0.09375 0.1015625
0 0.73046875 0.580078125 0.10546875 0.10546875
0 0.73046875 0.953125 0.11328125 0.09375
0 0.8203125 0.0390625 0.09375 0.078125
0 0.94921875 0.107421875 0.0859375 0.078125
0 0.71875 0.015625 0.1171875 0.03125
0 0.873046875 0.625 0.1015625 0.09765625
0 0.84765625 0.40234375 0.08203125 0.07421875
0 0.919921875 0.84765625 0.09375 0.08984375
0 0.9765625 0.2421875 0.046875 0.078125
0 0.96484375 0.029296875 0.0703125 0.05859375