0 0.23046875 0.80859375 0.08203125 0.0859375
0 0.228515625 0.95703125 0.0703125 0.0625
0 0.22265625 0.888671875 0.0625 0.05078125
0 0.234375 0.7265625 0.0703125 0.05859375
0 0.236328125 0.66015625 0.05859375 0.0625
0 0.236328125 0.583984375 0.0546875 0.046875
0 0.240234375 0.521484375 0.046875 0.046875
0 0.244140625 0.115234375 0.0390625 0.04296875
0 0.244140625 0.14453125 0.0390625 0.02734375
0 0.25 0.171875 0.0390625 0.03515625
0 0.25390625 0.2109375 0.0390625 0.05078125
0 0.259765625 0.361328125 0.03515625 0.0234375
0 0.267578125 0.384765625 0.03515625 0.02734375
0 0.24609375 0.44140625 0.0546875 0.03125
0 0.25 0.48046875 0.0703125 0.046875