0 0.857421875 0.494140625 0.109375 0.09765625
0 0.4609375 0.060546875 0.091796875 0.09765625
0 0.73046875 0.216796875 0.087890625 0.09375
0 0.43359375 0.900390625 0.068359375 0.076171875
0 0.82421875 0.333984375 0.1015625 0.109375
0 0.232421875 0.9453125 0.052734375 0.052734375
0 0.37109375 0.6796875 0.064453125 0.064453125
0 0.67578125 0.30078125 0.076171875 0.076171875
0 0.765625 0.841796875 0.064453125 0.064453125
0 0.236328125 0.375 0.068359375 0.076171875
0 0.048828125 0.37109375 0.080078125 0.076171875
0 0.41015625 0.80078125 0.068359375 0.080078125
0 0.556640625 0.337890625 0.064453125 0.068359375
0 0.953125 0.337890625 0.060546875 0.060546875
0 0.201171875 0.8359375 0.048828125 0.044921875
0 0.734375 0.91015625 0.064453125 0.064453125
0 0.974609375 0.2578125 0.05078125 0.0625
0 0.9375 0.421875 0.060546875 0.056640625
0 0.71484375 0.39453125 0.076171875 0.0859375
0 0.181640625 0.703125 0.072265625 0.068359375
0 0.12890625 0.88671875 0.056640625 0.056640625
0 0.1484375 0.951171875 0.048828125 0.048828125
0 0.119140625 0.7578125 0.060546875 0.064453125
0 0.5234375 0.548828125 0.048828125 0.044921875
0 0.908203125 0.203125 0.056640625 0.056640625
0 0.1171875 0.826171875 0.041015625 0.041015625
0 0.896484375 0.599609375 0.083984375 0.08984375
0 0.51171875 0.15625 0.056640625 0.052734375
0 0.560546875 0.5 0.056640625 0.052734375
0 0.9140625 0.283203125 0.068359375 0.072265625
0 0.931640625 0.50390625 0.048828125 0.052734375
0 0.916015625 0.974609375 0.048828125 0.044921875
0 0.546875 0.82421875 0.037109375 0.044921875
0 0.89453125 0.140625 0.056640625 0.052734375
0 0.953125 0.185546875 0.052734375 0.048828125
0 0.021484375 0.27734375 0.04296875 0.0703125
0 0.953125 0.650390625 0.091796875 0.076171875
0 0.548828125 0.015625 0.07421875 0.03125
0 0.94140625 0.57421875 0.044921875 0.048828125
0 0.328125 0.5625 0.060546875 0.072265625
0 0.982421875 0.06640625 0.03515625 0.046875
0 0.83203125 0.189453125 0.083984375 0.09765625
0 0.146484375 0.984375 0.05078125 0.03125
0 0.630859375 0.46484375 0.068359375 0.072265625
0 0.279296875 0.44921875 0.083984375 0.080078125
0 0.666015625 0.271484375 0.09765625 0.11328125
0 0.98828125 0.81640625 0.0234375 0.060546875
0 0.330078125 0.83203125 0.033203125 0.029296875
0 0.904296875 0.92578125 0.044921875 0.044921875
0 0.341796875 0.763671875 0.041015625 0.037109375
0 0.42578125 0.021484375 0.109375 0.04296875