0 0.193359375 0.107421875 0.06640625 0.0625
0 0.158203125 0.361328125 0.056640625 0.05859375
0 0.15234375 0.505859375 0.064453125 0.05859375
0 0.12890625 0.59375 0.103515625 0.1015625
0 0.091796875 0.7890625 0.072265625 0.083984375
0 0.099609375 0.87109375 0.08203125 0.0703125
0 0.1015625 0.958984375 0.0625 0.08203125
0 0.501953125 0.818359375 0.037109375 0.044921875
0 0.50390625 0.453125 0.033203125 0.041015625
0 0.501953125 0.35546875 0.0390625 0.044921875
0 0.498046875 0.201171875 0.03515625 0.033203125
0 0.505859375 0.115234375 0.044921875 0.044921875