0 0.59765625 0.169921875 0.080078125 0.064453125
0 0.580078125 0.0859375 0.072265625 0.060546875
0 0.62109375 0.25390625 0.083984375 0.078125
0 0.640625 0.328125 0.064453125 0.07421875
0 0.66015625 0.412109375 0.0546875 0.0703125
0 0.68359375 0.50390625 0.037109375 0.044921875
0 0.65234375 0.474609375 0.037109375 0.041015625
0 0.615234375 0.40625 0.046875 0.033203125
0 0.62109375 0.435546875 0.037109375 0.03515625
0 0.556640625 0.2890625 0.060546875 0.044921875
0 0.52734375 0.2265625 0.052734375 0.048828125
0 0.5 0.158203125 0.048828125 0.044921875
0 0.462890625 0.099609375 0.044921875 0.0390625
0 0.48828125 0.12109375 0.046875 0.0625
0 0.7109375 0.560546875 0.048828125 0.0546875
0 0.69140625 0.634765625 0.052734375 0.05078125
0 0.591796875 0.509765625 0.068359375 0.064453125
0 0.69140625 0.720703125 0.0546875 0.046875
0 0.681640625 0.82421875 0.04296875 0.052734375
0 0.705078125 0.892578125 0.068359375 0.0625
0 0.806640625 0.951171875 0.048828125 0.046875
0 0.421875 0.01953125 0.0546875 0.0390625