0 0.345703125 0.03125 0.07421875 0.0625
0 0.224609375 0.54296875 0.046875 0.05078125
0 0.16015625 0.984375 0.046875 0.03125
0 0.16796875 0.9375 0.046875 0.0390625
0 0.083984375 0.990234375 0.0625 0.01953125
0 0.05859375 0.966796875 0.0390625 0.02734375
0 0.041015625 0.947265625 0.0546875 0.02734375
0 0.021484375 0.92578125 0.04296875 0.03125
0 0.0234375 0.86328125 0.046875 0.05859375
0 0.015625 0.802734375 0.03125 0.0390625
0 0.017578125 0.755859375 0.03515625 0.04296875
0 0.01171875 0.701171875 0.0234375 0.046875
0 0.0078125 0.654296875 0.015625 0.03515625
0 0.009765625 0.607421875 0.01953125 0.0390625
0 0.017578125 0.53515625 0.03515625 0.0390625
0 0.017578125 0.490234375 0.03515625 0.0390625
0 0.09765625 0.921875 0.05078125 0.0546875
0 0.119140625 0.84765625 0.04296875 0.046875
0 0.126953125 0.794921875 0.0390625 0.046875
0 0.1484375 0.734375 0.0390625 0.05078125
0 0.18359375 0.669921875 0.0390625 0.046875
0 0.21484375 0.607421875 0.03515625 0.0390625
0 0.267578125 0.484375 0.046875 0.046875
0 0.330078125 0.33203125 0.046875 0.046875
0 0.375 0.265625 0.04296875 0.05078125
0 0.40625 0.283203125 0.05078125 0.046875
0 0.439453125 0.32421875 0.0390625 0.03515625
0 0.47265625 0.357421875 0.03125 0.03515625
0 0.51171875 0.396484375 0.04296875 0.046875
0 0.55078125 0.435546875 0.03515625 0.0390625
0 0.38671875 0.169921875 0.0390625 0.0390625
0 0.39453125 0.1328125 0.046875 0.0234375
0 0.365234375 0.09765625 0.0546875 0.0546875
0 0.419921875 0.1015625 0.0390625 0.0390625
0 0.447265625 0.0703125 0.03125 0.03515625
0 0.46875 0.041015625 0.03515625 0.03125
0 0.275390625 0.412109375 0.06640625 0.05859375