0 0.69140625 0.921875 0.083984375 0.060546875
0 0.638671875 0.767578125 0.068359375 0.052734375
0 0.56640625 0.30078125 0.068359375 0.052734375
0 0.56640625 0.203125 0.060546875 0.060546875
0 0.572265625 0.357421875 0.072265625 0.052734375
0 0.591796875 0.52734375 0.064453125 0.056640625
0 0.57421875 0.416015625 0.068359375 0.056640625
0 0.541015625 0.04296875 0.056640625 0.052734375
0 0.607421875 0.625 0.076171875 0.056640625
0 0.5625 0.146484375 0.060546875 0.068359375
0 0.578125 0.47265625 0.068359375 0.056640625
0 0.57421875 0.25 0.060546875 0.048828125
0 0.546875 0.08984375 0.060546875 0.044921875
0 0.595703125 0.576171875 0.068359375 0.056640625
0 0.5703125 0.322265625 0.076171875 0.064453125
0 0.61328125 0.677734375 0.041015625 0.037109375
0 0.529296875 0.015625 0.044921875 0.029296875
0 0.62890625 0.732421875 0.0703125 0.048828125
0 0.6484375 0.80859375 0.048828125 0.041015625
0 0.658203125 0.865234375 0.072265625 0.056640625
0 0.70703125 0.96875 0.06640625 0.044921875