0 0.638671875 0.796875 0.052734375 0.052734375
0 0.42578125 0.15234375 0.060546875 0.064453125
0 0.662109375 0.62109375 0.033203125 0.033203125
0 0.42578125 0.62109375 0.052734375 0.048828125
0 0.775390625 0.91015625 0.095703125 0.095703125
0 0.412109375 0.73046875 0.048828125 0.048828125
0 0.66796875 0.94921875 0.1328125 0.1015625
0 0.662109375 0.583984375 0.0390625 0.033203125
0 0.669921875 0.5546875 0.025390625 0.03125
0 0.654296875 0.375 0.0390625 0.033203125
0 0.6484375 0.34375 0.033203125 0.033203125
0 0.4375 0.478515625 0.046875 0.048828125
0 0.43359375 0.5390625 0.041015625 0.0390625
0 0.423828125 0.59375 0.037109375 0.033203125
0 0.412109375 0.78515625 0.05078125 0.048828125
0 0.390625 0.814453125 0.044921875 0.0390625