0 0.142578125 0.505859375 0.109375 0.09765625
0 0.5390625 0.939453125 0.09375 0.09765625
0 0.26953125 0.783203125 0.08984375 0.09375
0 0.56640625 0.099609375 0.0703125 0.078125
0 0.17578125 0.666015625 0.1015625 0.109375
0 0.767578125 0.0546875 0.0546875 0.0546875
0 0.62890625 0.3203125 0.0625 0.0625
0 0.32421875 0.69921875 0.078125 0.078125
0 0.234375 0.158203125 0.0625 0.0625
0 0.763671875 0.625 0.0703125 0.078125
0 0.951171875 0.62890625 0.078125 0.078125
0 0.58984375 0.19921875 0.0703125 0.078125
0 0.443359375 0.662109375 0.0625 0.0703125
0 0.046875 0.662109375 0.0625 0.0625
0 0.798828125 0.1640625 0.046875 0.046875
0 0.265625 0.08984375 0.0625 0.0625
0 0.025390625 0.7421875 0.05078125 0.0625
0 0.0625 0.578125 0.0625 0.05859375
0 0.28515625 0.60546875 0.078125 0.0859375
0 0.818359375 0.296875 0.0703125 0.0703125
0 0.87109375 0.11328125 0.0546875 0.0546875
0 0.8515625 0.048828125 0.05078125 0.046875
0 0.880859375 0.2421875 0.0625 0.0625
0 0.4765625 0.451171875 0.046875 0.046875
0 0.091796875 0.796875 0.05859375 0.0546875
0 0.8828125 0.173828125 0.0390625 0.0390625
0 0.103515625 0.400390625 0.0859375 0.08984375
0 0.48828125 0.84375 0.0546875 0.0546875
0 0.439453125 0.5 0.0546875 0.0546875
0 0.0859375 0.716796875 0.0703125 0.0703125
0 0.068359375 0.49609375 0.05078125 0.0546875
0 0.083984375 0.025390625 0.05078125 0.046875
0 0.453125 0.17578125 0.0390625 0.046875
0 0.10546875 0.859375 0.05859375 0.0546875
0 0.046875 0.814453125 0.0546875 0.05078125
0 0.978515625 0.72265625 0.04296875 0.0703125
0 0.046875 0.349609375 0.09375 0.078125
0 0.451171875 0.984375 0.07421875 0.03125
0 0.05859375 0.42578125 0.046875 0.05078125
0 0.671875 0.4375 0.0625 0.0703125
0 0.017578125 0.93359375 0.03515625 0.046875
0 0.16796875 0.810546875 0.0859375 0.09765625
0 0.853515625 0.015625 0.05078125 0.03125
0 0.369140625 0.53515625 0.0703125 0.0703125
0 0.720703125 0.55078125 0.0859375 0.078125
0 0.333984375 0.728515625 0.09765625 0.11328125
0 0.01171875 0.18359375 0.0234375 0.0625
0 0.669921875 0.16796875 0.03125 0.03125
0 0.095703125 0.07421875 0.046875 0.046875
0 0.658203125 0.236328125 0.0390625 0.0390625
0 0.57421875 0.978515625 0.109375 0.04296875