0 0.32421875 0.521484375 0.08984375 0.08984375
0 0.451171875 0.470703125 0.09375 0.0859375
0 0.392578125 0.353515625 0.09765625 0.0859375
0 0.265625 0.71484375 0.09375 0.076171875
0 0.3671875 0.720703125 0.0859375 0.080078125
0 0.359375 0.455078125 0.08984375 0.076171875
0 0.515625 0.326171875 0.06640625 0.076171875
0 0.46484375 0.30078125 0.068359375 0.08984375
0 0.501953125 0.23046875 0.083984375 0.056640625
0 0.53515625 0.162109375 0.05078125 0.0546875
0 0.2734375 0.6328125 0.09765625 0.087890625