0 0.3828125 0.716796875 0.08984375 0.08984375
0 0.25 0.294921875 0.08984375 0.078125
0 0.193359375 0.109375 0.078125 0.0703125
0 0.05859375 0.423828125 0.0546875 0.0546875
0 0.33203125 0.470703125 0.09375 0.1015625
0 0.107421875 0.384765625 0.0546875 0.0546875
0 0.0625 0.802734375 0.046875 0.046875
0 0.025390625 0.53125 0.046875 0.05078125
0 0.083984375 0.74609375 0.046875 0.046875
0 0.029296875 0.728515625 0.046875 0.0546875
0 0.109375 0.66796875 0.05078125 0.046875
0 0.044921875 0.65234375 0.04296875 0.046875
0 0.044921875 0.609375 0.03515625 0.03515625
0 0.03515625 0.5859375 0.03125 0.02734375
0 0.013671875 0.466796875 0.02734375 0.03125
0 0.091796875 0.546875 0.04296875 0.0390625
0 0.076171875 0.48828125 0.046875 0.04296875
0 0.474609375 0.970703125 0.09375 0.05859375