0 0.568359375 0.94921875 0.05078125 0.0390625
0 0.09765625 0.0546875 0.0625 0.0625
0 0.90234375 0.388671875 0.0390625 0.0390625
0 0.791015625 0.60546875 0.0546875 0.046875
0 0.765625 0.642578125 0.046875 0.0390625
0 0.8671875 0.46484375 0.046875 0.0390625
0 0.921875 0.345703125 0.046875 0.0390625
0 0.609375 0.875 0.046875 0.046875
0 0.044921875 0.232421875 0.05078125 0.05859375
0 0.0234375 0.28515625 0.046875 0.0546875
0 0.947265625 0.310546875 0.03125 0.03515625
0 0.96484375 0.259765625 0.046875 0.0390625
0 0.990234375 0.171875 0.01953125 0.0390625
0 0.884765625 0.419921875 0.03515625 0.03515625
0 0.84765625 0.494140625 0.0390625 0.0390625
0 0.828125 0.529296875 0.046875 0.046875
0 0.810546875 0.560546875 0.04296875 0.0390625
0 0.748046875 0.685546875 0.0390625 0.046875
0 0.669921875 0.783203125 0.03125 0.03125
0 0.65234375 0.814453125 0.03125 0.03515625
0 0.5859375 0.90625 0.03125 0.04296875
0 0.552734375 0.990234375 0.0546875 0.01953125