0 0.58203125 0.716796875 0.09765625 0.087890625
0 0.6875 0.28515625 0.10546875 0.1015625
0 0.826171875 0.37109375 0.10546875 0.087890625
0 0.853515625 0.2265625 0.10546875 0.10546875
0 0.390625 0.08203125 0.1171875 0.1171875
0 0.53125 0.19921875 0.11328125 0.109375
0 0.65234375 0.650390625 0.08984375 0.083984375
0 0.353515625 0.564453125 0.09375 0.087890625
0 0.681640625 0.126953125 0.1171875 0.109375
0 0.96875 0.306640625 0.060546875 0.12890625
0 0.6015625 0.0859375 0.076171875 0.076171875
0 0.056640625 0.517578125 0.09765625 0.083984375
0 0.53125 0.05078125 0.08984375 0.083984375
0 0.5 0.609375 0.09375 0.10546875
0 0.201171875 0.537109375 0.076171875 0.08203125
0 0.197265625 0.658203125 0.083984375 0.080078125
0 0.013671875 0.595703125 0.02734375 0.06640625
0 0.380859375 0.67578125 0.09375 0.091796875
0 0.763671875 0.7890625 0.0625 0.072265625
0 0.919921875 0.763671875 0.060546875 0.083984375
0 0.927734375 0.865234375 0.0546875 0.076171875
0 0.98046875 0.029296875 0.037109375 0.03515625
0 0.90625 0.013671875 0.041015625 0.02734375