0 0.701171875 0.20703125 0.0703125 0.0546875
0 0.6796875 0.138671875 0.0703125 0.0703125
0 0.658203125 0.06640625 0.0703125 0.0546875
0 0.806640625 0.458984375 0.0703125 0.0703125
0 0.841796875 0.634765625 0.078125 0.078125
0 0.71875 0.255859375 0.046875 0.046875
0 0.75 0.3125 0.0546875 0.0546875
0 0.779296875 0.380859375 0.05078125 0.046875
0 0.828125 0.53125 0.05859375 0.0625
0 0.86328125 0.75 0.046875 0.0625
0 0.873046875 0.861328125 0.05078125 0.046875
0 0.880859375 0.962890625 0.0390625 0.0390625
0 0.630859375 0.01171875 0.03125 0.0234375
0 0.578125 0.005859375 0.03125 0.0078125
0 0.552734375 0.02734375 0.03125 0.02734375
0 0.53125 0.0546875 0.0390625 0.0390625
0 0.5 0.09765625 0.0390625 0.0390625
0 0.46875 0.12890625 0.0390625 0.0390625
0 0.42578125 0.18359375 0.03515625 0.03125
0 0.38671875 0.232421875 0.05859375 0.05078125