0 0.5859375 0.91015625 0.0703125 0.078125
0 0.576171875 0.03125 0.07421875 0.0625
0 0.578125 0.810546875 0.0625 0.0625
0 0.591796875 0.3125 0.0625 0.0703125
0 0.57421875 0.716796875 0.0625 0.0625
0 0.568359375 0.498046875 0.0625 0.078125
0 0.57421875 0.59765625 0.0546875 0.0546875
0 0.576171875 0.396484375 0.046875 0.0546875
0 0.5859375 0.21484375 0.05859375 0.0546875
0 0.572265625 0.107421875 0.0625 0.06640625
0 0.513671875 0.03515625 0.03515625 0.03125
0 0.517578125 0.1015625 0.04296875 0.03125
0 0.51953125 0.259765625 0.04296875 0.0390625
0 0.51953125 0.40234375 0.046875 0.0625