0 0.509765625 0.53515625 0.1171875 0.12109375
0 0.451171875 0.935546875 0.080078125 0.080078125
0 0.626953125 0.193359375 0.091796875 0.09765625
0 0.412109375 0.162109375 0.10546875 0.10546875
0 0.23046875 0.142578125 0.10546875 0.11328125
0 0.447265625 0.314453125 0.10546875 0.1015625
0 0.41796875 0.8515625 0.083984375 0.0859375
0 0.666015625 0.505859375 0.087890625 0.08984375
0 0.58203125 0.7734375 0.1171875 0.11328125
0 0.404296875 0.771484375 0.083984375 0.068359375
0 0.5390625 0.193359375 0.091796875 0.080078125
0 0.36328125 0.36328125 0.10546875 0.09375
0 0.615234375 0.419921875 0.083984375 0.0859375
0 0.48828125 0.109375 0.087890625 0.080078125
0 0.5703125 0.29296875 0.083984375 0.0859375
0 0.39453125 0.599609375 0.087890625 0.080078125
0 0.203125 0.69921875 0.068359375 0.052734375
0 0.8359375 0.8203125 0.083984375 0.0859375
0 0.2109375 0.74609375 0.076171875 0.060546875
0 0.248046875 0.978515625 0.06640625 0.04296875
0 0.697265625 0.392578125 0.095703125 0.09375
0 0.1953125 0.630859375 0.064453125 0.072265625
0 0.220703125 0.8046875 0.046875 0.0390625
0 0.244140625 0.958984375 0.05859375 0.033203125
0 0.171875 0.45703125 0.048828125 0.044921875
0 0.1640625 0.40625 0.060546875 0.0625
0 0.185546875 0.5625 0.0546875 0.05078125
0 0.17578125 0.5 0.044921875 0.052734375
0 0.404296875 0.6875 0.064453125 0.056640625
0 0.693359375 0.6015625 0.064453125 0.0625
0 0.81640625 0.67578125 0.056640625 0.0859375
0 0.798828125 0.56640625 0.05078125 0.060546875