0 0.62890625 0.810546875 0.087890625 0.080078125
0 0.875 0.23046875 0.11328125 0.11328125
0 0.900390625 0.11328125 0.125 0.10546875
0 0.728515625 0.62890625 0.091796875 0.080078125
0 0.806640625 0.447265625 0.12109375 0.10546875
0 0.783203125 0.958984375 0.087890625 0.080078125
0 0.84765625 0.3359375 0.1015625 0.125
0 0.771484375 0.53515625 0.0703125 0.072265625
0 0.681640625 0.703125 0.12890625 0.109375
0 0.5546875 0.724609375 0.07421875 0.076171875
0 0.478515625 0.650390625 0.072265625 0.052734375
0 0.435546875 0.583984375 0.0859375 0.072265625
0 0.70703125 0.880859375 0.10546875 0.0625
0 0.376953125 0.451171875 0.068359375 0.068359375
0 0.15234375 0.779296875 0.052734375 0.041015625
0 0.166015625 0.876953125 0.052734375 0.04296875
0 0.18359375 0.931640625 0.05078125 0.0390625