0 0.24609375 0.873046875 0.09765625 0.0859375
0 0.1796875 0.37109375 0.109375 0.09765625
0 0.240234375 0.751953125 0.09375 0.0859375
0 0.158203125 0.267578125 0.11328125 0.09375
0 0.130859375 0.16015625 0.1015625 0.0859375
0 0.224609375 0.548828125 0.09375 0.09765625
0 0.09765625 0.041015625 0.10546875 0.07421875
0 0.265625 0.974609375 0.1015625 0.05078125
0 0.294921875 0.037109375 0.11328125 0.0703125
0 0.357421875 0.1328125 0.0859375 0.0859375
0 0.212890625 0.455078125 0.078125 0.078125
0 0.1640625 0.630859375 0.04296875 0.0546875
0 0.1875 0.609375 0.0234375 0.0234375
0 0.23046875 0.640625 0.07421875 0.0625
0 0.244140625 0.689453125 0.0625 0.0546875
0 0.15625 0.701171875 0.09765625 0.06640625
0 0.009765625 0.474609375 0.01953125 0.1015625