0 0.69140625 0.4453125 0.078125 0.07421875
0 0.6328125 0.189453125 0.09375 0.0625
0 0.591796875 0.052734375 0.06640625 0.046875
0 0.650390625 0.248046875 0.1015625 0.0625
0 0.67578125 0.345703125 0.078125 0.078125
0 0.607421875 0.095703125 0.0703125 0.0546875
0 0.6796875 0.87890625 0.0546875 0.046875
0 0.705078125 0.958984375 0.07421875 0.0546875
0 0.673828125 0.830078125 0.0625 0.0546875
0 0.57421875 0.01953125 0.078125 0.0390625
0 0.609375 0.140625 0.078125 0.0625
0 0.671875 0.76171875 0.0625 0.0546875
0 0.724609375 0.58984375 0.078125 0.0703125
0 0.693359375 0.91796875 0.046875 0.046875
0 0.720703125 0.9921875 0.0546875 0.015625
0 0.728515625 0.65625 0.0859375 0.06640625
0 0.7109375 0.49609375 0.0625 0.05859375
0 0.689453125 0.40625 0.046875 0.0390625
0 0.650390625 0.30078125 0.06640625 0.046875
0 0.19921875 0.990234375 0.0390625 0.015625
0 0.130859375 0.994140625 0.0390625 0.01171875
0 0.173828125 0.94921875 0.0546875 0.0546875
0 0.115234375 0.71875 0.046875 0.04296875
0 0.09765625 0.66796875 0.03515625 0.03515625
0 0.044921875 0.53515625 0.03125 0.03125