0 0.271484375 0.55078125 0.0546875 0.0546875
0 0.955078125 0.20703125 0.0859375 0.08984375
0 0.255859375 0.37890625 0.0859375 0.0859375
0 0.62890625 0.279296875 0.078125 0.08984375
0 0.728515625 0.447265625 0.09375 0.109375
0 0.87109375 0.3828125 0.10546875 0.1015625
0 0.029296875 0.21875 0.05859375 0.0625
0 0.458984375 0.33203125 0.0859375 0.08984375
0 0.541015625 0.40234375 0.09765625 0.1015625
0 0.357421875 0.392578125 0.0546875 0.0703125
0 0.673828125 0.357421875 0.0859375 0.0859375
0 0.423828125 0.25390625 0.0859375 0.0859375
0 0.609375 0.521484375 0.0859375 0.09765625
0 0.701171875 0.65234375 0.0859375 0.09765625
0 0.4921875 0.634765625 0.078125 0.078125
0 0.58203125 0.19140625 0.0859375 0.0859375
0 0.412109375 0.115234375 0.0703125 0.078125
0 0.408203125 0.91015625 0.0703125 0.0625
0 0.640625 0.046875 0.078125 0.078125
0 0.2890625 0.623046875 0.0703125 0.0625
0 0.4609375 0.552734375 0.0703125 0.0703125
0 0.28515625 0.701171875 0.0546875 0.0546875
0 0.064453125 0.291015625 0.0546875 0.0546875
0 0.326171875 0.76171875 0.0625 0.0546875
0 0.404296875 0.4765625 0.0625 0.0703125
0 0.52734375 0.822265625 0.0703125 0.08984375
0 0.306640625 0.310546875 0.0703125 0.0859375
0 0.818359375 0.6171875 0.078125 0.0703125
0 0.76171875 0.208984375 0.0859375 0.09375
0 0.189453125 0.447265625 0.0625 0.0625
0 0.10546875 0.34765625 0.0625 0.0625
0 0.5546875 0.712890625 0.09375 0.09765625
0 0.826171875 0.095703125 0.0703125 0.078125
0 0.353515625 0.82421875 0.0859375 0.078125
0 0.34765625 0.087890625 0.0546875 0.0625
0 0.462890625 0.962890625 0.0859375 0.0703125
0 0.765625 0.55078125 0.0859375 0.08984375
0 0.98046875 0.095703125 0.0390625 0.07421875
0 0.8125 0.93359375 0.0859375 0.09375
0 0.658203125 0.1328125 0.0625 0.0703125
0 0.416015625 0.595703125 0.078125 0.08984375
0 0.224609375 0.48828125 0.0625 0.0703125
0 0.146484375 0.390625 0.0625 0.0625
0 0.49609375 0.255859375 0.0625 0.0625
0 0.5390625 0.1328125 0.0859375 0.0625
0 0.875 0.04296875 0.0625 0.0625
0 0.4765625 0.822265625 0.046875 0.0546875
0 0.966796875 0.541015625 0.0625 0.0625
0 0.486328125 0.890625 0.0546875 0.046875
0 0.279296875 0.072265625 0.0625 0.0625
0 0.5859375 0.974609375 0.078125 0.05078125
0 0.302734375 0.015625 0.06640625 0.03125
0 0.55078125 0.90625 0.0703125 0.0703125
0 0.38671875 0.166015625 0.10546875 0.08984375
0 0.55859375 0.015625 0.078125 0.03125
0 0.146484375 0.140625 0.0625 0.0625
0 0.22265625 0.220703125 0.0546875 0.0625
0 0.982421875 0.96875 0.03515625 0.046875
0 0.373046875 0.876953125 0.0546875 0.046875
0 0.08984375 0.177734375 0.0546875 0.0703125
0 0.859375 0.64453125 0.0546875 0.0625
0 0.91015625 0.65625 0.0390625 0.03125
0 0.890625 0.69921875 0.046875 0.0390625
0 0.93359375 0.693359375 0.046875 0.03125
0 0.9765625 0.705078125 0.0390625 0.0390625
0 0.919921875 0.734375 0.05859375 0.05078125
0 0.9765625 0.734375 0.046875 0.03125
0 0.95703125 0.771484375 0.0390625 0.0390625
0 0.974609375 0.802734375 0.05078125 0.0546875
0 0.861328125 0.85546875 0.0703125 0.05859375
0 0.7578125 0.791015625 0.11328125 0.109375
0 0.6015625 0.80859375 0.0859375 0.1015625
0 0.697265625 0.91015625 0.08984375 0.07421875
0 0.876953125 0.9765625 0.06640625 0.046875
0 0.9453125 0.990234375 0.02734375 0.01953125
0 0.80859375 0.263671875 0.0390625 0.0390625
0 0.50390625 0.076171875 0.08203125 0.0703125
0 0.455078125 0.01953125 0.07421875 0.0390625
0 0.0390625 0.822265625 0.078125 0.09375
0 0.017578125 0.71484375 0.03125 0.0859375
0 0.080078125 0.96875 0.1015625 0.0625
0 0.267578125 0.177734375 0.09375 0.0859375
0 0.337890625 0.255859375 0.06640625 0.0625
0 0.802734375 0.701171875 0.0390625 0.0390625
0 0.75390625 0.6328125 0.03125 0.04296875