0 0.681640625 0.490234375 0.10546875 0.11328125
0 0.83984375 0.869140625 0.1171875 0.109375
0 0.876953125 0.75390625 0.109375 0.09765625
0 0.728515625 0.392578125 0.109375 0.10546875
0 0.939453125 0.88671875 0.0859375 0.09765625
0 0.748046875 0.62890625 0.09375 0.1171875
0 0.78515625 0.53125 0.09375 0.08984375
0 0.830078125 0.61328125 0.0859375 0.09375
0 0.896484375 0.958984375 0.1015625 0.0703125
0 0.533203125 0.189453125 0.0625 0.046875
0 0.615234375 0.345703125 0.1171875 0.109375
0 0.974609375 0.953125 0.05078125 0.0625
0 0.798828125 0.744140625 0.0625 0.03125
0 0.658203125 0.267578125 0.08203125 0.1015625
0 0.607421875 0.173828125 0.0703125 0.078125
0 0.75 0.427734375 0.05859375 0.0546875