0 0.927734375 0.013671875 0.052734375 0.025390625
0 0.9296875 0.068359375 0.0546875 0.044921875
0 0.921875 0.142578125 0.064453125 0.048828125
0 0.90625 0.22265625 0.05859375 0.052734375
0 0.89453125 0.30078125 0.060546875 0.05859375
0 0.88671875 0.357421875 0.0546875 0.044921875
0 0.873046875 0.419921875 0.033203125 0.03515625
0 0.873046875 0.482421875 0.025390625 0.041015625
0 0.826171875 0.01953125 0.05078125 0.037109375
0 0.697265625 0.015625 0.0234375 0.03125
0 0.818359375 0.064453125 0.05078125 0.0234375
0 0.7109375 0.0625 0.03125 0.052734375
0 0.814453125 0.099609375 0.048828125 0.046875
0 0.796875 0.169921875 0.05078125 0.0390625