0 0.86328125 0.822265625 0.0625 0.046875
0 0.38671875 0.806640625 0.046875 0.03125
0 0.7890625 0.48046875 0.0859375 0.07421875
0 0.435546875 0.685546875 0.0703125 0.0703125
0 0.490234375 0.841796875 0.07421875 0.0703125
0 0.046875 0.77734375 0.0703125 0.07421875
0 0.767578125 0.361328125 0.0625 0.0625
0 0.73046875 0.173828125 0.0703125 0.05859375
0 0.8515625 0.771484375 0.0703125 0.0546875
0 0.888671875 0.89453125 0.0703125 0.0546875
0 0.8203125 0.669921875 0.078125 0.046875
0 0.232421875 0.03515625 0.0859375 0.0625
0 0.376953125 0.73828125 0.0625 0.0546875
0 0.775390625 0.41015625 0.0703125 0.0625
0 0.314453125 0.138671875 0.0625 0.0703125
0 0.26171875 0.125 0.0703125 0.0546875
0 0.35546875 0.29296875 0.06640625 0.0546875
0 0.060546875 0.837890625 0.0625 0.05078125
0 0.287109375 0.173828125 0.0859375 0.046875
0 0.806640625 0.595703125 0.0625 0.046875
0 0.798828125 0.55078125 0.0625 0.0625
0 0.810546875 0.6328125 0.0703125 0.0390625
0 0.892578125 0.953125 0.0625 0.046875
0 0.37109375 0.705078125 0.05859375 0.046875
0 0.31640625 0.2578125 0.0625 0.0625
0 0.3515625 0.462890625 0.0625 0.046875
0 0.41015625 0.548828125 0.0703125 0.0625
0 0.37109375 0.638671875 0.046875 0.0390625
0 0.755859375 0.267578125 0.0625 0.0546875
0 0.361328125 0.576171875 0.0546875 0.0390625
0 0.36328125 0.609375 0.0546875 0.0390625
0 0.353515625 0.5078125 0.0625 0.046875
0 0.541015625 0.9765625 0.06640625 0.046875
0 0.33203125 0.330078125 0.04296875 0.03125
0 0.83203125 0.70703125 0.0703125 0.046875
0 0.0234375 0.708984375 0.046875 0.07421875
0 0.125 0.935546875 0.078125 0.0625
0 0.341796875 0.396484375 0.0390625 0.03515625
0 0.35546875 0.537109375 0.046875 0.0390625
0 0.251953125 0.076171875 0.078125 0.046875
0 0.19921875 0.916015625 0.0703125 0.0546875
0 0.76171875 0.302734375 0.0625 0.0546875
0 0.7265625 0.130859375 0.0703125 0.0546875
0 0.099609375 0.875 0.0859375 0.0703125
0 0.736328125 0.20703125 0.0703125 0.0546875
0 0.302734375 0.20703125 0.078125 0.046875
0 0.744140625 0.23046875 0.0625 0.05859375
0 0.287109375 0.427734375 0.0703125 0.0703125
0 0.9765625 0.9609375 0.046875 0.0625
0 0.484375 0.94140625 0.05078125 0.03515625
0 0.45703125 0.91796875 0.0546875 0.0390625
0 0.435546875 0.888671875 0.0546875 0.03515625
0 0.41796875 0.8671875 0.0625 0.0390625
0 0.3984375 0.837890625 0.046875 0.03125
0 0.37890625 0.775390625 0.0390625 0.03125
0 0.83984375 0.7421875 0.0390625 0.03125
0 0.8828125 0.859375 0.03125 0.03515625
0 0.9140625 0.990234375 0.0390625 0.01953125
0 0.373046875 0.673828125 0.02734375 0.03125
0 0.349609375 0.427734375 0.0390625 0.0390625
0 0.376953125 0.390625 0.0390625 0.0546875
0 0.3125 0.033203125 0.05859375 0.0546875