0 0.427734375 0.859375 0.0703125 0.0625
0 0.41015625 0.7890625 0.0859375 0.0625
0 0.470703125 0.927734375 0.078125 0.0703125
0 0.5625 0.607421875 0.0703125 0.0703125
0 0.154296875 0.841796875 0.078125 0.0546875
0 0.16015625 0.9765625 0.0703125 0.046875
0 0.626953125 0.931640625 0.09375 0.0703125
0 0.611328125 0.865234375 0.0703125 0.0625
0 0.521484375 0.287109375 0.0703125 0.0390625
0 0.203125 0.66796875 0.0859375 0.0625
0 0.580078125 0.689453125 0.078125 0.0703125
0 0.171875 0.75390625 0.0625 0.0234375
0 0.5078125 0.138671875 0.06640625 0.0625
0 0.5390625 0.072265625 0.0703125 0.0625
0 0.224609375 0.58203125 0.0625 0.0625
0 0.599609375 0.52734375 0.078125 0.0703125
0 0.54296875 0.421875 0.05078125 0.0546875
0 0.5859375 0.76171875 0.078125 0.0625
0 0.583984375 0.349609375 0.0703125 0.0703125
0 0.150390625 0.927734375 0.0703125 0.046875
0 0.599609375 0.8125 0.0703125 0.0546875
0 0.513671875 0.25 0.0703125 0.0546875
0 0.5625 0.22265625 0.0625 0.0625
0 0.51171875 0.181640625 0.06640625 0.0546875
0 0.529296875 0.32421875 0.0625 0.0546875
0 0.16015625 0.88671875 0.078125 0.046875
0 0.359375 0.583984375 0.0625 0.0625
0 0.224609375 0.517578125 0.078125 0.0625
0 0.54296875 0.4609375 0.0546875 0.0390625
0 0.2734375 0.4765625 0.0625 0.0625
0 0.2890625 0.580078125 0.078125 0.0703125
0 0.45703125 0.017578125 0.0546875 0.0234375
0 0.228515625 0.41796875 0.078125 0.0546875
0 0.6328125 0.986328125 0.0703125 0.02734375
0 0.388671875 0.6875 0.0625 0.0625
0 0.345703125 0.45703125 0.046875 0.0546875
0 0.318359375 0.365234375 0.04296875 0.046875
0 0.296875 0.271484375 0.046875 0.046875
0 0.263671875 0.1796875 0.046875 0.05078125
0 0.2421875 0.0859375 0.0390625 0.0390625
0 0.212890625 0.01171875 0.0390625 0.0234375
0 0.154296875 0.01953125 0.05078125 0.0390625
0 0.189453125 0.10546875 0.0546875 0.0625
0 0.205078125 0.189453125 0.05859375 0.0625
0 0.224609375 0.279296875 0.0390625 0.046875
0 0.244140625 0.359375 0.04296875 0.0546875
0 0.259765625 0.6875 0.0546875 0.0546875
0 0.23046875 0.783203125 0.05859375 0.0625
0 0.21484375 0.4765625 0.046875 0.03125
0 0.208984375 0.447265625 0.04296875 0.03515625
0 0.126953125 0.09375 0.0625 0.0390625
0 0.146484375 0.15625 0.0625 0.03125
0 0.125 0.033203125 0.078125 0.04296875
0 0.193359375 0.27734375 0.046875 0.0625
0 0.89453125 0.017578125 0.046875 0.03515625
0 0.90234375 0.048828125 0.0390625 0.05078125
0 0.912109375 0.091796875 0.03125 0.03515625
0 0.9140625 0.12109375 0.03125 0.0390625
0 0.935546875 0.1484375 0.04296875 0.03515625
0 0.951171875 0.17578125 0.03125 0.0390625
0 0.962890625 0.20703125 0.05078125 0.03125
0 0.98046875 0.244140625 0.0390625 0.04296875
0 0.990234375 0.2578125 0.01953125 0.0546875
0 0.49609375 0.0703125 0.04296875 0.03125
0 0.484375 0.0390625 0.046875 0.03125
0 0.5 0.10546875 0.05078125 0.03515625
0 0.54296875 0.5 0.0390625 0.04296875
0 0.201171875 0.341796875 0.0234375 0.0234375
0 0.19921875 0.3203125 0.0234375 0.01953125
0 0.208984375 0.353515625 0.015625 0.015625
0 0.212890625 0.3671875 0.015625 0.015625
0 0.212890625 0.3828125 0.01953125 0.0234375
0 0.216796875 0.626953125 0.05078125 0.03125
0 0.173828125 0.775390625 0.0390625 0.03125
0 0.16796875 0.80078125 0.03125 0.03125