0 0.365234375 0.501953125 0.0859375 0.0859375
0 0.556640625 0.677734375 0.09765625 0.078125
0 0.4609375 0.654296875 0.078125 0.078125
0 0.48828125 0.568359375 0.0859375 0.078125
0 0.4921875 0.857421875 0.09765625 0.09375
0 0.556640625 0.8203125 0.078125 0.078125
0 0.287109375 0.556640625 0.09765625 0.0859375
0 0.17578125 0.224609375 0.09375 0.078125
0 0.904296875 0.03125 0.10546875 0.0625
0 0.9296875 0.072265625 0.078125 0.0546875
0 0.615234375 0.912109375 0.09375 0.0546875
0 0.970703125 0.18359375 0.05859375 0.0546875
0 0.951171875 0.12890625 0.078125 0.0546875
0 0.267578125 0.357421875 0.09375 0.078125
0 0.10546875 0.12109375 0.09765625 0.0859375
0 0.66796875 0.98046875 0.078125 0.0390625
0 0.986328125 0.232421875 0.0234375 0.046875
0 0.05859375 0.02734375 0.078125 0.0546875