0 0.720703125 0.17578125 0.1015625 0.1015625
0 0.962890625 0.615234375 0.072265625 0.091796875
0 0.369140625 0.05859375 0.1015625 0.083984375
0 0.640625 0.044921875 0.11328125 0.087890625
0 0.466796875 0.16015625 0.076171875 0.06640625
0 0.578125 0.189453125 0.0703125 0.0625
0 0.822265625 0.794921875 0.083984375 0.080078125
0 0.806640625 0.310546875 0.103515625 0.08984375
0 0.8828125 0.46484375 0.08984375 0.1015625
0 0.8359375 0.1953125 0.1171875 0.111328125
0 0.748046875 0.0625 0.12890625 0.111328125
0 0.416015625 0.171875 0.052734375 0.0546875