0 0.845703125 0.107421875 0.0703125 0.0625
0 0.83984375 0.20703125 0.078125 0.0703125
0 0.84765625 0.275390625 0.078125 0.0625
0 0.890625 0.591796875 0.0625 0.0546875
0 0.83984375 0.14453125 0.0703125 0.0390625
0 0.818359375 0.845703125 0.0703125 0.078125
0 0.88671875 0.544921875 0.0625 0.0546875
0 0.166015625 0.4609375 0.04296875 0.0390625
0 0.18359375 0.41015625 0.04296875 0.0390625
0 0.189453125 0.34765625 0.046875 0.046875
0 0.1953125 0.291015625 0.03515625 0.04296875
0 0.140625 0.572265625 0.05078125 0.03125
0 0.109375 0.634765625 0.0390625 0.03515625
0 0.08203125 0.685546875 0.046875 0.046875