0 0.75390625 0.126953125 0.09765625 0.083984375
0 0.8203125 0.62890625 0.109375 0.09765625
0 0.759765625 0.248046875 0.091796875 0.083984375
0 0.841796875 0.732421875 0.11328125 0.091796875
0 0.869140625 0.83984375 0.1015625 0.083984375
0 0.775390625 0.451171875 0.091796875 0.09765625
0 0.90234375 0.958984375 0.10546875 0.072265625
0 0.734375 0.025390625 0.1015625 0.05078125
0 0.705078125 0.962890625 0.11328125 0.072265625
0 0.642578125 0.8671875 0.083984375 0.083984375
0 0.787109375 0.544921875 0.078125 0.080078125
0 0.8359375 0.369140625 0.04296875 0.052734375
0 0.8125 0.390625 0.0234375 0.025390625
0 0.76953125 0.359375 0.07421875 0.060546875
0 0.755859375 0.310546875 0.0625 0.056640625
0 0.84375 0.298828125 0.09765625 0.06640625
0 0.990234375 0.525390625 0.01953125 0.1015625