0 0.025390625 0.474609375 0.05078125 0.06640625
0 0.078125 0.57421875 0.083984375 0.091796875
0 0.02734375 0.517578125 0.0546875 0.06640625
0 0.10546875 0.654296875 0.087890625 0.068359375
0 0.025390625 0.62890625 0.05078125 0.0703125
0 0.01953125 0.408203125 0.0390625 0.05859375
0 0.1015625 0.73828125 0.05078125 0.0703125
0 0.107421875 0.787109375 0.0859375 0.056640625
0 0.16015625 0.90234375 0.06640625 0.056640625
0 0.17578125 0.9453125 0.0703125 0.052734375
0 0.1875 0.982421875 0.072265625 0.033203125
0 0.1484375 0.8671875 0.068359375 0.056640625
0 0.12890625 0.833984375 0.076171875 0.048828125
0 0.095703125 0.69921875 0.06640625 0.037109375