0 0.05078125 0.7421875 0.09375 0.08203125
0 0.888671875 0.099609375 0.078125 0.0859375
0 0.03125 0.673828125 0.0625 0.05859375
0 0.029296875 0.623046875 0.05859375 0.05859375
0 0.099609375 0.943359375 0.09375 0.0703125
0 0.9296875 0.205078125 0.0703125 0.0703125
0 0.0234375 0.578125 0.046875 0.046875
0 0.87890625 0.015625 0.0859375 0.03125
0 0.955078125 0.31640625 0.0703125 0.06640625
0 0.9765625 0.416015625 0.046875 0.0390625
0 0.7265625 0.16796875 0.0859375 0.0703125
0 0.88671875 0.64453125 0.06640625 0.06640625
0 0.943359375 0.837890625 0.0625 0.0546875
0 0.08203125 0.84765625 0.10546875 0.06640625
0 0.013671875 0.517578125 0.02734375 0.0625