0 0.337890625 0.515625 0.09375 0.0859375
0 0.18359375 0.4765625 0.09375 0.09375
0 0.537109375 0.83984375 0.1015625 0.0859375
0 0.232421875 0.767578125 0.1171875 0.109375
0 0.052734375 0.1171875 0.10546875 0.11328125
0 0.4296875 0.697265625 0.10546875 0.08984375
0 0.25390625 0.603515625 0.1171875 0.09765625
0 0.59765625 0.94921875 0.109375 0.1015625
0 0.37109375 0.845703125 0.0859375 0.08984375
0 0.181640625 0.669921875 0.11328125 0.1015625
0 0.09765625 0.50390625 0.12109375 0.1015625
0 0.140625 0.5859375 0.109375 0.09375
0 0.046875 0.279296875 0.09375 0.10546875
0 0.458984375 0.896484375 0.09375 0.076171875
0 0.400390625 0.62109375 0.08984375 0.076171875
0 0.326171875 0.734375 0.09375 0.1015625
0 0.10546875 0.244140625 0.08984375 0.076171875
0 0.515625 0.978515625 0.09375 0.04296875
0 0.064453125 0.3984375 0.09765625 0.09375
0 0.275390625 0.830078125 0.080078125 0.080078125
0 0.158203125 0.35546875 0.09765625 0.080078125
0 0.44140625 0.962890625 0.0546875 0.072265625
0 0.1796875 0.234375 0.09375 0.08984375
0 0.234375 0.369140625 0.078125 0.07421875
0 0.11328125 0.099609375 0.068359375 0.072265625
0 0.3828125 0.9609375 0.0703125 0.078125