0 0.841796875 0.46484375 0.09765625 0.1015625
0 0.0625 0.4765625 0.091796875 0.09765625
0 0.1328125 0.39453125 0.087890625 0.09765625
0 0.95703125 0.626953125 0.083984375 0.1015625
0 0.16015625 0.60546875 0.083984375 0.087890625
0 0.337890625 0.91015625 0.087890625 0.083984375
0 0.32421875 0.716796875 0.091796875 0.087890625
0 0.2578125 0.763671875 0.09765625 0.083984375
0 0.3515625 0.796875 0.087890625 0.083984375
0 0.3828125 0.9765625 0.0859375 0.046875
0 0.720703125 0.2578125 0.1171875 0.10546875
0 0.650390625 0.947265625 0.037109375 0.033203125
0 0.67578125 0.974609375 0.0390625 0.03125