0 0.908203125 0.830078125 0.078125 0.0703125
0 0.763671875 0.099609375 0.0859375 0.078125
0 0.765625 0.271484375 0.078125 0.0703125
0 0.92578125 0.412109375 0.0625 0.046875
0 0.869140625 0.1640625 0.0703125 0.0546875
0 0.8671875 0.68359375 0.0703125 0.0625
0 0.759765625 0.326171875 0.0703125 0.0625
0 0.73046875 0.216796875 0.078125 0.0625
0 0.765625 0.037109375 0.0703125 0.0546875
0 0.904296875 0.5703125 0.046875 0.0234375
0 0.8515625 0.05078125 0.0546875 0.0390625
0 0.85546875 0.08984375 0.0703125 0.0390625
0 0.857421875 0.119140625 0.0625 0.0390625
0 0.833984375 0.015625 0.04296875 0.03125
0 0.763671875 0.0078125 0.04296875 0.015625
0 0.923828125 0.91015625 0.0625 0.05078125
0 0.931640625 0.974609375 0.0546875 0.046875
0 0.81640625 0.96875 0.0546875 0.0234375
0 0.8203125 0.98828125 0.05859375 0.0234375
0 0.822265625 0.93359375 0.0390625 0.0390625
0 0.818359375 0.89453125 0.046875 0.046875
0 0.826171875 0.857421875 0.0390625 0.03125
0 0.82421875 0.82421875 0.0390625 0.0390625
0 0.828125 0.787109375 0.0546875 0.046875
0 0.8359375 0.755859375 0.0390625 0.046875
0 0.845703125 0.7265625 0.05078125 0.04296875
0 0.8828125 0.638671875 0.046875 0.0390625
0 0.853515625 0.55078125 0.0625 0.0625
0 0.837890625 0.45703125 0.0625 0.046875
0 0.87890625 0.20703125 0.05078125 0.0390625
0 0.884765625 0.240234375 0.0546875 0.03125
0 0.896484375 0.26953125 0.046875 0.0390625
0 0.90234375 0.302734375 0.05078125 0.03125
0 0.91015625 0.337890625 0.046875 0.0390625
0 0.923828125 0.376953125 0.0625 0.03125
0 0.9296875 0.509765625 0.0546875 0.0390625
0 0.91796875 0.541015625 0.05078125 0.046875