0 0.71484375 0.294921875 0.0859375 0.07421875
0 0.677734375 0.232421875 0.078125 0.0703125
0 0.6796875 0.14453125 0.08984375 0.078125
0 0.8203125 0.984375 0.0625 0.03125
0 0.765625 0.818359375 0.0703125 0.0859375
0 0.666015625 0.453125 0.0625 0.0546875
0 0.525390625 0.42578125 0.0546875 0.05859375
0 0.392578125 0.1328125 0.04296875 0.0390625
0 0.388671875 0.076171875 0.046875 0.0390625
0 0.376953125 0.025390625 0.03515625 0.03125
0 0.97265625 0.111328125 0.046875 0.046875
0 0.6953125 0.060546875 0.046875 0.0546875