0 0.345703125 0.263671875 0.0859375 0.080078125
0 0.427734375 0.087890625 0.076171875 0.052734375
0 0.162109375 0.15625 0.072265625 0.076171875
0 0.40625 0.037109375 0.068359375 0.048828125
0 0.505859375 0.439453125 0.072265625 0.068359375
0 0.048828125 0.056640625 0.072265625 0.072265625
0 0.103515625 0.109375 0.076171875 0.072265625
0 0.216796875 0.20703125 0.064453125 0.060546875
0 0.283203125 0.24609375 0.0625 0.076171875
0 0.396484375 0.32421875 0.06640625 0.0625
0 0.42578125 0.36328125 0.0546875 0.05078125
0 0.47265625 0.3984375 0.064453125 0.048828125
0 0.54296875 0.482421875 0.0390625 0.04296875
0 0.5546875 0.53515625 0.0390625 0.0546875
0 0.455078125 0.12890625 0.05078125 0.048828125
0 0.47265625 0.171875 0.05859375 0.04296875
0 0.4921875 0.21875 0.046875 0.03515625
0 0.470703125 0.255859375 0.037109375 0.041015625
0 0.5078125 0.25390625 0.033203125 0.046875
0 0.521484375 0.294921875 0.037109375 0.037109375
0 0.53515625 0.333984375 0.0625 0.044921875
0 0.546875 0.3671875 0.048828125 0.033203125
0 0.556640625 0.404296875 0.05859375 0.041015625
0 0.576171875 0.451171875 0.056640625 0.0390625
0 0.58984375 0.494140625 0.048828125 0.04296875
0 0.611328125 0.6328125 0.048828125 0.05078125
0 0.634765625 0.703125 0.03515625 0.0234375
0 0.625 0.728515625 0.072265625 0.048828125
0 0.638671875 0.767578125 0.052734375 0.046875
0 0.65625 0.802734375 0.064453125 0.037109375