0 0.31640625 0.91015625 0.08984375 0.0859375
0 0.681640625 0.439453125 0.09375 0.08203125
0 0.255859375 0.966796875 0.08984375 0.0625
0 0.150390625 0.767578125 0.0703125 0.0625
0 0.2109375 0.8828125 0.078125 0.0625
0 0.177734375 0.8125 0.0703125 0.0546875
0 0.625 0.5078125 0.0859375 0.078125
0 0.06640625 0.619140625 0.0703125 0.0546875
0 0.08203125 0.662109375 0.078125 0.05859375
0 0.7421875 0.380859375 0.09375 0.0859375
0 0.580078125 0.587890625 0.07421875 0.0703125
0 0.53125 0.646484375 0.08203125 0.078125
0 0.470703125 0.724609375 0.0625 0.0703125
0 0.423828125 0.806640625 0.06640625 0.06640625
0 0.375 0.84765625 0.0703125 0.0703125
0 0.2265625 0.919921875 0.0625 0.0390625
0 0.1875 0.84375 0.0546875 0.046875
0 0.052734375 0.583984375 0.05859375 0.046875
0 0.0390625 0.537109375 0.0703125 0.06640625