0 0.875 0.91796875 0.033203125 0.044921875
0 0.873046875 0.98046875 0.03515625 0.037109375
0 0.875 0.849609375 0.021484375 0.037109375
0 0.87109375 0.81640625 0.0234375 0.037109375
0 0.876953125 0.728515625 0.029296875 0.037109375
0 0.87890625 0.6640625 0.02734375 0.044921875
0 0.87890625 0.615234375 0.02734375 0.0546875
0 0.884765625 0.564453125 0.0234375 0.044921875
0 0.884765625 0.505859375 0.029296875 0.044921875
0 0.884765625 0.478515625 0.033203125 0.0390625
0 0.8984375 0.427734375 0.04296875 0.04296875