0 0.38671875 0.91796875 0.080078125 0.068359375
0 0.103515625 0.16796875 0.1015625 0.091796875
0 0.181640625 0.3203125 0.087890625 0.076171875
0 0.525390625 0.96484375 0.076171875 0.068359375
0 0.2265625 0.3828125 0.087890625 0.064453125
0 0.734375 0.171875 0.087890625 0.083984375
0 0.75 0.24609375 0.080078125 0.080078125
0 0.47265625 0.87890625 0.072265625 0.072265625
0 0.69140625 0.095703125 0.083984375 0.068359375
0 0.248046875 0.4375 0.083984375 0.060546875
0 0.33984375 0.962890625 0.076171875 0.064453125
0 0.138671875 0.25 0.076171875 0.072265625
0 0.787109375 0.310546875 0.080078125 0.056640625
0 0.484375 0.9375 0.064453125 0.052734375
0 0.642578125 0.98828125 0.083984375 0.0234375
0 0.30859375 0.54296875 0.060546875 0.060546875
0 0.05078125 0.107421875 0.064453125 0.0703125
0 0.28125 0.494140625 0.048828125 0.046875
0 0.341796875 0.58203125 0.046875 0.05078125
0 0.412109375 0.68359375 0.0625 0.048828125
0 0.810546875 0.39453125 0.06640625 0.05859375
0 0.6640625 0.021484375 0.06640625 0.04296875
0 0.607421875 0.0625 0.052734375 0.05078125