0 0.19921875 0.875 0.076171875 0.080078125
0 0.6640625 0.78515625 0.083984375 0.076171875
0 0.25390625 0.177734375 0.087890625 0.080078125
0 0.548828125 0.017578125 0.06640625 0.03515625
0 0.658203125 0.861328125 0.080078125 0.076171875
0 0.5703125 0.166015625 0.076171875 0.072265625
0 0.611328125 0.55078125 0.046875 0.025390625
0 0.5625 0.046875 0.03515625 0.021484375
0 0.60546875 0.33984375 0.056640625 0.044921875
0 0.62109375 0.65625 0.048828125 0.0234375
0 0.564453125 0.11328125 0.064453125 0.041015625
0 0.611328125 0.408203125 0.068359375 0.056640625
0 0.619140625 0.708984375 0.0390625 0.0234375
0 0.611328125 0.484375 0.060546875 0.041015625
0 0.615234375 0.60546875 0.0546875 0.03125
0 0.6953125 0.9609375 0.083984375 0.076171875
0 0.29296875 0.046875 0.076171875 0.076171875
0 0.61328125 0.4609375 0.064453125 0.052734375
0 0.607421875 0.509765625 0.060546875 0.044921875
0 0.25 0.279296875 0.064453125 0.0625
0 0.248046875 0.509765625 0.056640625 0.056640625
0 0.232421875 0.63671875 0.0390625 0.041015625
0 0.19140625 0.7578125 0.052734375 0.048828125
0 0.5625 0.06640625 0.02734375 0.01953125
0 0.55859375 0.0859375 0.0234375 0.017578125
0 0.58203125 0.24609375 0.025390625 0.02734375
0 0.587890625 0.27734375 0.01953125 0.01953125
0 0.59765625 0.306640625 0.0234375 0.0234375
0 0.60546875 0.375 0.025390625 0.02734375
0 0.66015625 0.744140625 0.044921875 0.044921875
0 0.609375 0.73046875 0.03125 0.025390625
0 0.611328125 0.576171875 0.033203125 0.0234375
0 0.619140625 0.630859375 0.03125 0.029296875
0 0.619140625 0.681640625 0.025390625 0.029296875
0 0.953125 0.8671875 0.0390625 0.04296875
0 0.970703125 0.94921875 0.052734375 0.080078125