0 0.50390625 0.5390625 0.0703125 0.0703125
0 0.447265625 0.275390625 0.078125 0.0703125
0 0.87109375 0.236328125 0.11328125 0.1171875
0 0.423828125 0.03125 0.07421875 0.0625
0 0.98046875 0.044921875 0.0390625 0.07421875
0 0.88671875 0.59765625 0.0625 0.0625
0 0.650390625 0.1015625 0.046875 0.046875
0 0.533203125 0.2890625 0.0625 0.0625
0 0.630859375 0.046875 0.03515625 0.0390625
0 0.546875 0.46484375 0.0546875 0.0546875
0 0.951171875 0.873046875 0.09765625 0.1015625
0 0.927734375 0.95703125 0.08984375 0.0859375
0 0.919921875 0.259765625 0.1015625 0.09375