0 0.525390625 0.501953125 0.0859375 0.078125
0 0.72265625 0.74609375 0.078125 0.078125
0 0.7109375 0.65234375 0.0859375 0.0625
0 0.60546875 0.51953125 0.078125 0.0859375
0 0.638671875 0.62109375 0.078125 0.078125
0 0.564453125 0.314453125 0.078125 0.0703125
0 0.4140625 0.021484375 0.0625 0.04296875
0 0.673828125 0.474609375 0.078125 0.078125
0 0.515625 0.158203125 0.0859375 0.0703125
0 0.568359375 0.185546875 0.078125 0.0546875
0 0.5546875 0.23828125 0.078125 0.0625
0 0.564453125 0.39453125 0.078125 0.078125
0 0.69921875 0.525390625 0.0703125 0.0703125
0 0.39453125 0.072265625 0.0546875 0.046875
0 0.580078125 0.658203125 0.078125 0.0703125
0 0.3828125 0.138671875 0.0546875 0.0703125
0 0.646484375 0.9765625 0.07421875 0.046875
0 0.732421875 0.923828125 0.0625 0.078125
0 0.634765625 0.369140625 0.0703125 0.0625
0 0.478515625 0.08984375 0.08984375 0.0703125
0 0.724609375 0.83203125 0.0546875 0.0546875