0 0.943359375 0.93359375 0.09765625 0.091796875
0 0.728515625 0.130859375 0.091796875 0.083984375
0 0.8984375 0.845703125 0.09765625 0.083984375
0 0.74609375 0.3359375 0.09765625 0.1015625
0 0.849609375 0.732421875 0.083984375 0.083984375
0 0.720703125 0.23046875 0.1015625 0.087890625
0 0.744140625 0.484375 0.091796875 0.087890625
0 0.826171875 0.55078125 0.087890625 0.083984375
0 0.73046875 0.052734375 0.10546875 0.087890625
0 0.8046875 0.677734375 0.091796875 0.080078125
0 0.884765625 0.12890625 0.099609375 0.08984375