0 0.75 0.708984375 0.0703125 0.078125
0 0.16796875 0.71875 0.09375 0.09375
0 0.28515625 0.28125 0.1015625 0.09375
0 0.560546875 0.455078125 0.09765625 0.078125
0 0.18359375 0.419921875 0.1015625 0.09375
0 0.69140625 0.646484375 0.0703125 0.0546875
0 0.1640625 0.2421875 0.0859375 0.078125
0 0.37890625 0.939453125 0.09765625 0.10546875
0 0.060546875 0.857421875 0.09765625 0.08984375
0 0.140625 0.162109375 0.10546875 0.08984375
0 0.35546875 0.162109375 0.078125 0.078125
0 0.115234375 0.0546875 0.109375 0.0859375
0 0.28515625 0.58984375 0.0859375 0.0859375
0 0.1953125 0.587890625 0.1015625 0.08984375
0 0.529296875 0.865234375 0.09375 0.1015625
0 0.31640625 0.076171875 0.09375 0.078125
0 0.662109375 0.765625 0.078125 0.0703125
0 0.21484375 0.4921875 0.09375 0.078125
0 0.06640625 0.7109375 0.078125 0.046875
0 0.966796875 0.423828125 0.0625 0.1171875
0 0.787109375 0.78125 0.078125 0.08984375
0 0.78515625 0.572265625 0.078125 0.0703125
0 0.326171875 0.765625 0.10546875 0.08984375
0 0.03515625 0.607421875 0.0703125 0.078125
0 0.87109375 0.775390625 0.078125 0.078125
0 0.048828125 0.169921875 0.0859375 0.078125
0 0.416015625 0.197265625 0.0625 0.0703125
0 0.8828125 0.9296875 0.0703125 0.0703125
0 0.02734375 0.443359375 0.0546875 0.05859375
0 0.22265625 0.888671875 0.0859375 0.0859375
0 0.384765625 0.572265625 0.1015625 0.09375
0 0.517578125 0.390625 0.0859375 0.078125
0 0.109375 0.48046875 0.09765625 0.09375
0 0.833984375 0.845703125 0.0703125 0.0703125
0 0.744140625 0.462890625 0.0703125 0.0546875
0 0.830078125 0.685546875 0.0703125 0.0703125
0 0.015625 0.263671875 0.03125 0.06640625
0 0.05859375 0.681640625 0.0859375 0.03125
0 0.326171875 0.82421875 0.0703125 0.0625
0 0.482421875 0.333984375 0.078125 0.0625
0 0.03515625 0.54296875 0.0703125 0.046875
0 0.95703125 0.03515625 0.0859375 0.0703125
0 0.025390625 0.384765625 0.05078125 0.06640625
0 0.447265625 0.275390625 0.078125 0.0703125
0 0.103515625 0.919921875 0.0625 0.0625
0 0.3828125 0.25390625 0.0625 0.0703125
0 0.021484375 0.330078125 0.04296875 0.05859375
0 0.080078125 0.791015625 0.0703125 0.0625
0 0.98046875 0.08984375 0.0390625 0.0859375
0 0.072265625 0.748046875 0.0703125 0.046875
0 0.7265625 0.703125 0.078125 0.0859375
0 0.65234375 0.5859375 0.0703125 0.046875
0 0.611328125 0.681640625 0.1171875 0.0703125
0 0.015625 0.294921875 0.03125 0.04296875
0 0.560546875 0.53125 0.0703125 0.08984375
0 0.6015625 0.521484375 0.046875 0.046875
0 0.587890625 0.603515625 0.08203125 0.0703125
0 0.0234375 0.501953125 0.046875 0.0390625
0 0.9296875 0.98828125 0.0703125 0.0234375
0 0.060546875 0.646484375 0.0546875 0.03125
0 0.0234375 0.96875 0.046875 0.046875