0 0.404296875 0.908203125 0.078125 0.0859375
0 0.845703125 0.435546875 0.08984375 0.09765625
0 0.904296875 0.255859375 0.0859375 0.0859375
0 0.759765625 0.037109375 0.078125 0.07421875
0 0.41796875 0.46484375 0.0703125 0.078125
0 0.732421875 0.2890625 0.0703125 0.078125
0 0.45703125 0.8359375 0.0703125 0.0625
0 0.431640625 0.189453125 0.0859375 0.078125
0 0.7265625 0.796875 0.078125 0.0859375
0 0.50390625 0.611328125 0.078125 0.0859375
0 0.4765625 0.125 0.09375 0.078125
0 0.15234375 0.55078125 0.0703125 0.0703125
0 0.505859375 0.064453125 0.05859375 0.0546875
0 0.484375 0.482421875 0.0546875 0.0546875
0 0.724609375 0.53125 0.046875 0.046875
0 0.376953125 0.771484375 0.0546875 0.0625
0 0.498046875 0.27734375 0.05859375 0.0546875
0 0.798828125 0.630859375 0.0546875 0.046875
0 0.58984375 0.146484375 0.0390625 0.0390625
0 0.134765625 0.275390625 0.0546875 0.0546875
0 0.400390625 0.2578125 0.05078125 0.046875
0 0.4765625 0.7578125 0.05078125 0.046875
0 0.587890625 0.013671875 0.0390625 0.02734375
0 0.5859375 0.890625 0.0390625 0.03125
0 0.484375 0.919921875 0.05078125 0.046875
0 0.486328125 0.375 0.046875 0.046875
0 0.58984375 0.060546875 0.0390625 0.03125
0 0.576171875 0.7890625 0.046875 0.046875
0 0.798828125 0.76953125 0.046875 0.0390625
0 0.119140625 0.142578125 0.0546875 0.0546875
0 0.87109375 0.779296875 0.0625 0.0703125
0 0.578125 0.69921875 0.0390625 0.0390625
0 0.783203125 0.154296875 0.0390625 0.02734375
0 0.171875 0.970703125 0.05078125 0.0546875
0 0.15625 0.81640625 0.0546875 0.0546875
0 0.1484375 0.6953125 0.0546875 0.0625
0 0.04296875 0.703125 0.0859375 0.0859375
0 0.6015625 0.9921875 0.046875 0.015625
0 0.591796875 0.9375 0.0390625 0.03125
0 0.580078125 0.8359375 0.0390625 0.03515625
0 0.580078125 0.740234375 0.05078125 0.0390625
0 0.580078125 0.6484375 0.0546875 0.046875
0 0.5859375 0.556640625 0.0546875 0.0390625
0 0.58203125 0.462890625 0.03515625 0.03125
0 0.576171875 0.375 0.03125 0.03515625
0 0.587890625 0.2421875 0.046875 0.046875
0 0.591796875 0.193359375 0.0390625 0.0390625
0 0.5859375 0.1015625 0.03125 0.0390625
0 0.41015625 0.125 0.03515625 0.03125
0 0.408203125 0.091796875 0.03125 0.0234375
0 0.412109375 0.060546875 0.03125 0.0234375
0 0.41015625 0.021484375 0.05078125 0.02734375
0 0.787109375 0.203125 0.04296875 0.046875
0 0.78515625 0.109375 0.0390625 0.04296875
0 0.89453125 0.177734375 0.05859375 0.046875
0 0.875 0.59375 0.0390625 0.046875
0 0.791015625 0.580078125 0.0390625 0.02734375
0 0.7890625 0.5234375 0.0234375 0.03125
0 0.7890625 0.48046875 0.03125 0.03515625
0 0.7890625 0.43359375 0.03125 0.0234375
0 0.791015625 0.298828125 0.0234375 0.0234375
0 0.787109375 0.271484375 0.0234375 0.01953125
0 0.78515625 0.24609375 0.0234375 0.0234375
0 0.796875 0.6796875 0.02734375 0.0234375
0 0.796875 0.72265625 0.03515625 0.0390625
0 0.80078125 0.814453125 0.05078125 0.0390625
0 0.802734375 0.8984375 0.0546875 0.04296875
0 0.794921875 0.984375 0.05078125 0.03125
0 0.373046875 0.732421875 0.04296875 0.04296875
0 0.376953125 0.69140625 0.046875 0.03125
0 0.375 0.66796875 0.046875 0.03515625
0 0.373046875 0.630859375 0.03515625 0.0390625
0 0.380859375 0.419921875 0.0390625 0.03125
0 0.388671875 0.39453125 0.0234375 0.03125
0 0.396484375 0.36328125 0.0234375 0.0234375
0 0.5625 0.291015625 0.08984375 0.0703125
0 0.3984375 0.33203125 0.02734375 0.02734375
0 0.404296875 0.298828125 0.0234375 0.0234375