0 0.6328125 0.92578125 0.041015625 0.037109375
0 0.669921875 0.712890625 0.048828125 0.056640625
0 0.646484375 0.83984375 0.044921875 0.037109375
0 0.658203125 0.80078125 0.048828125 0.037109375
0 0.638671875 0.8828125 0.037109375 0.033203125
0 0.666015625 0.763671875 0.041015625 0.037109375
0 0.625 0.970703125 0.048828125 0.044921875
0 0.69140625 0.34765625 0.037109375 0.041015625
0 0.666015625 0.32421875 0.064453125 0.076171875
0 0.65625 0.5 0.0703125 0.068359375
0 0.703125 0.490234375 0.05859375 0.041015625
0 0.701171875 0.52734375 0.03125 0.029296875
0 0.6953125 0.568359375 0.0390625 0.04296875
0 0.68359375 0.615234375 0.0390625 0.041015625
0 0.677734375 0.6640625 0.056640625 0.048828125
0 0.701171875 0.408203125 0.08203125 0.06640625
0 0.705078125 0.26171875 0.0703125 0.052734375
0 0.703125 0.20703125 0.06640625 0.05078125
0 0.708984375 0.150390625 0.0703125 0.083984375
0 0.734375 0.02734375 0.078125 0.0546875