0 0.501953125 0.8046875 0.076171875 0.068359375
0 0.05859375 0.9765625 0.0625 0.046875
0 0.4765625 0.66796875 0.080078125 0.083984375
0 0.056640625 0.90625 0.05078125 0.0546875
0 0.4609375 0.587890625 0.06640625 0.0546875
0 0.44921875 0.52734375 0.078125 0.048828125
0 0.447265625 0.46484375 0.0546875 0.041015625
0 0.416015625 0.326171875 0.072265625 0.060546875
0 0.484375 0.171875 0.046875 0.068359375
0 0.443359375 0.240234375 0.064453125 0.056640625
0 0.560546875 0.068359375 0.041015625 0.046875
0 0.427734375 0.396484375 0.044921875 0.04296875
0 0.486328125 0.736328125 0.052734375 0.041015625
0 0.513671875 0.123046875 0.060546875 0.0546875