0 0.0703125 0.837890625 0.060546875 0.064453125
0 0.115234375 0.890625 0.068359375 0.064453125
0 0.171875 0.953125 0.060546875 0.060546875
0 0.01953125 0.78515625 0.0390625 0.0625
0 0.27734375 0.822265625 0.056640625 0.048828125
0 0.19140625 0.7265625 0.044921875 0.04296875
0 0.224609375 0.755859375 0.033203125 0.033203125
0 0.25390625 0.80078125 0.041015625 0.04296875
0 0.060546875 0.56640625 0.048828125 0.056640625
0 0.06640625 0.609375 0.04296875 0.048828125
0 0.03515625 0.703125 0.037109375 0.046875
0 0.02734375 0.607421875 0.044921875 0.03125
0 0.03515625 0.51953125 0.0546875 0.03515625
0 0.01953125 0.48828125 0.0390625 0.046875
0 0.017578125 0.43359375 0.03515625 0.0390625
0 0.203125 0.98046875 0.0546875 0.0390625