0 0.404296875 0.38671875 0.048828125 0.0390625
0 0.40625 0.513671875 0.0546875 0.03515625
0 0.361328125 0.7421875 0.056640625 0.052734375
0 0.345703125 0.78515625 0.046875 0.04296875
0 0.3515625 0.87109375 0.05078125 0.033203125
0 0.341796875 0.916015625 0.072265625 0.056640625
0 0.408203125 0.296875 0.05078125 0.0546875
0 0.4140625 0.1953125 0.0546875 0.06640625
0 0.423828125 0.10546875 0.05078125 0.044921875
0 0.419921875 0.0546875 0.076171875 0.046875
0 0.43359375 0.0078125 0.060546875 0.015625
0 0.4921875 0.099609375 0.033203125 0.0390625
0 0.486328125 0.15625 0.03125 0.0390625