0 0.4609375 0.88671875 0.05859375 0.0546875
0 0.486328125 0.939453125 0.0546875 0.0546875
0 0.455078125 0.841796875 0.0625 0.0390625
0 0.45703125 0.8046875 0.05859375 0.0390625
0 0.46484375 0.7734375 0.0625 0.046875
0 0.4609375 0.740234375 0.05859375 0.04296875
0 0.470703125 0.71484375 0.0703125 0.04296875
0 0.369140625 0.44921875 0.06640625 0.0234375
0 0.375 0.5234375 0.06640625 0.04296875
0 0.361328125 0.416015625 0.05078125 0.0390625
0 0.3515625 0.34375 0.04296875 0.0390625
0 0.359375 0.3828125 0.0546875 0.04296875
0 0.94921875 0.51171875 0.0703125 0.0703125
0 0.9765625 0.650390625 0.046875 0.0703125
0 0.498046875 0.990234375 0.05078125 0.01953125
0 0.912109375 0.43359375 0.0625 0.0625
0 0.955078125 0.306640625 0.0546875 0.0625
0 0.849609375 0.2421875 0.04296875 0.0546875
0 0.876953125 0.26953125 0.046875 0.06640625
0 0.845703125 0.150390625 0.0625 0.0625
0 0.9375 0.248046875 0.0390625 0.0390625
0 0.94921875 0.1953125 0.078125 0.06640625