0 0.84765625 0.8515625 0.0859375 0.078125
0 0.869140625 0.70703125 0.078125 0.078125
0 0.845703125 0.935546875 0.08984375 0.0703125
0 0.8984375 0.4453125 0.078125 0.0703125
0 0.857421875 0.78515625 0.08984375 0.0703125
0 0.884765625 0.36328125 0.09375 0.0859375
0 0.841796875 0.98828125 0.0625 0.0234375
0 0.88671875 0.533203125 0.0625 0.0703125
0 0.875 0.619140625 0.078125 0.0625
0 0.89453125 0.13671875 0.0625 0.05859375
0 0.89453125 0.076171875 0.05859375 0.04296875
0 0.880859375 0.017578125 0.0546875 0.03515625
0 0.779296875 0.919921875 0.05078125 0.0546875