0 0.537109375 0.3671875 0.080078125 0.064453125
0 0.49609375 0.302734375 0.087890625 0.064453125
0 0.447265625 0.251953125 0.064453125 0.060546875
0 0.580078125 0.515625 0.072265625 0.056640625
0 0.591796875 0.57421875 0.072265625 0.083984375
0 0.599609375 0.697265625 0.083984375 0.09765625
0 0.26171875 0.18359375 0.09765625 0.076171875
0 0.583984375 0.4375 0.080078125 0.060546875
0 0.583984375 0.48046875 0.072265625 0.048828125
0 0.447265625 0.19140625 0.064453125 0.060546875
0 0.576171875 0.8828125 0.072265625 0.080078125
0 0.16796875 0.2265625 0.0703125 0.068359375
0 0.1796875 0.134765625 0.064453125 0.052734375
0 0.1328125 0.078125 0.08203125 0.052734375
0 0.095703125 0.017578125 0.041015625 0.033203125
0 0.34375 0.2265625 0.064453125 0.048828125
0 0.580078125 0.798828125 0.068359375 0.06640625
0 0.55859375 0.97265625 0.0703125 0.0546875
0 0.501953125 0.611328125 0.068359375 0.068359375