0 0.474609375 0.8828125 0.09375 0.0703125
0 0.7578125 0.357421875 0.078125 0.0859375
0 0.291015625 0.515625 0.078125 0.0703125
0 0.359375 0.853515625 0.0703125 0.078125
0 0.23828125 0.12890625 0.0625 0.0625
0 0.375 0.96484375 0.0859375 0.0703125
0 0.26171875 0.228515625 0.078125 0.078125
0 0.3671875 0.7578125 0.0703125 0.0703125
0 0.26171875 0.32421875 0.078125 0.078125
0 0.265625 0.41015625 0.0859375 0.0703125
0 0.8046875 0.43359375 0.0546875 0.02734375
0 0.73046875 0.05078125 0.0703125 0.0625
0 0.369140625 0.908203125 0.078125 0.0546875
0 0.302734375 0.689453125 0.078125 0.0625
0 0.833984375 0.88671875 0.0703125 0.0546875
0 0.31640625 0.625 0.078125 0.0703125
0 0.259765625 0.572265625 0.0703125 0.0625
0 0.845703125 0.931640625 0.078125 0.046875
0 0.77734375 0.169921875 0.0625 0.046875
0 0.798828125 0.484375 0.03515625 0.03125
0 0.8359375 0.83984375 0.078125 0.046875
0 0.81640625 0.638671875 0.0625 0.0546875
0 0.529296875 0.966796875 0.078125 0.0625
0 0.748046875 0.11328125 0.0859375 0.0546875
0 0.8203125 0.6875 0.0625 0.046875
0 0.830078125 0.806640625 0.0625 0.0390625
0 0.82421875 0.765625 0.0703125 0.046875
0 0.84765625 0.97265625 0.0703125 0.0546875
0 0.810546875 0.59765625 0.03125 0.0234375
0 0.82421875 0.728515625 0.0625 0.046875
0 0.81640625 0.328125 0.03125 0.02734375
0 0.423828125 0.8203125 0.0625 0.0703125
0 0.7890625 0.544921875 0.0390625 0.03125
0 0.974609375 0.041015625 0.046875 0.0546875
0 0.724609375 0.21875 0.0625 0.0703125
0 0.80078125 0.232421875 0.046875 0.046875
0 0.810546875 0.2734375 0.04296875 0.046875
0 0.8125 0.568359375 0.03125 0.03125
0 0.791015625 0.515625 0.03125 0.0234375
0 0.806640625 0.458984375 0.0234375 0.0234375
0 0.814453125 0.416015625 0.03125 0.03125
0 0.8125 0.388671875 0.0234375 0.0234375
0 0.810546875 0.361328125 0.03125 0.03125
0 0.697265625 0.078125 0.05859375 0.0625