0 0.845703125 0.107421875 0.068359375 0.060546875
0 0.83984375 0.20703125 0.076171875 0.068359375
0 0.84765625 0.275390625 0.080078125 0.060546875
0 0.890625 0.591796875 0.064453125 0.056640625
0 0.83984375 0.14453125 0.068359375 0.041015625
0 0.818359375 0.845703125 0.072265625 0.076171875
0 0.88671875 0.544921875 0.064453125 0.056640625
0 0.166015625 0.4609375 0.04296875 0.037109375
0 0.18359375 0.41015625 0.04296875 0.041015625
0 0.189453125 0.34765625 0.046875 0.044921875
0 0.1953125 0.291015625 0.03515625 0.04296875
0 0.140625 0.572265625 0.05078125 0.03125
0 0.109375 0.634765625 0.037109375 0.03515625
0 0.08203125 0.685546875 0.046875 0.044921875