0 0.685546875 0.8203125 0.09765625 0.1015625
0 0.423828125 0.421875 0.11328125 0.109375
0 0.861328125 0.23828125 0.0859375 0.078125
0 0.814453125 0.072265625 0.0859375 0.078125
0 0.513671875 0.203125 0.1015625 0.09375
0 0.38671875 0.548828125 0.09765625 0.10546875
0 0.564453125 0.11328125 0.09765625 0.09765625
0 0.90234375 0.181640625 0.0859375 0.078125
0 0.296875 0.849609375 0.1015625 0.078125
0 0.734375 0.732421875 0.09765625 0.109375
0 0.892578125 0.38671875 0.0859375 0.0703125
0 0.765625 0.642578125 0.09765625 0.0859375
0 0.6875 0.625 0.0703125 0.0625
0 0.787109375 0.39453125 0.09765625 0.0859375
0 0.748046875 0.326171875 0.078125 0.0703125
0 0.27734375 0.962890625 0.09765625 0.0703125
0 0.810546875 0.5546875 0.09765625 0.09375
0 0.970703125 0.19921875 0.05859375 0.078125
0 0.66015625 0.701171875 0.078125 0.0703125
0 0.953125 0.109375 0.0859375 0.0859375
0 0.826171875 0.322265625 0.0859375 0.0859375
0 0.9375 0.306640625 0.0859375 0.078125
0 0.85546875 0.478515625 0.09765625 0.0859375
0 0.96875 0.037109375 0.0625 0.07421875
0 0.626953125 0.77734375 0.078125 0.0546875
0 0.603515625 0.84765625 0.0703125 0.0703125
0 0.77734375 0.185546875 0.0859375 0.0703125
0 0.541015625 0.970703125 0.06640625 0.05859375
0 0.291015625 0.6875 0.0625 0.0546875
0 0.853515625 0.69921875 0.0859375 0.078125
0 0.7265625 0.552734375 0.078125 0.0703125
0 0.60546875 0.970703125 0.0703125 0.05859375
0 0.322265625 0.91796875 0.0703125 0.078125
0 0.75390625 0.484375 0.078125 0.0625
0 0.693359375 0.912109375 0.078125 0.0703125
0 0.349609375 0.982421875 0.08984375 0.03515625
0 0.640625 0.904296875 0.0625 0.078125
0 0.57421875 0.91796875 0.0703125 0.0703125
0 0.033203125 0.06640625 0.0625 0.0625
0 0.4609375 0.294921875 0.109375 0.0859375
0 0.6953125 0.44140625 0.078125 0.0703125
0 0.31640625 0.7578125 0.109375 0.0859375
0 0.8046875 0.818359375 0.0859375 0.0703125
0 0.345703125 0.65234375 0.1015625 0.09765625
0 0.615234375 0.013671875 0.09375 0.02734375
0 0.046875 0.765625 0.09375 0.0859375
0 0.095703125 0.8671875 0.09375 0.0859375
0 0.123046875 0.96875 0.09765625 0.0625
0 0.845703125 0.7734375 0.0546875 0.0546875
0 0.853515625 0.630859375 0.0625 0.0625
0 0.86328125 0.556640625 0.0546875 0.0546875
0 0.7578125 0.89453125 0.0703125 0.0546875
0 0.40625 0.638671875 0.0546875 0.0703125