0 0.19140625 0.267578125 0.109375 0.109375
0 0.685546875 0.33984375 0.10546875 0.091796875
0 0.26171875 0.380859375 0.10546875 0.083984375
0 0.130859375 0.150390625 0.1015625 0.091796875
0 0.107421875 0.236328125 0.083984375 0.091796875
0 0.296875 0.1953125 0.109375 0.1015625
0 0.044921875 0.134765625 0.087890625 0.109375
0 0.66015625 0.916015625 0.1015625 0.087890625
0 0.318359375 0.462890625 0.087890625 0.087890625
0 0.43359375 0.2421875 0.091796875 0.091796875
0 0.564453125 0.302734375 0.080078125 0.087890625
0 0.81640625 0.376953125 0.072265625 0.080078125
0 0.373046875 0.53515625 0.078125 0.06640625
0 0.41796875 0.587890625 0.064453125 0.076171875
0 0.453125 0.6640625 0.072265625 0.07421875
0 0.5 0.7265625 0.064453125 0.07421875
0 0.5546875 0.794921875 0.0546875 0.087890625
0 0.609375 0.84375 0.064453125 0.056640625
0 0.576171875 0.890625 0.064453125 0.052734375
0 0.607421875 0.96875 0.0625 0.0390625
0 0.69140625 0.98828125 0.0625 0.0234375