0 0.419921875 0.388671875 0.060546875 0.060546875
0 0.19140625 0.876953125 0.076171875 0.068359375
0 0.748046875 0.37109375 0.080078125 0.080078125
0 0.142578125 0.248046875 0.072265625 0.060546875
0 0.15234375 0.046875 0.05078125 0.052734375
0 0.13671875 0.173828125 0.068359375 0.05859375
0 0.15234375 0.3125 0.072265625 0.07421875
0 0.083984375 0.33984375 0.046875 0.048828125
0 0.111328125 0.443359375 0.064453125 0.0625
0 0.125 0.34765625 0.048828125 0.041015625
0 0.09765625 0.52734375 0.056640625 0.052734375
0 0.087890625 0.623046875 0.046875 0.046875
0 0.064453125 0.701171875 0.052734375 0.05859375
0 0.056640625 0.76953125 0.044921875 0.0546875
0 0.052734375 0.833984375 0.048828125 0.04296875
0 0.048828125 0.919921875 0.05078125 0.052734375
0 0.0390625 0.97265625 0.052734375 0.0546875
0 0.73828125 0.640625 0.06640625 0.080078125
0 0.736328125 0.912109375 0.06640625 0.06640625
0 0.228515625 0.779296875 0.064453125 0.056640625