0 0.919921875 0.279296875 0.0859375 0.0703125
0 0.91796875 0.546875 0.0859375 0.0859375
0 0.9140625 0.443359375 0.0859375 0.0703125
0 0.908203125 0.33203125 0.078125 0.0703125
0 0.91015625 0.162109375 0.0703125 0.0625
0 0.923828125 0.390625 0.0703125 0.0625
0 0.97265625 0.150390625 0.0546875 0.08203125
0 0.912109375 0.08984375 0.046875 0.046875
0 0.90625 0.220703125 0.0703125 0.046875
0 0.8203125 0.279296875 0.046875 0.0390625
0 0.822265625 0.3515625 0.0546875 0.0625
0 0.826171875 0.416015625 0.05859375 0.05859375
0 0.828125 0.572265625 0.078125 0.0546875
0 0.908203125 0.65234375 0.06640625 0.0625
0 0.89453125 0.779296875 0.09375 0.0859375
0 0.83984375 0.90234375 0.10546875 0.078125