0 0.634765625 0.498046875 0.083984375 0.083984375
0 0.443359375 0.322265625 0.09765625 0.080078125
0 0.5390625 0.345703125 0.076171875 0.076171875
0 0.51171875 0.431640625 0.087890625 0.080078125
0 0.5078125 0.142578125 0.09765625 0.091796875
0 0.443359375 0.1796875 0.080078125 0.076171875
0 0.712890625 0.443359375 0.09765625 0.087890625
0 0.82421875 0.775390625 0.091796875 0.076171875
0 0.095703125 0.96875 0.10546875 0.0625
0 0.0703125 0.927734375 0.076171875 0.056640625
0 0.384765625 0.087890625 0.091796875 0.056640625
0 0.029296875 0.81640625 0.05859375 0.0546875
0 0.048828125 0.87109375 0.080078125 0.056640625
0 0.732421875 0.642578125 0.091796875 0.076171875
0 0.89453125 0.87890625 0.09765625 0.087890625
0 0.33203125 0.01953125 0.078125 0.0390625
0 0.013671875 0.767578125 0.025390625 0.048828125
0 0.94140625 0.97265625 0.078125 0.0546875