0 0.279296875 0.82421875 0.1015625 0.1015625
0 0.037109375 0.384765625 0.0703125 0.09375
0 0.630859375 0.94140625 0.1015625 0.0859375
0 0.359375 0.955078125 0.11328125 0.0859375
0 0.533203125 0.83984375 0.07421875 0.06640625
0 0.421875 0.810546875 0.0703125 0.0625
0 0.177734375 0.205078125 0.0859375 0.078125
0 0.193359375 0.689453125 0.1015625 0.08984375
0 0.1171875 0.53515625 0.08984375 0.1015625
0 0.1640625 0.8046875 0.1171875 0.109375
0 0.251953125 0.9375 0.12890625 0.109375
0 0.583984375 0.828125 0.0546875 0.0546875