0 0.791015625 0.099609375 0.09375 0.09375
0 0.025390625 0.2109375 0.05078125 0.0625
0 0.48046875 0.607421875 0.0625 0.0625
0 0.0390625 0.302734375 0.078125 0.07421875
0 0.29296875 0.76953125 0.078125 0.078125
0 0.501953125 0.47265625 0.0625 0.0703125
0 0.775390625 0.9453125 0.078125 0.078125
0 0.3984375 0.921875 0.078125 0.0703125
0 0.81640625 0.611328125 0.0703125 0.0703125
0 0.51171875 0.33984375 0.0625 0.0625
0 0.0390625 0.3984375 0.0703125 0.07421875
0 0.513671875 0.265625 0.05078125 0.046875
0 0.037109375 0.52734375 0.0546875 0.05859375
0 0.333984375 0.60546875 0.0625 0.0625
0 0.6328125 0.458984375 0.0546875 0.046875
0 0.494140625 0.17578125 0.05078125 0.0546875
0 0.447265625 0.013671875 0.0625 0.02734375
0 0.978515625 0.572265625 0.04296875 0.09765625
0 0.4296875 0.82421875 0.046875 0.0546875
0 0.359375 0.2578125 0.08203125 0.0625
0 0.6015625 0.736328125 0.046875 0.046875
0 0.5703125 0.982421875 0.046875 0.03515625
0 0.025390625 0.65234375 0.05078125 0.0625
0 0.01171875 0.8671875 0.0234375 0.046875
0 0.4609375 0.720703125 0.05078125 0.0546875
0 0.017578125 0.771484375 0.03515625 0.04296875
0 0.478515625 0.099609375 0.05859375 0.0546875
0 0.64453125 0.41796875 0.0390625 0.0390625
0 0.888671875 0.640625 0.046875 0.0390625
0 0.62890625 0.51171875 0.046875 0.0390625
0 0.884765625 0.68359375 0.0390625 0.0390625
0 0.580078125 0.865234375 0.0390625 0.0390625
0 0.615234375 0.640625 0.0390625 0.0390625
0 0.5 0.671875 0.046875 0.046875
0 0.388671875 0.359375 0.0390625 0.0390625
0 0.642578125 0.173828125 0.046875 0.0390625
0 0.63671875 0.375 0.046875 0.0390625
0 0.646484375 0.27734375 0.046875 0.0390625
0 0.646484375 0.328125 0.046875 0.046875
0 0.62109375 0.6015625 0.0390625 0.03125
0 0.64453125 0.228515625 0.046875 0.046875
0 0.5625 0.947265625 0.04296875 0.03125
0 0.349609375 0.1953125 0.046875 0.0390625
0 0.9609375 0.0234375 0.078125 0.046875
0 0.890625 0.5625 0.0390625 0.0390625
0 0.890625 0.609375 0.0390625 0.03125
0 0.634765625 0.13671875 0.0390625 0.03125
0 0.373046875 0.49609375 0.0390625 0.0390625
0 0.6328125 0.1015625 0.046875 0.03125
0 0.24609375 0.9921875 0.0390625 0.015625
0 0.2421875 0.958984375 0.0390625 0.03125
0 0.248046875 0.912109375 0.046875 0.0390625
0 0.2578125 0.876953125 0.0390625 0.0390625
0 0.265625 0.845703125 0.03125 0.0234375
0 0.271484375 0.8125 0.0390625 0.03125
0 0.009765625 0.958984375 0.01953125 0.0390625
0 0.330078125 0.521484375 0.05859375 0.078125
0 0.359375 0.552734375 0.05859375 0.0390625
0 0.37890625 0.455078125 0.0546875 0.03125
0 0.388671875 0.427734375 0.04296875 0.02734375
0 0.3828125 0.396484375 0.0390625 0.0390625
0 0.3828125 0.3125 0.05078125 0.046875
0 0.34375 0.16015625 0.03125 0.02734375
0 0.326171875 0.1328125 0.0390625 0.03125
0 0.3125 0.10546875 0.03125 0.03125
0 0.298828125 0.080078125 0.04296875 0.0234375
0 0.611328125 0.6875 0.0390625 0.0390625
0 0.59375 0.7734375 0.046875 0.03125
0 0.583984375 0.8125 0.03515625 0.0390625
0 0.57421875 0.91796875 0.02734375 0.02734375
0 0.62890625 0.560546875 0.0546875 0.04296875
0 0.630859375 0.0703125 0.0390625 0.0390625
0 0.623046875 0.03515625 0.03515625 0.03515625
0 0.62890625 0.01171875 0.0390625 0.0234375
0 0.8125 0.9765625 0.0390625 0.03125
0 0.81640625 0.939453125 0.03125 0.02734375
0 0.828125 0.89453125 0.03125 0.03125
0 0.83984375 0.85546875 0.03515625 0.03125
0 0.853515625 0.822265625 0.046875 0.04296875
0 0.86328125 0.779296875 0.0390625 0.0390625
0 0.87109375 0.751953125 0.03515625 0.02734375
0 0.8828125 0.71875 0.046875 0.0390625
0 0.892578125 0.515625 0.046875 0.0390625
0 0.802734375 0.33984375 0.0859375 0.10546875
0 0.9765625 0.32421875 0.046875 0.09375