0 0.484375 0.2109375 0.087890625 0.091796875
0 0.623046875 0.021484375 0.10546875 0.04296875
0 0.5859375 0.15625 0.068359375 0.0546875
0 0.404296875 0.212890625 0.083984375 0.087890625
0 0.734375 0.1484375 0.080078125 0.0703125
0 0.609375 0.677734375 0.072265625 0.0703125
0 0.69921875 0.017578125 0.046875 0.03515625
0 0.7421875 0.009765625 0.046875 0.01953125
0 0.755859375 0.041015625 0.033203125 0.02734375
0 0.767578125 0.080078125 0.03125 0.029296875
0 0.779296875 0.107421875 0.03125 0.02734375
0 0.79296875 0.142578125 0.037109375 0.017578125
0 0.806640625 0.080078125 0.046875 0.0703125
0 0.69140625 0.076171875 0.041015625 0.037109375
0 0.63671875 0.08203125 0.046875 0.06640625
0 0.67578125 0.146484375 0.03125 0.029296875
0 0.705078125 0.228515625 0.048828125 0.048828125
0 0.73828125 0.298828125 0.05078125 0.048828125
0 0.751953125 0.380859375 0.033203125 0.02734375
0 0.771484375 0.52734375 0.03515625 0.03515625
0 0.822265625 0.462890625 0.044921875 0.05859375
0 0.7578125 0.216796875 0.0625 0.06640625
0 0.73046875 0.474609375 0.033203125 0.0390625
0 0.6953125 0.4296875 0.048828125 0.041015625
0 0.669921875 0.3671875 0.033203125 0.03515625
0 0.658203125 0.2734375 0.046875 0.041015625
0 0.5703125 0.1171875 0.02734375 0.0234375
0 0.546875 0.095703125 0.0234375 0.025390625
0 0.55859375 0.078125 0.037109375 0.02734375
0 0.55078125 0.03515625 0.0546875 0.046875
0 0.595703125 0.4765625 0.080078125 0.06640625
0 0.28515625 0.1328125 0.06640625 0.103515625
0 0.32421875 0.220703125 0.056640625 0.05078125
0 0.375 0.08203125 0.083984375 0.083984375
0 0.638671875 0.849609375 0.087890625 0.080078125
0 0.66796875 0.978515625 0.09765625 0.041015625
0 0.572265625 0.248046875 0.08203125 0.099609375
0 0.45703125 0.2734375 0.041015625 0.04296875
0 0.478515625 0.37109375 0.08984375 0.091796875
0 0.43359375 0.435546875 0.08203125 0.056640625
0 0.521484375 0.513671875 0.068359375 0.07421875
0 0.5703125 0.546875 0.09765625 0.083984375
0 0.802734375 0.322265625 0.06640625 0.087890625