0 0.15234375 0.1484375 0.0859375 0.078125
0 0.130859375 0.29296875 0.078125 0.078125
0 0.154296875 0.064453125 0.08984375 0.0703125
0 0.1015625 0.5546875 0.078125 0.0703125
0 0.142578125 0.21484375 0.08984375 0.0703125
0 0.115234375 0.63671875 0.09375 0.0859375
0 0.158203125 0.01171875 0.0625 0.0234375
0 0.11328125 0.466796875 0.06640625 0.0703125
0 0.125 0.380859375 0.078125 0.0625
0 0.10546875 0.86328125 0.0625 0.05859375
0 0.10546875 0.923828125 0.05859375 0.04296875
0 0.119140625 0.982421875 0.0546875 0.03515625
0 0.220703125 0.080078125 0.05078125 0.0546875