0 0.740234375 0.93359375 0.08984375 0.083984375
0 0.427734375 0.4609375 0.076171875 0.060546875
0 0.103515625 0.06640625 0.052734375 0.052734375
0 0.099609375 0.017578125 0.06640625 0.03515625
0 0.330078125 0.373046875 0.0859375 0.052734375
0 0.86328125 0.810546875 0.080078125 0.080078125
0 0.38671875 0.439453125 0.068359375 0.072265625
0 0.306640625 0.32421875 0.068359375 0.060546875
0 0.7265625 0.83203125 0.076171875 0.052734375
0 0.9140625 0.75390625 0.072265625 0.06640625
0 0.248046875 0.259765625 0.0546875 0.052734375
0 0.28515625 0.2890625 0.044921875 0.0390625
0 0.361328125 0.40625 0.05078125 0.064453125
0 0.46484375 0.4921875 0.046875 0.052734375
0 0.515625 0.560546875 0.072265625 0.0625
0 0.572265625 0.623046875 0.068359375 0.068359375
0 0.728515625 0.873046875 0.046875 0.041015625
0 0.802734375 0.869140625 0.080078125 0.05859375
0 0.68359375 0.978515625 0.07421875 0.04296875
0 0.7734375 0.982421875 0.046875 0.033203125
0 0.72265625 0.791015625 0.033203125 0.041015625
0 0.6953125 0.751953125 0.05078125 0.05078125
0 0.619140625 0.677734375 0.060546875 0.0625
0 0.66015625 0.708984375 0.083984375 0.0546875
0 0.111328125 0.10546875 0.052734375 0.037109375