0 0.1015625 0.50390625 0.12890625 0.12890625
0 0.380859375 0.5 0.140625 0.13671875
0 0.45703125 0.369140625 0.1171875 0.109375
0 0.27734375 0.271484375 0.12890625 0.125
0 0.580078125 0.8671875 0.15234375 0.12890625
0 0.75390625 0.91796875 0.12109375 0.109375
0 0.796875 0.1484375 0.083984375 0.080078125
0 0.9140625 0.34765625 0.091796875 0.09765625
0 0.6640625 0.181640625 0.1171875 0.11328125
0 0.19140625 0.701171875 0.1171875 0.10546875
0 0.599609375 0.64453125 0.109375 0.10546875
0 0.7734375 0.404296875 0.11328125 0.109375
0 0.5546875 0.2734375 0.1171875 0.10546875
0 0.7265625 0.236328125 0.080078125 0.060546875
0 0.119140625 0.17578125 0.091796875 0.091796875
0 0.935546875 0.08203125 0.10546875 0.1015625
0 0.869140625 0.470703125 0.076171875 0.052734375
0 0.021484375 0.28125 0.04296875 0.0859375
0 0.359375 0.17578125 0.09765625 0.1015625
0 0.1796875 0.359375 0.091796875 0.087890625
0 0.56640625 0.048828125 0.140625 0.087890625
0 0.69140625 0.326171875 0.060546875 0.064453125
0 0.953125 0.5859375 0.076171875 0.083984375
0 0.12890625 0.017578125 0.1015625 0.03515625
0 0.28515625 0.892578125 0.109375 0.1015625
0 0.408203125 0.025390625 0.11328125 0.05078125
0 0.748046875 0.28515625 0.083984375 0.052734375
0 0.912109375 0.50390625 0.09765625 0.056640625
0 0.78125 0.31640625 0.08203125 0.056640625
0 0.849609375 0.427734375 0.048828125 0.041015625
0 0.921875 0.546875 0.0546875 0.04296875
0 0.828125 0.546875 0.0546875 0.03125
0 0.810546875 0.509765625 0.0625 0.052734375
0 0.697265625 0.52734375 0.134765625 0.109375
0 0.859375 0.787109375 0.11328125 0.09375
0 0.923828125 0.888671875 0.109375 0.08984375
0 0.9765625 0.75390625 0.046875 0.0546875
0 0.939453125 0.67578125 0.119140625 0.107421875