0 0.90234375 0.44921875 0.09765625 0.09375
0 0.751953125 0.521484375 0.1015625 0.09375
0 0.830078125 0.607421875 0.11328125 0.1015625
0 0.59765625 0.056640625 0.0859375 0.078125
0 0.580078125 0.30859375 0.078125 0.0859375
0 0.525390625 0.091796875 0.08984375 0.0703125
0 0.787109375 0.337890625 0.09375 0.0703125
0 0.669921875 0.42578125 0.0859375 0.0859375
0 0.8125 0.4296875 0.0859375 0.078125
0 0.748046875 0.287109375 0.0703125 0.078125
0 0.9765625 0.556640625 0.046875 0.10546875
0 0.833984375 0.205078125 0.09765625 0.09765625
0 0.63671875 0.30078125 0.0625 0.0546875
0 0.91015625 0.69140625 0.0703125 0.078125
0 0.89453125 0.5390625 0.078125 0.0859375
0 0.740234375 0.431640625 0.0703125 0.0703125
0 0.705078125 0.234375 0.0703125 0.0703125
0 0.494140625 0.19921875 0.0625 0.0703125
0 0.55078125 0.193359375 0.0625 0.0625
0 0.61328125 0.203125 0.0859375 0.078125
0 0.4375 0.0703125 0.0546875 0.078125
0 0.37890625 0.0625 0.0703125 0.0625
0 0.7578125 0.033203125 0.078125 0.05078125
0 0.95703125 0.666015625 0.078125 0.04296875
0 0.978515625 0.7734375 0.04296875 0.0703125
0 0.681640625 0.359375 0.0546875 0.0390625