0 0.310546875 0.291015625 0.0546875 0.0546875
0 0.3125 0.419921875 0.0390625 0.05078125
0 0.322265625 0.5234375 0.03515625 0.0390625
0 0.326171875 0.21875 0.0546875 0.0546875
0 0.3203125 0.142578125 0.03515625 0.04296875
0 0.3203125 0.046875 0.0390625 0.0390625
0 0.357421875 0.060546875 0.0546875 0.0390625
0 0.337890625 0.109375 0.0546875 0.0234375
0 0.3515625 0.1484375 0.02734375 0.03515625
0 0.337890625 0.2421875 0.0390625 0.02734375
0 0.326171875 0.55859375 0.0546875 0.03515625
0 0.33203125 0.640625 0.046875 0.0390625
0 0.328125 0.67578125 0.0390625 0.03125
0 0.310546875 0.912109375 0.046875 0.046875