0 0.4375 0.2109375 0.068359375 0.076171875
0 0.470703125 0.416015625 0.076171875 0.072265625
0 0.521484375 0.8515625 0.076171875 0.064453125
0 0.4140625 0.11328125 0.076171875 0.080078125
0 0.451171875 0.283203125 0.072265625 0.064453125
0 0.458984375 0.349609375 0.064453125 0.060546875
0 0.50390625 0.724609375 0.064453125 0.052734375
0 0.484375 0.5234375 0.072265625 0.056640625
0 0.49609375 0.671875 0.064453125 0.060546875
0 0.482421875 0.474609375 0.068359375 0.052734375
0 0.482421875 0.576171875 0.068359375 0.056640625
0 0.4453125 0.025390625 0.0703125 0.05078125
0 0.51171875 0.779296875 0.072265625 0.060546875
0 0.49609375 0.626953125 0.064453125 0.052734375
0 0.546875 0.982421875 0.0625 0.03515625
0 0.55078125 0.607421875 0.068359375 0.076171875
0 0.537109375 0.94921875 0.05859375 0.0390625
0 0.50390625 0.013671875 0.056640625 0.01953125
0 0.541015625 0.2421875 0.064453125 0.064453125
0 0.54296875 0.18359375 0.0390625 0.060546875
0 0.546875 0.349609375 0.068359375 0.068359375
0 0.5546875 0.41015625 0.044921875 0.052734375
0 0.55859375 0.46484375 0.05078125 0.05078125
0 0.56640625 0.52734375 0.03515625 0.05078125
0 0.53515625 0.916015625 0.037109375 0.02734375