0 0.68359375 0.08984375 0.08984375 0.083984375
0 0.318359375 0.560546875 0.09375 0.080078125
0 0.744140625 0.033203125 0.08984375 0.064453125
0 0.849609375 0.232421875 0.072265625 0.060546875
0 0.7890625 0.1171875 0.080078125 0.064453125
0 0.822265625 0.1875 0.072265625 0.052734375
0 0.375 0.4921875 0.0859375 0.080078125
0 0.93359375 0.380859375 0.068359375 0.052734375
0 0.91796875 0.337890625 0.076171875 0.056640625
0 0.2578125 0.619140625 0.09375 0.0859375
0 0.419921875 0.412109375 0.07421875 0.0703125
0 0.46875 0.353515625 0.08203125 0.076171875
0 0.529296875 0.275390625 0.0625 0.0703125
0 0.576171875 0.193359375 0.06640625 0.06640625
0 0.625 0.15234375 0.072265625 0.0703125
0 0.7734375 0.080078125 0.060546875 0.0390625
0 0.8125 0.15625 0.0546875 0.048828125
0 0.947265625 0.416015625 0.05859375 0.046875
0 0.9609375 0.462890625 0.068359375 0.064453125