0 0.205078125 0.046875 0.0546875 0.0625
0 0.294921875 0.302734375 0.0546875 0.0546875
0 0.33203125 0.46484375 0.0625 0.0625
0 0.498046875 0.875 0.06640625 0.0546875
0 0.537109375 0.951171875 0.05859375 0.0625
0 0.3984375 0.642578125 0.0546875 0.0546875
0 0.431640625 0.7109375 0.06640625 0.0625
0 0.2265625 0.10546875 0.046875 0.0546875
0 0.4609375 0.78515625 0.0625 0.0625
0 0.271484375 0.220703125 0.05078125 0.0625
0 0.375 0.56640625 0.0625 0.0703125
0 0.3046875 0.376953125 0.0625 0.0625
0 0.17578125 0.126953125 0.0625 0.0625
0 0.173828125 0.240234375 0.0546875 0.0546875
0 0.162109375 0.013671875 0.0546875 0.02734375
0 0.642578125 0.265625 0.03125 0.03125
0 0.62890625 0.22265625 0.0390625 0.03515625
0 0.6015625 0.189453125 0.03125 0.0390625
0 0.564453125 0.15234375 0.0234375 0.03125
0 0.521484375 0.123046875 0.0390625 0.0390625
0 0.58984375 0.1015625 0.03515625 0.03125
0 0.583984375 0.060546875 0.02734375 0.0390625
0 0.623046875 0.048828125 0.0234375 0.02734375
0 0.564453125 0.025390625 0.0625 0.03515625
0 0.50390625 0.087890625 0.0390625 0.03125
0 0.478515625 0.04296875 0.05859375 0.03515625
0 0.673828125 0.20703125 0.0390625 0.03125
0 0.66796875 0.169921875 0.0390625 0.03125
0 0.873046875 0.615234375 0.0546875 0.0390625
0 0.845703125 0.578125 0.0546875 0.0234375