0 0.609375 0.7109375 0.115234375 0.115234375
0 0.611328125 0.904296875 0.1015625 0.0859375
0 0.556640625 0.541015625 0.11328125 0.109375
0 0.720703125 0.947265625 0.109375 0.09765625
0 0.634765625 0.97265625 0.08984375 0.0546875
0 0.462890625 0.833984375 0.09765625 0.09765625
0 0.5 0.4375 0.123046875 0.119140625
0 0.43359375 0.306640625 0.12890625 0.095703125
0 0.33203125 0.20703125 0.107421875 0.087890625
0 0.220703125 0.138671875 0.091796875 0.083984375
0 0.033203125 0.251953125 0.064453125 0.11328125
0 0.037109375 0.62109375 0.07421875 0.0703125
0 0.19140625 0.669921875 0.087890625 0.07421875
0 0.337890625 0.736328125 0.0859375 0.083984375
0 0.666015625 0.8515625 0.095703125 0.08984375