0 0.49609375 0.4609375 0.068359375 0.068359375
0 0.552734375 0.724609375 0.076171875 0.068359375
0 0.12890625 0.763671875 0.11328125 0.1171875
0 0.576171875 0.96875 0.07421875 0.0625
0 0.01953125 0.955078125 0.0390625 0.07421875
0 0.11328125 0.40234375 0.064453125 0.064453125
0 0.349609375 0.8984375 0.044921875 0.044921875
0 0.466796875 0.7109375 0.060546875 0.060546875
0 0.369140625 0.953125 0.033203125 0.037109375
0 0.453125 0.53515625 0.052734375 0.052734375
0 0.048828125 0.126953125 0.09765625 0.099609375
0 0.072265625 0.04296875 0.08984375 0.0859375
0 0.080078125 0.740234375 0.099609375 0.091796875