0 0.40234375 0.830078125 0.078125 0.0625
0 0.419921875 0.9140625 0.0703125 0.0625
0 0.37890625 0.74609375 0.0859375 0.078125
0 0.359375 0.671875 0.0625 0.07421875
0 0.33984375 0.587890625 0.0546875 0.0703125
0 0.31640625 0.49609375 0.0390625 0.046875
0 0.34765625 0.525390625 0.0390625 0.0390625
0 0.384765625 0.59375 0.046875 0.03125
0 0.37890625 0.564453125 0.0390625 0.03515625
0 0.443359375 0.7109375 0.0625 0.046875
0 0.47265625 0.7734375 0.0546875 0.046875
0 0.5 0.841796875 0.046875 0.046875
0 0.537109375 0.900390625 0.046875 0.0390625
0 0.51171875 0.87890625 0.046875 0.0625
0 0.2890625 0.439453125 0.046875 0.0546875
0 0.30859375 0.365234375 0.0546875 0.05078125
0 0.408203125 0.490234375 0.0703125 0.0625
0 0.30859375 0.279296875 0.0546875 0.046875
0 0.318359375 0.17578125 0.04296875 0.0546875
0 0.294921875 0.107421875 0.0703125 0.0625
0 0.193359375 0.048828125 0.046875 0.046875
0 0.578125 0.98046875 0.0546875 0.0390625