0 0.447265625 0.48828125 0.064453125 0.072265625
0 0.44921875 0.68359375 0.068359375 0.076171875
0 0.42578125 0.078125 0.076171875 0.076171875
0 0.44140625 0.275390625 0.052734375 0.060546875
0 0.4296875 0.185546875 0.052734375 0.064453125
0 0.451171875 0.796875 0.056640625 0.068359375
0 0.439453125 0.880859375 0.056640625 0.068359375
0 0.435546875 0.380859375 0.046875 0.0625
0 0.451171875 0.587890625 0.0546875 0.048828125
0 0.490234375 0.0625 0.037109375 0.033203125
0 0.4921875 0.109375 0.04296875 0.037109375
0 0.42578125 0.01171875 0.060546875 0.0234375