0 0.794921875 0.953125 0.0546875 0.0625
0 0.705078125 0.697265625 0.0546875 0.0546875
0 0.66796875 0.53515625 0.0625 0.0625
0 0.501953125 0.125 0.0703125 0.0546875
0 0.462890625 0.048828125 0.0546875 0.0625
0 0.6015625 0.357421875 0.0546875 0.0546875
0 0.568359375 0.2890625 0.0625 0.0625
0 0.7734375 0.89453125 0.046875 0.0546875
0 0.5390625 0.21484375 0.0625 0.0625
0 0.728515625 0.779296875 0.0546875 0.0625
0 0.625 0.43359375 0.0625 0.0703125
0 0.6953125 0.623046875 0.0625 0.0625
0 0.82421875 0.873046875 0.0625 0.0625
0 0.826171875 0.759765625 0.0546875 0.0546875
0 0.837890625 0.986328125 0.0546875 0.02734375
0 0.357421875 0.734375 0.03125 0.03125
0 0.37109375 0.77734375 0.0390625 0.03515625
0 0.3984375 0.810546875 0.03125 0.0390625
0 0.435546875 0.84765625 0.0234375 0.03125
0 0.478515625 0.876953125 0.0390625 0.0390625
0 0.41015625 0.8984375 0.03515625 0.03125
0 0.416015625 0.939453125 0.02734375 0.0390625
0 0.376953125 0.951171875 0.0234375 0.02734375
0 0.435546875 0.974609375 0.0625 0.03515625
0 0.49609375 0.912109375 0.0390625 0.03125
0 0.521484375 0.95703125 0.0546875 0.03515625
0 0.326171875 0.79296875 0.0390625 0.03125
0 0.33203125 0.830078125 0.0390625 0.03125
0 0.126953125 0.384765625 0.0546875 0.0390625
0 0.154296875 0.421875 0.0546875 0.0234375