0 0.19140625 0.619140625 0.1015625 0.09375
0 0.203125 0.380859375 0.09375 0.09375
0 0.177734375 0.76171875 0.0859375 0.09765625
0 0.1953125 0.48828125 0.1015625 0.0859375
0 0.234375 0.728515625 0.07421875 0.0625
0 0.212890625 0.029296875 0.10546875 0.05859375
0 0.212890625 0.142578125 0.10546875 0.0859375
0 0.205078125 0.267578125 0.0859375 0.0859375
0 0.22265625 0.900390625 0.078125 0.078125
0 0.25 0.556640625 0.0703125 0.078125
0 0.171875 0.974609375 0.0859375 0.05078125
0 0.263671875 0.390625 0.0625 0.0703125