0 0.24609375 0.806640625 0.087890625 0.080078125
0 0.166015625 0.87890625 0.080078125 0.080078125
0 0.138671875 0.7421875 0.091796875 0.080078125
0 0.03515625 0.30078125 0.068359375 0.076171875
0 0.072265625 0.44921875 0.09765625 0.083984375
0 0.10546875 0.59765625 0.080078125 0.080078125
0 0.966796875 0.962890625 0.064453125 0.072265625
0 0.01171875 0.927734375 0.0234375 0.10546875
0 0.94921875 0.091796875 0.076171875 0.08203125
0 0.134765625 0.958984375 0.06640625 0.068359375
0 0.294921875 0.90234375 0.076171875 0.0625
0 0.1796875 0.5078125 0.048828125 0.0546875