0 0.875 0.046875 0.09765625 0.076171875
0 0.849609375 0.27734375 0.091796875 0.072265625
0 0.44140625 0.087890625 0.068359375 0.064453125
0 0.560546875 0.8671875 0.064453125 0.056640625
0 0.79296875 0.357421875 0.060546875 0.068359375
0 0.658203125 0.70703125 0.072265625 0.052734375
0 0.564453125 0.97265625 0.064453125 0.048828125
0 0.837890625 0.154296875 0.072265625 0.060546875
0 0.810546875 0.236328125 0.064453125 0.052734375
0 0.6015625 0.794921875 0.064453125 0.056640625
0 0.703125 0.6328125 0.083984375 0.064453125
0 0.384765625 0.29296875 0.068359375 0.068359375
0 0.74609375 0.533203125 0.064453125 0.056640625
0 0.423828125 0.185546875 0.072265625 0.048828125
0 0.90234375 0.123046875 0.080078125 0.091796875
0 0.556640625 0.916015625 0.064453125 0.048828125
0 0.634765625 0.75 0.068359375 0.056640625
0 0.755859375 0.48046875 0.060546875 0.048828125
0 0.82421875 0.197265625 0.060546875 0.048828125
0 0.83984375 0.1171875 0.076171875 0.072265625
0 0.80859375 0.435546875 0.076171875 0.080078125
0 0.81640625 0.509765625 0.068359375 0.076171875
0 0.025390625 0.7890625 0.05078125 0.0546875
0 0.580078125 0.8046875 0.072265625 0.068359375
0 0.830078125 0.177734375 0.072265625 0.072265625
0 0.345703125 0.3984375 0.0703125 0.060546875
0 0.681640625 0.66796875 0.0390625 0.046875
0 0.7109375 0.724609375 0.052734375 0.044921875
0 0.76953125 0.578125 0.03515625 0.0625