0 0.513671875 0.19921875 0.083984375 0.080078125
0 0.546875 0.2890625 0.068359375 0.068359375
0 0.703125 0.833984375 0.060546875 0.064453125
0 0.6796875 0.744140625 0.068359375 0.064453125
0 0.654296875 0.646484375 0.068359375 0.068359375
0 0.29296875 0.34375 0.060546875 0.064453125
0 0.3203125 0.455078125 0.052734375 0.052734375
0 0.630859375 0.55859375 0.068359375 0.072265625
0 0.921875 0.419921875 0.076171875 0.068359375
0 0.255859375 0.515625 0.052734375 0.052734375
0 0.23046875 0.447265625 0.056640625 0.052734375
0 0.1484375 0.04296875 0.056640625 0.052734375
0 0.57421875 0.38671875 0.060546875 0.076171875
0 0.265625 0.232421875 0.056640625 0.052734375
0 0.4453125 0.86328125 0.052734375 0.056640625
0 0.3984375 0.666015625 0.048828125 0.052734375
0 0.232421875 0.037109375 0.052734375 0.048828125
0 0.154296875 0.11328125 0.052734375 0.056640625
0 0.732421875 0.017578125 0.06640625 0.03515625
0 0.986328125 0.61328125 0.02734375 0.0859375
0 0.30078125 0.787109375 0.044921875 0.052734375
0 0.82421875 0.21484375 0.083984375 0.10546875
0 0.611328125 0.46484375 0.068359375 0.080078125
0 0.427734375 0.76171875 0.048828125 0.048828125
0 0.580078125 0.892578125 0.033203125 0.029296875
0 0.953125 0.15234375 0.052734375 0.068359375
0 0.333984375 0.693359375 0.048828125 0.044921875
0 0.431640625 0.01171875 0.064453125 0.0234375
0 0.25 0.146484375 0.048828125 0.056640625
0 0.736328125 0.927734375 0.068359375 0.072265625
0 0.9765625 0.25 0.046875 0.0625
0 0.119140625 0.4765625 0.060546875 0.052734375
0 0.88671875 0.166015625 0.080078125 0.080078125
0 0.205078125 0.373046875 0.056640625 0.048828125
0 0.63671875 0.451171875 0.080078125 0.076171875
0 0.19140625 0.296875 0.052734375 0.052734375
0 0.322265625 0.8515625 0.041015625 0.044921875
0 0.37890625 0.33203125 0.033203125 0.033203125
0 0.4765625 0.09375 0.064453125 0.064453125
0 0.447265625 0.580078125 0.033203125 0.029296875
0 0.30859375 0.59375 0.060546875 0.060546875
0 0.158203125 0.185546875 0.048828125 0.048828125
0 0.916015625 0.06640625 0.048828125 0.044921875
0 0.416015625 0.4765625 0.033203125 0.029296875
0 0.4140625 0.17578125 0.044921875 0.044921875
0 0.42578125 0.5078125 0.037109375 0.029296875
0 0.54296875 0.7890625 0.037109375 0.033203125
0 0.95703125 0.544921875 0.076171875 0.076171875
0 0.37109375 0.2578125 0.033203125 0.029296875
0 0.36328125 0.181640625 0.033203125 0.033203125
0 0.734375 0.064453125 0.064453125 0.068359375
0 0.91015625 0.01953125 0.06640625 0.037109375
0 0.98046875 0.107421875 0.0390625 0.05859375
0 0.974609375 0.751953125 0.05078125 0.103515625
0 0.712890625 0.412109375 0.01953125 0.037109375
0 0.6953125 0.36328125 0.021484375 0.037109375
0 0.677734375 0.3046875 0.013671875 0.037109375
0 0.662109375 0.267578125 0.01953125 0.02734375
0 0.640625 0.220703125 0.013671875 0.033203125
0 0.626953125 0.169921875 0.009765625 0.03125
0 0.607421875 0.130859375 0.013671875 0.03515625
0 0.578125 0.13671875 0.05078125 0.037109375
0 0.591796875 0.1796875 0.033203125 0.03515625
0 0.59765625 0.203125 0.041015625 0.025390625
0 0.607421875 0.228515625 0.029296875 0.029296875
0 0.623046875 0.267578125 0.048828125 0.041015625
0 0.63671875 0.3203125 0.046875 0.04296875
0 0.650390625 0.349609375 0.046875 0.0390625
0 0.66796875 0.384765625 0.03515625 0.041015625
0 0.568359375 0.861328125 0.025390625 0.037109375
0 0.552734375 0.828125 0.021484375 0.03515625
0 0.5234375 0.75390625 0.025390625 0.03515625
0 0.509765625 0.724609375 0.015625 0.029296875
0 0.490234375 0.693359375 0.01171875 0.033203125
0 0.478515625 0.6484375 0.017578125 0.033203125
0 0.466796875 0.619140625 0.01953125 0.029296875
0 0.439453125 0.548828125 0.021484375 0.029296875
0 0.40625 0.44140625 0.01953125 0.037109375
0 0.39453125 0.4140625 0.021484375 0.03125
0 0.390625 0.373046875 0.015625 0.025390625
0 0.375 0.29296875 0.033203125 0.0390625
0 0.361328125 0.220703125 0.01953125 0.02734375
0 0.35546875 0.14453125 0.017578125 0.029296875
0 0.34375 0.109375 0.029296875 0.029296875
0 0.337890625 0.08203125 0.021484375 0.021484375
0 0.359375 0.5625 0.052734375 0.060546875
0 0.029296875 0.453125 0.05859375 0.109375
0 0.810546875 0.701171875 0.033203125 0.0390625
0 0.830078125 0.740234375 0.033203125 0.033203125
0 0.845703125 0.7890625 0.037109375 0.033203125
0 0.8671875 0.83203125 0.021484375 0.03125
0 0.759765625 0.984375 0.06640625 0.03125
0 0.470703125 0.958984375 0.044921875 0.033203125