0 0.8828125 0.439453125 0.0546875 0.0625
0 0.630859375 0.01953125 0.06640625 0.0390625
0 0.36328125 0.201171875 0.078125 0.08203125
0 0.333984375 0.0625 0.078125 0.0703125
0 0.404296875 0.333984375 0.07421875 0.0703125
0 0.15234375 0.24609375 0.07421875 0.07421875
0 0.12109375 0.134765625 0.0703125 0.05859375
0 0.177734375 0.337890625 0.0546875 0.0703125
0 0.203125 0.42578125 0.0546875 0.0703125
0 0.240234375 0.52734375 0.0546875 0.0859375
0 0.478515625 0.572265625 0.05859375 0.06640625
0 0.525390625 0.740234375 0.0390625 0.0625
0 0.486328125 0.65625 0.078125 0.07421875
0 0.541015625 0.8203125 0.04296875 0.04296875
0 0.5625 0.888671875 0.0546875 0.05078125
0 0.580078125 0.98046875 0.05859375 0.0390625