0 0.28515625 0.705078125 0.0859375 0.0703125
0 0.322265625 0.767578125 0.078125 0.0703125
0 0.3203125 0.85546875 0.08984375 0.078125
0 0.1796875 0.015625 0.0625 0.03125
0 0.234375 0.181640625 0.0703125 0.0859375
0 0.333984375 0.546875 0.0625 0.0546875
0 0.474609375 0.57421875 0.0546875 0.05859375
0 0.607421875 0.8671875 0.04296875 0.0390625
0 0.611328125 0.923828125 0.046875 0.0390625
0 0.623046875 0.974609375 0.03515625 0.03125
0 0.02734375 0.888671875 0.046875 0.046875
0 0.3046875 0.939453125 0.046875 0.0546875