0 0.955078125 0.3671875 0.0859375 0.09765625
0 0.705078125 0.1875 0.0859375 0.09375
0 0.87890625 0.306640625 0.10546875 0.0859375
0 0.919921875 0.205078125 0.10546875 0.09765625
0 0.921875 0.51953125 0.09375 0.07421875
0 0.947265625 0.58984375 0.078125 0.078125
0 0.828125 0.755859375 0.0703125 0.0703125
0 0.794921875 0.572265625 0.05859375 0.0625
0 0.75390625 0.38671875 0.0859375 0.0859375
0 0.8984375 0.07421875 0.0703125 0.09375
0 0.962890625 0.111328125 0.07421875 0.0859375
0 0.935546875 0.01953125 0.06640625 0.0390625
0 0.8828125 0.40625 0.0625 0.0390625
0 0.900390625 0.4453125 0.0546875 0.0546875