0 0.72265625 0.146484375 0.14453125 0.125
0 0.544921875 0.41796875 0.12109375 0.1171875
0 0.4140625 0.60546875 0.125 0.11328125
0 0.708984375 0.638671875 0.09765625 0.091796875
0 0.126953125 0.689453125 0.083984375 0.09765625
0 0.1796875 0.8515625 0.091796875 0.09765625
0 0.052734375 0.50390625 0.10546875 0.09765625
0 0.869140625 0.8671875 0.1015625 0.09765625
0 0.876953125 0.380859375 0.1015625 0.1015625
0 0.564453125 0.837890625 0.11328125 0.11328125
0 0.056640625 0.67578125 0.072265625 0.052734375
0 0.412109375 0.2109375 0.09765625 0.091796875
0 0.017578125 0.373046875 0.03515625 0.08203125
0 0.068359375 0.72265625 0.064453125 0.033203125
0 0.06640625 0.62109375 0.0546875 0.05078125
0 0.0625 0.578125 0.09765625 0.06640625
0 0.298828125 0.34765625 0.111328125 0.09765625
0 0.173828125 0.064453125 0.087890625 0.076171875
0 0.91015625 0.08203125 0.123046875 0.123046875
0 0.974609375 0.24609375 0.05078125 0.1171875