0 0.74609375 0.646484375 0.10546875 0.109375
0 0.572265625 0.51171875 0.10546875 0.09765625
0 0.533203125 0.7265625 0.078125 0.078125
0 0.525390625 0.876953125 0.08203125 0.0859375
0 0.71484375 0.939453125 0.09375 0.0703125
0 0.5703125 0.58203125 0.078125 0.0859375
0 0.68359375 0.365234375 0.08203125 0.078125
0 0.689453125 0.17578125 0.1015625 0.10546875
0 0.810546875 0.265625 0.04296875 0.05078125
0 0.94140625 0.193359375 0.078125 0.0703125
0 0.818359375 0.4375 0.0703125 0.078125
0 0.88671875 0.283203125 0.08984375 0.078125
0 0.98046875 0.099609375 0.0390625 0.05078125