0 0.650390625 0.669921875 0.076171875 0.080078125
0 0.69140625 0.5703125 0.072265625 0.076171875
0 0.66015625 0.822265625 0.072265625 0.064453125
0 0.119140625 0.587890625 0.076171875 0.072265625
0 0.6796875 0.91015625 0.072265625 0.076171875
0 0.140625 0.80859375 0.0859375 0.068359375
0 0.111328125 0.662109375 0.09375 0.064453125
0 0.6171875 0.07421875 0.068359375 0.068359375
0 0.11328125 0.509765625 0.08984375 0.076171875
0 0.103515625 0.439453125 0.068359375 0.064453125
0 0.1328125 0.98046875 0.0625 0.0390625
0 0.0234375 0.396484375 0.046875 0.046875
0 0.6640625 0.4453125 0.064453125 0.068359375
0 0.677734375 0.982421875 0.08203125 0.03515625
0 0.130859375 0.935546875 0.060546875 0.072265625
0 0.525390625 0.072265625 0.064453125 0.064453125
0 0.69921875 0.072265625 0.048828125 0.046875
0 0.763671875 0.08203125 0.037109375 0.037109375
0 0.712890625 0.126953125 0.03125 0.033203125
0 0.716796875 0.177734375 0.037109375 0.037109375
0 0.67578125 0.17578125 0.044921875 0.048828125
0 0.615234375 0.169921875 0.05859375 0.05859375
0 0.673828125 0.103515625 0.041015625 0.04296875
0 0.677734375 0.142578125 0.029296875 0.02734375
0 0.765625 0.19140625 0.0390625 0.029296875
0 0.755859375 0.23828125 0.03515625 0.04296875
0 0.689453125 0.267578125 0.087890625 0.087890625
0 0.74609375 0.302734375 0.064453125 0.052734375
0 0.724609375 0.341796875 0.056640625 0.05078125
0 0.708984375 0.392578125 0.044921875 0.04296875
0 0.708984375 0.50390625 0.029296875 0.0390625
0 0.650390625 0.5546875 0.04296875 0.037109375
0 0.708984375 0.744140625 0.037109375 0.041015625
0 0.720703125 0.787109375 0.041015625 0.037109375
0 0.720703125 0.833984375 0.037109375 0.03515625
0 0.734375 0.869140625 0.037109375 0.03515625
0 0.73828125 0.939453125 0.03515625 0.03515625
0 0.744140625 0.984375 0.04296875 0.03125
0 0.123046875 0.73046875 0.048828125 0.060546875
0 0.158203125 0.865234375 0.0390625 0.044921875
0 0.025390625 0.44140625 0.029296875 0.046875
0 0.044921875 0.02734375 0.046875 0.05078125