0 0.064453125 0.365234375 0.12109375 0.109375
0 0.43359375 0.806640625 0.1015625 0.09765625
0 0.173828125 0.6171875 0.11328125 0.10546875
0 0.390625 0.52734375 0.10546875 0.11328125
0 0.1015625 0.220703125 0.09765625 0.0859375
0 0.33203125 0.048828125 0.078125 0.078125
0 0.103515625 0.5078125 0.109375 0.10546875
0 0.25 0.736328125 0.11328125 0.1015625
0 0.408203125 0.6640625 0.09765625 0.1015625
0 0.125 0.826171875 0.09765625 0.0859375
0 0.35546875 0.15234375 0.0859375 0.078125
0 0.052734375 0.658203125 0.10546875 0.12109375
0 0.41015625 0.24609375 0.078125 0.0703125
0 0.3203125 0.841796875 0.109375 0.0859375
0 0.650390625 0.201171875 0.09375 0.0859375
0 0.6015625 0.0390625 0.11328125 0.078125
0 0.658203125 0.310546875 0.0625 0.078125
0 0.650390625 0.443359375 0.046875 0.046875
0 0.732421875 0.431640625 0.0546875 0.0546875
0 0.501953125 0.2734375 0.0703125 0.06640625
0 0.69140625 0.65625 0.07421875 0.06640625
0 0.458984375 0.58203125 0.0546875 0.0625
0 0.51953125 0.619140625 0.0703125 0.08984375
0 0.48046875 0.638671875 0.046875 0.0546875
0 0.5 0.86328125 0.046875 0.0703125
0 0.2109375 0.83984375 0.1015625 0.09375
0 0.03125 0.51171875 0.0625 0.08984375
0 0.658203125 0.548828125 0.06640625 0.078125
0 0.638671875 0.37109375 0.08203125 0.078125
0 0.630859375 0.111328125 0.0625 0.0546875
0 0.349609375 0.39453125 0.12109375 0.09765625
0 0.27734375 0.474609375 0.09375 0.07421875