0 0.279296875 0.77734375 0.09375 0.078125
0 0.16015625 0.787109375 0.09375 0.0859375
0 0.271484375 0.8515625 0.109375 0.09765625
0 0.271484375 0.236328125 0.109375 0.1015625
0 0.271484375 0.623046875 0.09375 0.1015625
0 0.26953125 0.419921875 0.10546875 0.10546875
0 0.26953125 0.046875 0.11328125 0.09375
0 0.1796875 0.9609375 0.09375 0.078125
0 0.05078125 0.892578125 0.0859375 0.078125
0 0.28125 0.984375 0.1171875 0.03125
0 0.126953125 0.375 0.1015625 0.09765625
0 0.15234375 0.59765625 0.08203125 0.07421875
0 0.080078125 0.15234375 0.09375 0.08984375
0 0.0234375 0.7578125 0.046875 0.078125
0 0.03515625 0.970703125 0.0703125 0.05859375