0 0.30859375 0.078125 0.0859375 0.0625
0 0.361328125 0.232421875 0.0703125 0.0546875
0 0.43359375 0.69921875 0.0703125 0.0546875
0 0.43359375 0.796875 0.0625 0.0625
0 0.427734375 0.642578125 0.0703125 0.0546875
0 0.408203125 0.47265625 0.0625 0.0546875
0 0.42578125 0.583984375 0.0703125 0.0546875
0 0.458984375 0.95703125 0.0546875 0.0546875
0 0.392578125 0.375 0.078125 0.0546875
0 0.4375 0.853515625 0.0625 0.0703125
0 0.421875 0.52734375 0.0703125 0.0546875
0 0.42578125 0.75 0.0625 0.046875
0 0.453125 0.91015625 0.0625 0.046875
0 0.404296875 0.423828125 0.0703125 0.0546875
0 0.4296875 0.677734375 0.078125 0.0625
0 0.38671875 0.322265625 0.0390625 0.0390625
0 0.470703125 0.984375 0.046875 0.03125
0 0.37109375 0.267578125 0.0703125 0.046875
0 0.3515625 0.19140625 0.046875 0.0390625
0 0.341796875 0.134765625 0.0703125 0.0546875
0 0.29296875 0.03125 0.06640625 0.046875