0 0.91796875 0.099609375 0.09375 0.0859375
0 0.71484375 0.68359375 0.078125 0.078125
0 0.7421875 0.76953125 0.046875 0.046875
0 0.74609375 0.876953125 0.046875 0.03125
0 0.740234375 0.953125 0.0546875 0.046875
0 0.75390625 0.822265625 0.05859375 0.046875
0 0.708984375 0.55859375 0.0859375 0.07421875
0 0.71875 0.453125 0.0703125 0.0546875
0 0.74609375 0.283203125 0.05859375 0.0703125
0 0.755859375 0.103515625 0.0546875 0.046875
0 0.947265625 0.232421875 0.0625 0.0546875
0 0.98828125 0.759765625 0.0234375 0.078125