0 0.25390625 0.955078125 0.09765625 0.078125
0 0.208984375 0.6875 0.078125 0.0703125
0 0.208984375 0.814453125 0.08203125 0.078125
0 0.2890625 0.73046875 0.078125 0.0625
0 0.396484375 0.021484375 0.08984375 0.04296875
0 0.193359375 0.2890625 0.078125 0.078125
0 0.203125 0.552734375 0.0625 0.0546875
0 0.197265625 0.435546875 0.06640625 0.078125
0 0.38671875 0.16796875 0.078125 0.0859375
0 0.5 0.337890625 0.0546875 0.0703125
0 0.595703125 0.51171875 0.05078125 0.0625
0 0.68359375 0.69140625 0.05078125 0.046875
0 0.775390625 0.869140625 0.046875 0.046875