0 0.955078125 0.26171875 0.072265625 0.056640625
0 0.880859375 0.56640625 0.076171875 0.060546875
0 0.974609375 0.31640625 0.05078125 0.0546875
0 0.890625 0.693359375 0.064453125 0.064453125
0 0.87109375 0.865234375 0.080078125 0.076171875
0 0.908203125 0.982421875 0.052734375 0.02734375
0 0.953125 0.943359375 0.060546875 0.072265625
0 0.9375 0.197265625 0.068359375 0.064453125
0 0.98046875 0.658203125 0.0390625 0.09765625
0 0.748046875 0.0078125 0.056640625 0.015625
0 0.669921875 0.044921875 0.046875 0.04296875
0 0.78125 0.046875 0.05078125 0.041015625
0 0.859375 0.125 0.0390625 0.0546875
0 0.884765625 0.171875 0.044921875 0.04296875
0 0.828125 0.091796875 0.056640625 0.052734375
0 0.9140625 0.25 0.05859375 0.03515625
0 0.904296875 0.3046875 0.04296875 0.03515625
0 0.896484375 0.623046875 0.0390625 0.041015625
0 0.8828125 0.7578125 0.041015625 0.056640625
0 0.90625 0.90625 0.068359375 0.048828125
0 0.83984375 0.9140625 0.060546875 0.05078125
0 0.830078125 0.95703125 0.056640625 0.046875
0 0.849609375 0.662109375 0.04296875 0.044921875
0 0.814453125 0.560546875 0.04296875 0.03515625
0 0.775390625 0.41796875 0.06640625 0.0546875
0 0.80078125 0.6171875 0.048828125 0.041015625
0 0.73828125 0.57421875 0.03515625 0.04296875
0 0.751953125 0.537109375 0.076171875 0.05859375
0 0.853515625 0.517578125 0.06640625 0.05078125
0 0.666015625 0.373046875 0.041015625 0.046875