0 0.076171875 0.580078125 0.041015625 0.033203125
0 0.080078125 0.517578125 0.048828125 0.037109375
0 0.076171875 0.6171875 0.041015625 0.033203125
0 0.1015625 0.39453125 0.033203125 0.033203125
0 0.080078125 0.650390625 0.041015625 0.037109375
0 0.07421875 0.982421875 0.03125 0.03515625
0 0.080078125 0.224609375 0.033203125 0.02734375
0 0.076171875 0.193359375 0.033203125 0.033203125
0 0.068359375 0.103515625 0.033203125 0.02734375
0 0.083984375 0.7890625 0.033203125 0.02734375
0 0.0703125 0.142578125 0.037109375 0.02734375
0 0.080078125 0.75390625 0.033203125 0.033203125
0 0.931640625 0.1015625 0.048828125 0.048828125
0 0.0859375 0.849609375 0.037109375 0.02734375
0 0.07421875 0.171875 0.037109375 0.02734375
0 0.099609375 0.431640625 0.037109375 0.033203125
0 0.962890625 0.162109375 0.041015625 0.041015625
0 0.0546875 0.01171875 0.037109375 0.0234375
0 0.083984375 0.880859375 0.033203125 0.02734375
0 0.08984375 0.337890625 0.037109375 0.033203125
0 0.083984375 0.81640625 0.033203125 0.02734375
0 0.083984375 0.91015625 0.033203125 0.02734375
0 0.98046875 0.1875 0.02734375 0.029296875
0 0.990234375 0.216796875 0.01953125 0.03125
0 0.896484375 0.04296875 0.064453125 0.056640625
0 0.8828125 0.013671875 0.0390625 0.02734375
0 0.064453125 0.03515625 0.037109375 0.025390625
0 0.07421875 0.068359375 0.025390625 0.025390625
0 0.111328125 0.03515625 0.064453125 0.048828125
0 0.115234375 0.12109375 0.052734375 0.0625
0 0.119140625 0.2109375 0.0390625 0.046875
0 0.12109375 0.283203125 0.037109375 0.052734375
0 0.126953125 0.341796875 0.044921875 0.041015625
0 0.138671875 0.431640625 0.037109375 0.03515625
0 0.126953125 0.6171875 0.044921875 0.060546875
0 0.12109375 0.720703125 0.037109375 0.046875
0 0.080078125 0.7265625 0.0390625 0.033203125
0 0.08203125 0.69140625 0.03515625 0.041015625
0 0.078125 0.947265625 0.029296875 0.041015625
0 0.0859375 0.48046875 0.03515625 0.037109375
0 0.107421875 0.46875 0.029296875 0.033203125
0 0.09375 0.36328125 0.033203125 0.037109375
0 0.0859375 0.3125 0.02734375 0.029296875
0 0.08203125 0.283203125 0.03125 0.02734375
0 0.08203125 0.251953125 0.03125 0.02734375
0 0.119140625 0.841796875 0.044921875 0.046875
0 0.115234375 0.806640625 0.037109375 0.0390625
0 0.10546875 0.953125 0.048828125 0.033203125