0 0.244140625 0.5078125 0.0625 0.0625
0 0.310546875 0.98046875 0.09765625 0.0390625
0 0.23046875 0.609375 0.0703125 0.0546875
0 0.22265625 0.5625 0.078125 0.0625
0 0.263671875 0.80859375 0.09375 0.0859375
0 0.24609375 0.6796875 0.0625 0.0546875
0 0.1953125 0.484375 0.04296875 0.0390625
0 0.2890625 0.87890625 0.0625 0.05859375
0 0.29296875 0.9296875 0.0703125 0.046875
0 0.2578125 0.720703125 0.0546875 0.04296875
0 0.248046875 0.640625 0.05078125 0.0390625
0 0.205078125 0.521484375 0.046875 0.03125