0 0.4140625 0.08984375 0.0703125 0.078125
0 0.423828125 0.96875 0.07421875 0.0625
0 0.421875 0.189453125 0.0625 0.0625
0 0.408203125 0.6875 0.0625 0.0703125
0 0.42578125 0.283203125 0.0625 0.0625
0 0.431640625 0.501953125 0.0625 0.078125
0 0.42578125 0.40234375 0.0546875 0.0546875
0 0.423828125 0.603515625 0.046875 0.0546875
0 0.4140625 0.78515625 0.05859375 0.0546875
0 0.427734375 0.892578125 0.0625 0.06640625
0 0.486328125 0.96484375 0.03125 0.03125
0 0.482421875 0.8984375 0.0390625 0.03125
0 0.48046875 0.740234375 0.0390625 0.0390625
0 0.48046875 0.59765625 0.046875 0.0625