0 0.3671875 0.07421875 0.0390625 0.0390625
0 0.330078125 0.287109375 0.05078125 0.0546875
0 0.353515625 0.16015625 0.046875 0.0390625
0 0.341796875 0.19921875 0.046875 0.0390625
0 0.361328125 0.1171875 0.0390625 0.03125
0 0.333984375 0.236328125 0.0390625 0.0390625
0 0.375 0.029296875 0.046875 0.046875
0 0.30859375 0.65234375 0.0390625 0.0390625
0 0.333984375 0.67578125 0.0625 0.078125
0 0.34375 0.5 0.0703125 0.0703125
0 0.296875 0.509765625 0.05859375 0.0390625
0 0.298828125 0.47265625 0.03125 0.03125
0 0.3046875 0.431640625 0.0390625 0.04296875
0 0.31640625 0.384765625 0.0390625 0.0390625
0 0.322265625 0.3359375 0.0546875 0.046875
0 0.298828125 0.591796875 0.08203125 0.06640625
0 0.294921875 0.73828125 0.0703125 0.0546875
0 0.296875 0.79296875 0.06640625 0.05078125
0 0.291015625 0.849609375 0.0703125 0.0859375
0 0.265625 0.97265625 0.078125 0.0546875