0 0.689453125 0.708984375 0.0546875 0.0546875
0 0.6875 0.580078125 0.0390625 0.05078125
0 0.677734375 0.4765625 0.03515625 0.0390625
0 0.673828125 0.78125 0.0546875 0.0546875
0 0.6796875 0.857421875 0.03515625 0.04296875
0 0.6796875 0.953125 0.0390625 0.0390625
0 0.642578125 0.939453125 0.0546875 0.0390625
0 0.662109375 0.890625 0.0546875 0.0234375
0 0.6484375 0.8515625 0.02734375 0.03515625
0 0.662109375 0.7578125 0.0390625 0.02734375
0 0.673828125 0.44140625 0.0546875 0.03515625
0 0.66796875 0.359375 0.046875 0.0390625
0 0.671875 0.32421875 0.0390625 0.03125
0 0.689453125 0.087890625 0.046875 0.046875