0 0.607421875 0.48046875 0.140625 0.12890625
0 0.529296875 0.212890625 0.1328125 0.14453125
0 0.037109375 0.818359375 0.07421875 0.14453125
0 0.31640625 0.568359375 0.1015625 0.10546875
0 0.9609375 0.07421875 0.078125 0.109375
0 0.6484375 0.708984375 0.10546875 0.12109375
0 0.400390625 0.8515625 0.109375 0.11328125
0 0.208984375 0.341796875 0.10546875 0.10546875
0 0.142578125 0.150390625 0.09375 0.09375
0 0.740234375 0.9765625 0.15234375 0.046875
0 0.44140625 0.013671875 0.125 0.02734375
0 0.666015625 0.353515625 0.0546875 0.0390625
0 0.66015625 0.3125 0.05859375 0.0390625
0 0.654296875 0.27734375 0.0546875 0.0390625
0 0.658203125 0.193359375 0.046875 0.046875
0 0.662109375 0.236328125 0.0625 0.0390625
0 0.66796875 0.154296875 0.0546875 0.05078125
0 0.662109375 0.10546875 0.046875 0.0390625
0 0.66015625 0.064453125 0.04296875 0.03125
0 0.65234375 0.01953125 0.0546875 0.0390625
0 0.62109375 0.109375 0.0390625 0.0546875
0 0.611328125 0.0546875 0.0625 0.046875
0 0.58984375 0.017578125 0.06640625 0.03125
0 0.62890625 0.1484375 0.04296875 0.03515625