0 0.09765625 0.55078125 0.09765625 0.09375
0 0.248046875 0.478515625 0.1015625 0.09375
0 0.169921875 0.392578125 0.11328125 0.1015625
0 0.40234375 0.943359375 0.0859375 0.078125
0 0.419921875 0.69140625 0.078125 0.0859375
0 0.474609375 0.908203125 0.08984375 0.0703125
0 0.212890625 0.662109375 0.09375 0.0703125
0 0.330078125 0.57421875 0.0859375 0.0859375
0 0.1875 0.5703125 0.0859375 0.078125
0 0.251953125 0.712890625 0.07421875 0.078125
0 0.0234375 0.443359375 0.046875 0.10546875
0 0.166015625 0.794921875 0.09765625 0.09765625
0 0.36328125 0.69921875 0.0625 0.0546875
0 0.08984375 0.30859375 0.0703125 0.078125
0 0.10546875 0.4609375 0.08203125 0.0859375
0 0.259765625 0.568359375 0.0703125 0.0703125
0 0.294921875 0.765625 0.0703125 0.0703125
0 0.505859375 0.80078125 0.0625 0.0703125
0 0.44921875 0.806640625 0.0625 0.0625
0 0.38671875 0.796875 0.0859375 0.078125
0 0.5625 0.9296875 0.0546875 0.078125
0 0.62109375 0.9375 0.0703125 0.0625
0 0.2421875 0.966796875 0.078125 0.05078125
0 0.04296875 0.333984375 0.078125 0.04296875
0 0.021484375 0.2265625 0.04296875 0.0703125
0 0.318359375 0.640625 0.0546875 0.0390625