0 0.912109375 0.466796875 0.0703125 0.0546875
0 0.8828125 0.625 0.078125 0.0625
0 0.865234375 0.697265625 0.0859375 0.0625
0 0.947265625 0.326171875 0.078125 0.0703125
0 0.31640625 0.201171875 0.0390625 0.0390625
0 0.90625 0.544921875 0.0703125 0.0546875
0 0.990234375 0.142578125 0.01953125 0.09375
0 0.943359375 0.41015625 0.078125 0.0859375
0 0.8828125 0.818359375 0.078125 0.0625
0 0.984375 0.259765625 0.03125 0.06640625
0 0.888671875 0.591796875 0.0625 0.0390625
0 0.30859375 0.240234375 0.03125 0.0390625
0 0.98828125 0.232421875 0.0234375 0.078125
0 0.306640625 0.05859375 0.078125 0.09375
0 0.8515625 0.978515625 0.0703125 0.04296875
0 0.283203125 0.697265625 0.06640625 0.0703125
0 0.306640625 0.365234375 0.05859375 0.046875
0 0.982421875 0.625 0.03515625 0.0625
0 0.865234375 0.923828125 0.0390625 0.03125
0 0.826171875 0.94140625 0.04296875 0.03125
0 0.060546875 0.9765625 0.0390625 0.03125
0 0.046875 0.93359375 0.03125 0.02734375
0 0.052734375 0.876953125 0.0234375 0.0234375
0 0.048828125 0.84765625 0.0234375 0.03125
0 0.091796875 0.826171875 0.03125 0.03125
0 0.103515625 0.931640625 0.03125 0.0234375
0 0.06640625 0.751953125 0.06640625 0.05078125
0 0.1015625 0.662109375 0.01953125 0.0234375
0 0.109375 0.638671875 0.0234375 0.015625
0 0.13671875 0.59765625 0.03515625 0.03125
0 0.14453125 0.552734375 0.0390625 0.02734375
0 0.15625 0.525390625 0.03125 0.015625
0 0.1640625 0.49609375 0.0234375 0.03125
0 0.1640625 0.455078125 0.0390625 0.0234375
0 0.166015625 0.35546875 0.03125 0.0234375
0 0.171875 0.3359375 0.03125 0.0234375
0 0.16796875 0.306640625 0.03125 0.0234375
0 0.171875 0.279296875 0.0390625 0.0234375
0 0.185546875 0.111328125 0.046875 0.03125
0 0.185546875 0.140625 0.03125 0.03125
0 0.21875 0.33984375 0.0390625 0.03515625
0 0.234375 0.236328125 0.02734375 0.02734375
0 0.24609375 0.18359375 0.03515625 0.0390625
0 0.2578125 0.982421875 0.0703125 0.03515625
0 0.28515625 0.169921875 0.0234375 0.0234375
0 0.291015625 0.216796875 0.0234375 0.0234375
0 0.287109375 0.25 0.03125 0.03515625
0 0.23046875 0.26953125 0.03125 0.0234375
0 0.21875 0.296875 0.03125 0.03125
0 0.251953125 0.14453125 0.0390625 0.0390625
0 0.87890625 0.2578125 0.03125 0.03515625