0 0.08203125 0.900390625 0.09375 0.083984375
0 0.28515625 0.31640625 0.076171875 0.076171875
0 0.2578125 0.23046875 0.046875 0.044921875
0 0.25390625 0.123046875 0.046875 0.033203125
0 0.259765625 0.046875 0.0546875 0.046875
0 0.24609375 0.177734375 0.05859375 0.044921875
0 0.291015625 0.44140625 0.083984375 0.07421875
0 0.28125 0.546875 0.068359375 0.0546875
0 0.25390625 0.716796875 0.05859375 0.0703125
0 0.244140625 0.896484375 0.052734375 0.048828125
0 0.052734375 0.767578125 0.064453125 0.056640625
0 0.01171875 0.240234375 0.0234375 0.076171875