0 0.943359375 0.837890625 0.11328125 0.13671875
0 0.626953125 0.306640625 0.11328125 0.09765625
0 0.625 0.390625 0.1015625 0.09765625
0 0.619140625 0.564453125 0.11328125 0.0859375
0 0.6328125 0.060546875 0.109375 0.0859375
0 0.625 0.478515625 0.1015625 0.09375
0 0.615234375 0.64453125 0.10546875 0.078125
0 0.7890625 0.791015625 0.11328125 0.12109375
0 0.62109375 0.7265625 0.09375 0.078125
0 0.513671875 0.056640625 0.09765625 0.09765625
0 0.595703125 0.01953125 0.09765625 0.03125
0 0.646484375 0.15234375 0.109375 0.078125
0 0.640625 0.23046875 0.09375 0.078125
0 0.443359375 0.017578125 0.09765625 0.03515625
0 0.798828125 0.962890625 0.046875 0.0625