0 0.912109375 0.166015625 0.076171875 0.072265625
0 0.7421875 0.19921875 0.044921875 0.044921875
0 0.376953125 0.76171875 0.064453125 0.064453125
0 0.771484375 0.41796875 0.052734375 0.052734375
0 0.748046875 0.248046875 0.048828125 0.044921875
0 0.755859375 0.298828125 0.044921875 0.041015625
0 0.388671875 0.59765625 0.056640625 0.056640625
0 0.75390625 0.345703125 0.041015625 0.037109375
0 0.61328125 0.322265625 0.044921875 0.041015625
0 0.7734375 0.501953125 0.048828125 0.037109375
0 0.654296875 0.443359375 0.044921875 0.041015625
0 0.380859375 0.935546875 0.068359375 0.060546875
0 0.548828125 0.060546875 0.044921875 0.041015625
0 0.658203125 0.505859375 0.037109375 0.037109375
0 0.79296875 0.53515625 0.041015625 0.037109375
0 0.580078125 0.26171875 0.037109375 0.033203125
0 0.728515625 0.1484375 0.033203125 0.033203125
0 0.78125 0.46484375 0.041015625 0.037109375
0 0.794921875 0.61328125 0.037109375 0.033203125
0 0.55078125 0.013671875 0.041015625 0.02734375
0 0.796875 0.740234375 0.041015625 0.037109375
0 0.794921875 0.5859375 0.037109375 0.02734375
0 0.6484375 0.3984375 0.033203125 0.033203125
0 0.568359375 0.224609375 0.029296875 0.02734375
0 0.556640625 0.095703125 0.044921875 0.044921875
0 0.38671875 0.5 0.052734375 0.048828125
0 0.58984375 0.29296875 0.037109375 0.02734375
0 0.326171875 0.220703125 0.076171875 0.08203125
0 0.560546875 0.1328125 0.046875 0.0390625
0 0.568359375 0.158203125 0.033203125 0.021484375
0 0.572265625 0.185546875 0.03515625 0.037109375
0 0.626953125 0.345703125 0.02734375 0.02734375
0 0.724609375 0.083984375 0.046875 0.0390625
0 0.63671875 0.373046875 0.03515625 0.03515625
0 0.65625 0.474609375 0.03515625 0.033203125
0 0.658203125 0.5390625 0.0390625 0.029296875
0 0.662109375 0.572265625 0.029296875 0.03515625
0 0.8046875 0.79296875 0.041015625 0.037109375
0 0.80859375 0.841796875 0.041015625 0.037109375
0 0.80078125 0.890625 0.046875 0.052734375
0 0.81640625 0.98046875 0.0390625 0.0390625
0 0.017578125 0.724609375 0.033203125 0.076171875
0 0.037109375 0.91796875 0.07421875 0.09375
0 0.01171875 0.537109375 0.0234375 0.06640625