0 0.666015625 0.5 0.0859375 0.0859375
0 0.56640625 0.3984375 0.109375 0.11328125
0 0.8359375 0.70703125 0.078125 0.078125
0 0.71484375 0.091796875 0.0859375 0.09765625
0 0.830078125 0.947265625 0.06640625 0.0625
0 0.30859375 0.0859375 0.1171875 0.1015625
0 0.896484375 0.349609375 0.0859375 0.0859375
0 0.763671875 0.609375 0.1015625 0.10546875
0 0.501953125 0.552734375 0.0546875 0.046875
0 0.44140625 0.390625 0.0625 0.0546875
0 0.79296875 0.91015625 0.0625 0.0703125
0 0.529296875 0.58984375 0.0625 0.0703125
0 0.43359375 0.4609375 0.0625 0.0625
0 0.619140625 0.70703125 0.0625 0.0703125
0 0.171875 0.23046875 0.0625 0.0625
0 0.26953125 0.287109375 0.07421875 0.0703125
0 0.705078125 0.810546875 0.0625 0.0625
0 0.1875 0.984375 0.078125 0.03125
0 0.388671875 0.42578125 0.0546875 0.0703125
0 0.064453125 0.404296875 0.0546875 0.0546875
0 0.015625 0.349609375 0.03125 0.03515625
0 0.076171875 0.4296875 0.03515625 0.0390625
0 0.09765625 0.458984375 0.046875 0.0546875
0 0.126953125 0.484375 0.04296875 0.046875
0 0.2890625 0.349609375 0.06640625 0.0625
0 0.0859375 0.0859375 0.03125 0.03125
0 0.064453125 0.0625 0.0390625 0.03125
0 0.041015625 0.041015625 0.0625 0.03515625
0 0.021484375 0.01953125 0.04296875 0.0390625
0 0.08984375 0.009765625 0.05859375 0.01953125
0 0.259765625 0.037109375 0.09375 0.0703125
0 0.205078125 0.0078125 0.05859375 0.015625
0 0.328125 0.009765625 0.0625 0.01953125
0 0.373046875 0.140625 0.109375 0.1171875
0 0.40625 0.201171875 0.1015625 0.1015625
0 0.45703125 0.24609375 0.12890625 0.1171875
0 0.478515625 0.306640625 0.1640625 0.109375
0 0.888671875 0.01953125 0.046875 0.0390625
0 0.91015625 0.048828125 0.03515625 0.0390625
0 0.935546875 0.083984375 0.03515625 0.0390625
0 0.9609375 0.119140625 0.0390625 0.046875
0 0.982421875 0.154296875 0.03515625 0.04296875
0 0.916015625 0.8203125 0.0703125 0.0703125
0 0.796875 0.451171875 0.03515625 0.02734375
0 0.814453125 0.474609375 0.02734375 0.03515625
0 0.833984375 0.5 0.0234375 0.03125
0 0.8515625 0.525390625 0.0390625 0.03515625
0 0.87890625 0.546875 0.04296875 0.0234375
0 0.900390625 0.576171875 0.0546875 0.0390625
0 0.931640625 0.62890625 0.0703125 0.0390625
0 0.955078125 0.650390625 0.06640625 0.04296875
0 0.974609375 0.677734375 0.05078125 0.06640625