0 0.03515625 0.892578125 0.068359375 0.068359375
0 0.57421875 0.44140625 0.076171875 0.068359375
0 0.5625 0.529296875 0.052734375 0.060546875
0 0.044921875 0.564453125 0.072265625 0.072265625
0 0.59765625 0.58203125 0.080078125 0.060546875
0 0.341796875 0.0625 0.068359375 0.0546875
0 0.3828125 0.021484375 0.052734375 0.04296875
0 0.298828125 0.1171875 0.076171875 0.0546875
0 0.267578125 0.166015625 0.05078125 0.048828125
0 0.232421875 0.2109375 0.091796875 0.0546875
0 0.076171875 0.31640625 0.05078125 0.048828125
0 0.076171875 0.416015625 0.06640625 0.0546875
0 0.578125 0.369140625 0.083984375 0.078125
0 0.650390625 0.25390625 0.0546875 0.05078125
0 0.638671875 0.203125 0.05859375 0.05078125
0 0.525390625 0.080078125 0.072265625 0.06640625
0 0.484375 0.02734375 0.046875 0.04296875