0 0.328125 0.62890625 0.083984375 0.072265625
0 0.064453125 0.1015625 0.072265625 0.064453125
0 0.150390625 0.326171875 0.076171875 0.080078125
0 0.20703125 0.435546875 0.076171875 0.072265625
0 0.26953125 0.544921875 0.072265625 0.080078125
0 0.111328125 0.21484375 0.076171875 0.068359375
0 0.234375 0.48828125 0.072265625 0.056640625
0 0.451171875 0.13671875 0.056640625 0.048828125
0 0.44921875 0.083984375 0.068359375 0.056640625
0 0.388671875 0.70703125 0.076171875 0.068359375
0 0.43359375 0.80078125 0.064453125 0.064453125
0 0.498046875 0.8984375 0.046875 0.05859375