0 0.900390625 0.189453125 0.046875 0.02734375
0 0.90234375 0.244140625 0.064453125 0.052734375
0 0.904296875 0.126953125 0.068359375 0.068359375
0 0.904296875 0.337890625 0.068359375 0.056640625
0 0.767578125 0.154296875 0.06640625 0.05859375
0 0.79296875 0.412109375 0.060546875 0.064453125
0 0.796875 0.65234375 0.052734375 0.0625
0 0.84765625 0.89453125 0.0546875 0.056640625
0 0.900390625 0.21484375 0.03515625 0.03515625
0 0.900390625 0.162109375 0.029296875 0.0390625
0 0.984375 0.142578125 0.029296875 0.044921875