0 0.27734375 0.712890625 0.10546875 0.0859375
0 0.34765625 0.87890625 0.0859375 0.078125
0 0.658203125 0.904296875 0.09765625 0.09375
0 0.474609375 0.220703125 0.0859375 0.0859375
0 0.123046875 0.353515625 0.09375 0.09375
0 0.060546875 0.16796875 0.09765625 0.09375
0 0.51953125 0.318359375 0.078125 0.078125
0 0.1953125 0.5390625 0.09375 0.09375
0 0.564453125 0.44140625 0.09765625 0.0859375
0 0.69921875 0.986328125 0.1171875 0.02734375
0 0.634765625 0.77734375 0.0859375 0.0703125
0 0.037109375 0.0234375 0.05859375 0.046875
0 0.576171875 0.537109375 0.0859375 0.0859375
0 0.599609375 0.65234375 0.09375 0.109375
0 0.546875 0.25390625 0.05859375 0.05078125
0 0.44921875 0.125 0.0625 0.06640625
0 0.427734375 0.0234375 0.06640625 0.046875