0 0.73046875 0.1015625 0.12890625 0.12890625
0 0.203125 0.5546875 0.125 0.125
0 0.94140625 0.62890625 0.1171875 0.14453125
0 0.3046875 0.85546875 0.1171875 0.10546875
0 0.8515625 0.36328125 0.13671875 0.14453125
0 0.51171875 0.177734375 0.09765625 0.10546875
0 0.650390625 0.712890625 0.1015625 0.09765625
0 0.1796875 0.458984375 0.1015625 0.0859375
0 0.74609375 0.83984375 0.09765625 0.09375
0 0.044921875 0.15234375 0.0859375 0.09765625
0 0.58203125 0.388671875 0.109375 0.09375
0 0.701171875 0.662109375 0.078125 0.078125
0 0.107421875 0.23046875 0.1171875 0.10546875
0 0.55078125 0.521484375 0.1015625 0.09375
0 0.2265625 0.78515625 0.09765625 0.0859375
0 0.591796875 0.29296875 0.078125 0.0625
0 0.578125 0.24609375 0.0859375 0.0546875
0 0.873046875 0.986328125 0.0859375 0.02734375
0 0.8515625 0.962890625 0.046875 0.03515625
0 0.828125 0.90625 0.0625 0.0390625
0 0.818359375 0.87109375 0.0625 0.0390625
0 0.814453125 0.833984375 0.04296875 0.03125
0 0.80078125 0.802734375 0.0390625 0.04296875
0 0.759765625 0.74609375 0.08203125 0.04296875
0 0.7578125 0.708984375 0.0703125 0.04296875
0 0.748046875 0.6796875 0.046875 0.03515625
0 0.689453125 0.5625 0.04296875 0.0390625
0 0.68359375 0.52734375 0.0546875 0.0390625
0 0.677734375 0.494140625 0.0546875 0.0234375
0 0.658203125 0.466796875 0.09375 0.0703125
0 0.65625 0.421875 0.046875 0.04296875
0 0.630859375 0.353515625 0.0546875 0.03125
0 0.609375 0.328125 0.07421875 0.03515625
0 0.478515625 0.08984375 0.05078125 0.046875