0 0.525390625 0.1171875 0.09375 0.0703125
0 0.2421875 0.642578125 0.078125 0.0859375
0 0.708984375 0.484375 0.078125 0.07421875
0 0.640625 0.146484375 0.0703125 0.078125
0 0.76171875 0.87109375 0.0625 0.0625
0 0.625 0.03515625 0.08984375 0.0703125
0 0.73828125 0.771484375 0.078125 0.078125
0 0.6328125 0.2421875 0.0703125 0.0703125
0 0.73828125 0.67578125 0.078125 0.078125
0 0.734375 0.58984375 0.0859375 0.0703125
0 0.1953125 0.56640625 0.0546875 0.02734375
0 0.26953125 0.94921875 0.0703125 0.0625
0 0.630859375 0.091796875 0.078125 0.0546875
0 0.697265625 0.310546875 0.078125 0.06640625
0 0.166015625 0.11328125 0.0703125 0.0546875
0 0.68359375 0.375 0.078125 0.0703125
0 0.740234375 0.427734375 0.0703125 0.06640625
0 0.154296875 0.068359375 0.078125 0.046875
0 0.22265625 0.830078125 0.06640625 0.046875
0 0.201171875 0.515625 0.03515625 0.03125
0 0.1640625 0.16015625 0.078125 0.046875
0 0.18359375 0.361328125 0.0625 0.0546875
0 0.470703125 0.033203125 0.078125 0.0625
0 0.251953125 0.88671875 0.0859375 0.0546875
0 0.1796875 0.3125 0.0625 0.046875
0 0.169921875 0.193359375 0.0625 0.0390625
0 0.17578125 0.234375 0.0703125 0.046875
0 0.15234375 0.02734375 0.0703125 0.0546875
0 0.189453125 0.40234375 0.03125 0.0234375
0 0.17578125 0.271484375 0.0625 0.046875
0 0.18359375 0.671875 0.03125 0.02734375
0 0.576171875 0.1796875 0.0625 0.0703125
0 0.2109375 0.455078125 0.0390625 0.03125
0 0.025390625 0.958984375 0.05078125 0.0546875
0 0.275390625 0.78125 0.06640625 0.0703125
0 0.19921875 0.767578125 0.046875 0.046875
0 0.189453125 0.7265625 0.04296875 0.046875
0 0.1875 0.431640625 0.03125 0.03125
0 0.208984375 0.484375 0.03125 0.0234375
0 0.193359375 0.541015625 0.0234375 0.0234375
0 0.185546875 0.583984375 0.03125 0.03125
0 0.1875 0.611328125 0.02734375 0.0234375
0 0.189453125 0.638671875 0.03125 0.03125
0 0.302734375 0.921875 0.05859375 0.0625