0 0.875 0.9453125 0.072265625 0.076171875
0 0.876953125 0.828125 0.060546875 0.068359375
0 0.94140625 0.861328125 0.068359375 0.076171875
0 0.435546875 0.9765625 0.07421875 0.046875
0 0.8828125 0.779296875 0.064453125 0.052734375
0 0.88671875 0.751953125 0.064453125 0.060546875
0 0.513671875 0.86328125 0.072265625 0.05859375
0 0.494140625 0.79296875 0.046875 0.048828125
0 0.5625 0.8046875 0.052734375 0.0546875
0 0.494140625 0.6796875 0.060546875 0.0625
0 0.01953125 0.126953125 0.0390625 0.05859375
0 0.017578125 0.248046875 0.033203125 0.052734375
0 0.013671875 0.0546875 0.02734375 0.05078125
0 0.76171875 0.0390625 0.076171875 0.072265625
0 0.74609375 0.103515625 0.076171875 0.0625
0 0.71484375 0.166015625 0.078125 0.064453125
0 0.755859375 0.2578125 0.0546875 0.0703125
0 0.806640625 0.361328125 0.0625 0.041015625
0 0.8046875 0.40234375 0.056640625 0.046875
0 0.84765625 0.46875 0.05859375 0.0625
0 0.947265625 0.80078125 0.060546875 0.05078125