0 0.09375 0.537109375 0.0703125 0.0625
0 0.091796875 0.609375 0.0625 0.0546875
0 0.125 0.337890625 0.0703125 0.0625
0 0.12109375 0.421875 0.0546875 0.046875
0 0.205078125 0.09375 0.046875 0.03125
0 0.203125 0.05078125 0.046875 0.03125
0 0.205078125 0.126953125 0.046875 0.0390625
0 0.201171875 0.16015625 0.046875 0.03125
0 0.19140625 0.201171875 0.05078125 0.046875
0 0.3359375 0.2734375 0.03515625 0.0390625
0 0.330078125 0.203125 0.0234375 0.03515625
0 0.333984375 0.02734375 0.046875 0.0390625
0 0.1171875 0.5 0.04296875 0.0234375
0 0.078125 0.779296875 0.05078125 0.0546875
0 0.0703125 0.97265625 0.046875 0.0390625
0 0.068359375 0.927734375 0.046875 0.04296875
0 0.0703125 0.826171875 0.046875 0.046875
0 0.068359375 0.8671875 0.046875 0.04296875
0 0.08984375 0.642578125 0.0390625 0.0390625