0 0.595703125 0.845703125 0.08984375 0.091796875
0 0.580078125 0.076171875 0.076171875 0.080078125
0 0.2890625 0.740234375 0.0859375 0.083984375
0 0.578125 0.533203125 0.09765625 0.087890625
0 0.552734375 0.626953125 0.076171875 0.068359375
0 0.146484375 0.767578125 0.09765625 0.1015625
0 0.294921875 0.470703125 0.064453125 0.068359375
0 0.611328125 0.439453125 0.072265625 0.064453125
0 0.59375 0.97265625 0.0703125 0.0546875
0 0.08984375 0.162109375 0.09765625 0.09765625
0 0.513671875 0.978515625 0.05859375 0.04296875
0 0.017578125 0.0546875 0.03515625 0.078125
0 0.09765625 0.466796875 0.11328125 0.11328125
0 0.498046875 0.1484375 0.056640625 0.056640625
0 0.50390625 0.673828125 0.044921875 0.041015625
0 0.283203125 0.138671875 0.056640625 0.052734375
0 0.578125 0.400390625 0.056640625 0.052734375
0 0.494140625 0.517578125 0.048828125 0.044921875
0 0.83203125 0.650390625 0.060546875 0.052734375
0 0.408203125 0.640625 0.048828125 0.048828125
0 0.37109375 0.052734375 0.041015625 0.03515625
0 0.255859375 0.017578125 0.048828125 0.033203125
0 0.26953125 0.099609375 0.048828125 0.04296875
0 0.40625 0.552734375 0.052734375 0.05078125
0 0.404296875 0.73828125 0.041015625 0.046875
0 0.40234375 0.798828125 0.041015625 0.0390625
0 0.3984375 0.853515625 0.048828125 0.044921875
0 0.392578125 0.90234375 0.0625 0.044921875
0 0.40625 0.966796875 0.052734375 0.046875
0 0.8359375 0.935546875 0.03515625 0.04296875
0 0.830078125 0.8046875 0.037109375 0.044921875
0 0.013671875 0.4765625 0.025390625 0.05078125
0 0.01171875 0.548828125 0.0234375 0.041015625
0 0.01953125 0.625 0.0390625 0.046875
0 0.03515625 0.66796875 0.037109375 0.033203125
0 0.046875 0.712890625 0.02734375 0.03125
0 0.037109375 0.76171875 0.033203125 0.0390625
0 0.015625 0.841796875 0.03125 0.048828125
0 0.01953125 0.91796875 0.037109375 0.076171875