0 0.80859375 0.732421875 0.109375 0.109375
0 0.314453125 0.66015625 0.10546875 0.09375
0 0.73828125 0.619140625 0.10546875 0.0859375
0 0.869140625 0.849609375 0.1015625 0.09375
0 0.892578125 0.763671875 0.0859375 0.09375
0 0.703125 0.8046875 0.109375 0.1015625
0 0.955078125 0.865234375 0.0859375 0.109375
0 0.33984375 0.083984375 0.1015625 0.0859375
0 0.681640625 0.537109375 0.0859375 0.0859375
0 0.56640625 0.7578125 0.09375 0.09375
0 0.435546875 0.697265625 0.08203125 0.0859375
0 0.18359375 0.623046875 0.07421875 0.078125
0 0.626953125 0.46484375 0.078125 0.06640625
0 0.58203125 0.412109375 0.0625 0.078125
0 0.546875 0.3359375 0.0703125 0.07421875
0 0.5 0.2734375 0.06640625 0.07421875
0 0.4453125 0.205078125 0.0546875 0.0859375
0 0.390625 0.15625 0.0625 0.0546875
0 0.423828125 0.109375 0.0625 0.0546875
0 0.392578125 0.03125 0.0625 0.0390625
0 0.30859375 0.01171875 0.0625 0.0234375