0 0.0625 0.3984375 0.1171875 0.109375
0 0.22265625 0.82421875 0.12109375 0.109375
0 0.640625 0.466796875 0.087890625 0.09375
0 0.474609375 0.185546875 0.091796875 0.09765625
0 0.05078125 0.56640625 0.1015625 0.08984375
0 0.376953125 0.04296875 0.1015625 0.0859375
0 0.91015625 0.4140625 0.091796875 0.0859375
0 0.69921875 0.87890625 0.091796875 0.08984375
0 0.251953125 0.4375 0.1171875 0.11328125
0 0.93359375 0.96484375 0.109375 0.068359375
0 0.40234375 0.91796875 0.10546875 0.1015625
0 0.140625 0.892578125 0.09765625 0.1015625
0 0.736328125 0.626953125 0.091796875 0.08984375
0 0.37890625 0.349609375 0.09765625 0.09375
0 0.138671875 0.220703125 0.091796875 0.09375
0 0.29296875 0.19921875 0.1015625 0.09765625
0 0.87890625 0.025390625 0.078125 0.05078125
0 0.568359375 0.66796875 0.09765625 0.09765625
0 0.70703125 0.228515625 0.091796875 0.09375
0 0.30078125 0.669921875 0.1015625 0.1015625
0 0.83203125 0.796875 0.1015625 0.09765625
0 0.16015625 0.41015625 0.076171875 0.076171875
0 0.93359375 0.09765625 0.068359375 0.064453125
0 0.419921875 0.708984375 0.09765625 0.09765625
0 0.541015625 0.298828125 0.087890625 0.09765625
0 0.341796875 0.51171875 0.064453125 0.052734375
0 0.478515625 0.51171875 0.1015625 0.09375
0 0.181640625 0.25390625 0.05078125 0.029296875
0 0.060546875 0.884765625 0.087890625 0.09375
0 0.130859375 0.15234375 0.060546875 0.052734375
0 0.0546875 0.6640625 0.109375 0.09765625
0 0.333984375 0.46875 0.072265625 0.056640625
0 0.41796875 0.642578125 0.05859375 0.033203125
0 0.361328125 0.55078125 0.046875 0.041015625
0 0.9765625 0.193359375 0.046875 0.09765625
0 0.49609375 0.76953125 0.087890625 0.048828125
0 0.244140625 0.3359375 0.076171875 0.033203125
0 0.3828125 0.5859375 0.04296875 0.033203125
0 0.3984375 0.615234375 0.0625 0.037109375
0 0.5 0.79296875 0.05078125 0.03125
0 0.52734375 0.8359375 0.099609375 0.052734375
0 0.560546875 0.9296875 0.154296875 0.134765625
0 0.638671875 0.8671875 0.078125 0.09765625
0 0.099609375 0.013671875 0.05859375 0.02734375
0 0.021484375 0.060546875 0.04296875 0.04296875
0 0.203125 0.275390625 0.05078125 0.033203125
0 0.2265625 0.310546875 0.052734375 0.03515625