0 0.73828125 0.19921875 0.0859375 0.0625
0 0.85546875 0.865234375 0.0625 0.0546875
0 0.298828125 0.4921875 0.046875 0.0546875
0 0.76953125 0.73046875 0.078125 0.078125
0 0.72265625 0.111328125 0.0859375 0.078125
0 0.796875 0.4921875 0.0703125 0.06640625
0 0.869140625 0.966796875 0.0703125 0.0546875
0 0.318359375 0.904296875 0.078125 0.0703125
0 0.76953125 0.310546875 0.0703125 0.0546875
0 0.326171875 0.78515625 0.0625 0.0625
0 0.84765625 0.82421875 0.0625 0.0546875
0 0.3046875 0.541015625 0.0390625 0.046875
0 0.287109375 0.720703125 0.0390625 0.04296875
0 0.255859375 0.966796875 0.0625 0.046875
0 0.78515625 0.39453125 0.0625 0.0546875
0 0.3203125 0.982421875 0.078125 0.03515625
0 0.822265625 0.759765625 0.0703125 0.0703125
0 0.818359375 0.59765625 0.078125 0.0625
0 0.865234375 0.91015625 0.078125 0.0625
0 0.708984375 0.060546875 0.07421875 0.05859375
0 0.822265625 0.654296875 0.0703125 0.0625
0 0.794921875 0.44140625 0.0703125 0.0625
0 0.287109375 0.4453125 0.05078125 0.0546875
0 0.759765625 0.259765625 0.078125 0.0546875
0 0.828125 0.712890625 0.0625 0.0546875
0 0.802734375 0.54296875 0.0703125 0.0546875
0 0.177734375 0.05078125 0.046875 0.04296875
0 0.703125 0.01953125 0.0703125 0.0390625
0 0.271484375 0.322265625 0.05859375 0.046875
0 0.314453125 0.6328125 0.0625 0.0546875
0 0.841796875 0.783203125 0.05078125 0.0390625
0 0.736328125 0.150390625 0.046875 0.0546875
0 0.759765625 0.78125 0.0390625 0.04296875
0 0.77734375 0.3515625 0.0546875 0.046875
0 0.77734375 0.83203125 0.0703125 0.0546875
0 0.79296875 0.884765625 0.0546875 0.0625
0 0.80078125 0.935546875 0.05859375 0.0546875
0 0.8125 0.978515625 0.0625 0.04296875
0 0.33203125 0.8671875 0.05078125 0.0390625
0 0.328125 0.828125 0.03125 0.046875
0 0.291015625 0.845703125 0.0390625 0.03125
0 0.2890625 0.78515625 0.046875 0.03125
0 0.326171875 0.73046875 0.04296875 0.03515625
0 0.32421875 0.685546875 0.0390625 0.0390625
0 0.314453125 0.583984375 0.046875 0.0390625
0 0.2734375 0.544921875 0.0390625 0.03515625
0 0.26953125 0.478515625 0.0234375 0.0234375
0 0.255859375 0.421875 0.0234375 0.03125
0 0.291015625 0.404296875 0.04296875 0.03125
0 0.2890625 0.3671875 0.02734375 0.03125
0 0.25 0.3828125 0.03515625 0.0234375
0 0.2421875 0.357421875 0.0390625 0.0234375
0 0.22265625 0.326171875 0.02734375 0.03125
0 0.25390625 0.275390625 0.05078125 0.05078125
0 0.234375 0.23046875 0.046875 0.04296875
0 0.21875 0.1875 0.0390625 0.0390625
0 0.208984375 0.1484375 0.03515625 0.0390625
0 0.193359375 0.09765625 0.0390625 0.0390625
0 0.162109375 0.140625 0.0390625 0.03125
0 0.13671875 0.095703125 0.03125 0.03125