0 0.30859375 0.5546875 0.080078125 0.072265625
0 0.3671875 0.810546875 0.09375 0.064453125
0 0.408203125 0.947265625 0.064453125 0.048828125
0 0.349609375 0.751953125 0.1015625 0.060546875
0 0.32421875 0.654296875 0.080078125 0.076171875
0 0.392578125 0.904296875 0.072265625 0.052734375
0 0.3203125 0.12109375 0.056640625 0.048828125
0 0.294921875 0.041015625 0.072265625 0.056640625
0 0.326171875 0.169921875 0.060546875 0.056640625
0 0.42578125 0.98046875 0.078125 0.0390625
0 0.390625 0.859375 0.076171875 0.060546875
0 0.328125 0.23828125 0.064453125 0.056640625
0 0.275390625 0.41015625 0.080078125 0.068359375
0 0.306640625 0.08203125 0.044921875 0.044921875
0 0.279296875 0.0078125 0.052734375 0.013671875
0 0.271484375 0.34375 0.087890625 0.06640625
0 0.2890625 0.50390625 0.060546875 0.056640625
0 0.310546875 0.59375 0.046875 0.041015625
0 0.349609375 0.69921875 0.06640625 0.046875
0 0.80078125 0.009765625 0.041015625 0.017578125
0 0.869140625 0.005859375 0.037109375 0.01171875
0 0.826171875 0.05078125 0.052734375 0.052734375
0 0.884765625 0.28125 0.048828125 0.04296875
0 0.90234375 0.33203125 0.03515625 0.03515625
0 0.955078125 0.46484375 0.03125 0.029296875