0 0.203125 0.94921875 0.0625 0.0625
0 0.150390625 0.830078125 0.0625 0.0546875
0 0.048828125 0.55078125 0.05078125 0.046875
0 0.103515625 0.712890625 0.0546875 0.046875
0 0.02734375 0.427734375 0.0546875 0.04296875
0 0.171875 0.880859375 0.0625 0.0625
0 0.060546875 0.587890625 0.05078125 0.04296875
0 0.0859375 0.66796875 0.046875 0.0390625
0 0.076171875 0.626953125 0.046875 0.046875
0 0.04296875 0.509765625 0.046875 0.0390625
0 0.029296875 0.47265625 0.05859375 0.046875
0 0.12890625 0.77734375 0.046875 0.046875
0 0.017578125 0.384765625 0.03515625 0.04296875
0 0.0078125 0.3359375 0.015625 0.03125
0 0.466796875 0.732421875 0.0390625 0.04296875
0 0.462890625 0.6875 0.03125 0.0390625
0 0.44921875 0.6484375 0.03125 0.03125
0 0.41796875 0.609375 0.04296875 0.0390625
0 0.5859375 0.96484375 0.03515625 0.03125
0 0.560546875 0.92578125 0.046875 0.0390625
0 0.50390625 0.98828125 0.046875 0.0234375
0 0.43359375 0.83203125 0.046875 0.0390625
0 0.34375 0.591796875 0.0390625 0.0390625
0 0.33203125 0.55078125 0.03515625 0.0390625
0 0.576171875 0.6171875 0.0390625 0.0390625
0 0.56640625 0.5703125 0.0390625 0.03515625
0 0.55859375 0.52734375 0.03125 0.03515625