0 0.533203125 0.041015625 0.046875 0.048828125
0 0.54296875 0.09765625 0.052734375 0.041015625
0 0.67578125 0.9453125 0.033203125 0.033203125
0 0.66015625 0.98046875 0.041015625 0.033203125
0 0.646484375 0.8828125 0.033203125 0.0390625
0 0.64453125 0.931640625 0.02734375 0.046875
0 0.79296875 0.009765625 0.0390625 0.01953125
0 0.791015625 0.046875 0.0390625 0.03125
0 0.716796875 0.23046875 0.033203125 0.033203125
0 0.720703125 0.283203125 0.03515625 0.0390625
0 0.716796875 0.33203125 0.033203125 0.0390625
0 0.71484375 0.37890625 0.029296875 0.03125
0 0.708984375 0.427734375 0.03515625 0.0390625
0 0.7109375 0.47265625 0.037109375 0.03515625
0 0.70703125 0.51953125 0.0390625 0.04296875
0 0.703125 0.572265625 0.0390625 0.0390625
0 0.69140625 0.640625 0.03125 0.041015625
0 0.6875 0.7109375 0.046875 0.044921875
0 0.65234375 0.830078125 0.041015625 0.0390625
0 0.724609375 0.673828125 0.0390625 0.03125
0 0.724609375 0.646484375 0.03125 0.0234375
0 0.724609375 0.62109375 0.025390625 0.025390625
0 0.72265625 0.599609375 0.02734375 0.0234375
0 0.728515625 0.771484375 0.029296875 0.041015625
0 0.703125 0.765625 0.03515625 0.04296875
0 0.693359375 0.8046875 0.03515625 0.037109375
0 0.697265625 0.841796875 0.02734375 0.0234375
0 0.681640625 0.87109375 0.041015625 0.03515625