0 0.748046875 0.89453125 0.080078125 0.072265625
0 0.69921875 0.82421875 0.076171875 0.068359375
0 0.68359375 0.7578125 0.072265625 0.072265625
0 0.708984375 0.630859375 0.080078125 0.068359375
0 0.69140625 0.6875 0.064453125 0.060546875
0 0.755859375 0.41015625 0.052734375 0.048828125
0 0.734375 0.482421875 0.041015625 0.041015625
0 0.724609375 0.552734375 0.048828125 0.04296875
0 0.75 0.158203125 0.041015625 0.046875
0 0.77734375 0.2265625 0.041015625 0.052734375
0 0.783203125 0.947265625 0.046875 0.029296875
0 0.671875 0.947265625 0.0390625 0.029296875