0 0.845703125 0.171875 0.091796875 0.091796875
0 0.02734375 0.310546875 0.0546875 0.08203125
0 0.96484375 0.8046875 0.0703125 0.078125
0 0.8984375 0.400390625 0.09765625 0.091796875
0 0.7890625 0.064453125 0.07421875 0.052734375
0 0.931640625 0.611328125 0.09765625 0.078125
0 0.85546875 0.703125 0.078125 0.064453125
0 0.814453125 0.607421875 0.0859375 0.07421875
0 0.044921875 0.73046875 0.068359375 0.0703125
0 0.109375 0.91015625 0.076171875 0.064453125
0 0.04296875 0.92578125 0.068359375 0.068359375