0 0.73828125 0.818359375 0.0859375 0.080078125
0 0.65234375 0.537109375 0.08984375 0.09765625
0 0.091796875 0.126953125 0.076171875 0.076171875
0 0.494140625 0.033203125 0.056640625 0.064453125
0 0.224609375 0.958984375 0.076171875 0.072265625
0 0.6484375 0.306640625 0.080078125 0.072265625
0 0.625 0.181640625 0.1015625 0.087890625
0 0.587890625 0.83203125 0.064453125 0.068359375
0 0.5625 0.671875 0.056640625 0.052734375
0 0.048828125 0.5390625 0.09765625 0.1015625
0 0.59765625 0.970703125 0.0703125 0.05859375
0 0.240234375 0.060546875 0.076171875 0.072265625
0 0.076171875 0.759765625 0.09765625 0.1015625
0 0.248046875 0.66015625 0.068359375 0.068359375
0 0.236328125 0.33203125 0.076171875 0.068359375
0 0.072265625 0.369140625 0.064453125 0.076171875
0 0.62109375 0.36328125 0.044921875 0.041015625
0 0.419921875 0.580078125 0.044921875 0.041015625
0 0.4296875 0.921875 0.033203125 0.02734375
0 0.7890625 0.521484375 0.048828125 0.044921875
0 0.962890625 0.669921875 0.048828125 0.048828125
0 0.208984375 0.115234375 0.037109375 0.037109375
0 0.5390625 0.55859375 0.048828125 0.052734375
0 0.427734375 0.890625 0.037109375 0.033203125
0 0.630859375 0.421875 0.041015625 0.037109375
0 0.431640625 0.953125 0.037109375 0.02734375
0 0.197265625 0.8046875 0.037109375 0.037109375
0 0.19921875 0.724609375 0.041015625 0.037109375
0 0.34765625 0.638671875 0.048828125 0.044921875
0 0.419921875 0.494140625 0.044921875 0.044921875
0 0.427734375 0.986328125 0.037109375 0.02734375
0 0.587890625 0.06640625 0.048828125 0.044921875
0 0.419921875 0.171875 0.037109375 0.037109375
0 0.412109375 0.037109375 0.033203125 0.033203125
0 0.19921875 0.68359375 0.041015625 0.037109375