0 0.8828125 0.478515625 0.072265625 0.068359375
0 0.87890625 0.70703125 0.08984375 0.083984375
0 0.951171875 0.03515625 0.064453125 0.068359375
0 0.701171875 0.619140625 0.056640625 0.052734375
0 0.935546875 0.259765625 0.08984375 0.091796875
0 0.712890625 0.134765625 0.056640625 0.044921875
0 0.708984375 0.19140625 0.048828125 0.044921875
0 0.69140625 0.521484375 0.056640625 0.044921875
0 0.537109375 0.7421875 0.052734375 0.048828125
0 0.693359375 0.568359375 0.052734375 0.048828125
0 0.298828125 0.326171875 0.056640625 0.056640625
0 0.03125 0.439453125 0.060546875 0.072265625
0 0.70703125 0.078125 0.052734375 0.052734375
0 0.54296875 0.888671875 0.041015625 0.037109375
0 0.693359375 0.4140625 0.044921875 0.044921875
0 0.703125 0.671875 0.044921875 0.037109375
0 0.54296875 0.857421875 0.033203125 0.02734375
0 0.51953125 0.349609375 0.037109375 0.037109375
0 0.6875 0.466796875 0.056640625 0.048828125
0 0.302734375 0.150390625 0.048828125 0.052734375
0 0.521484375 0.677734375 0.041015625 0.033203125
0 0.546875 0.9609375 0.041015625 0.037109375
0 0.51953125 0.646484375 0.037109375 0.02734375
0 0.322265625 0.98046875 0.06640625 0.0390625
0 0.705078125 0.251953125 0.041015625 0.044921875
0 0.51953125 0.6171875 0.037109375 0.033203125
0 0.544921875 0.92578125 0.037109375 0.02734375
0 0.533203125 0.70703125 0.044921875 0.037109375
0 0.51953125 0.466796875 0.037109375 0.033203125
0 0.310546875 0.599609375 0.060546875 0.068359375
0 0.517578125 0.27734375 0.048828125 0.048828125
0 0.703125 0.3046875 0.044921875 0.044921875
0 0.041015625 0.287109375 0.08203125 0.078125
0 0.044921875 0.1484375 0.08984375 0.087890625
0 0.017578125 0.619140625 0.03515625 0.08984375
0 0.314453125 0.82421875 0.07421875 0.076171875
0 0.48046875 0.02734375 0.037109375 0.033203125
0 0.48046875 0.056640625 0.041015625 0.021484375
0 0.6953125 0.015625 0.056640625 0.029296875
0 0.6875 0.69921875 0.033203125 0.029296875
0 0.7109375 0.724609375 0.03125 0.03125
0 0.705078125 0.765625 0.029296875 0.03125
0 0.70703125 0.826171875 0.0390625 0.041015625
0 0.541015625 0.82421875 0.0390625 0.0390625
0 0.529296875 0.78125 0.0546875 0.041015625
0 0.517578125 0.591796875 0.037109375 0.02734375
0 0.51953125 0.5625 0.029296875 0.029296875
0 0.517578125 0.53125 0.029296875 0.02734375
0 0.517578125 0.5 0.037109375 0.03515625
0 0.521484375 0.4375 0.041015625 0.033203125
0 0.51953125 0.4140625 0.037109375 0.03125
0 0.51953125 0.3828125 0.04296875 0.03515625
0 0.51953125 0.314453125 0.05078125 0.048828125
0 0.51171875 0.2421875 0.041015625 0.04296875
0 0.693359375 0.365234375 0.083984375 0.0625
0 0.71875 0.884765625 0.05078125 0.033203125
0 0.720703125 0.931640625 0.0390625 0.029296875
0 0.720703125 0.986328125 0.048828125 0.02734375