0 0.560546875 0.251953125 0.087890625 0.083984375
0 0.30078125 0.51171875 0.109375 0.10546875
0 0.30859375 0.619140625 0.1015625 0.083984375
0 0.595703125 0.962890625 0.076171875 0.072265625
0 0.5234375 0.501953125 0.09765625 0.083984375
0 0.3515625 0.109375 0.09765625 0.087890625
0 0.349609375 0.798828125 0.091796875 0.09765625
0 0.2734375 0.18359375 0.080078125 0.083984375
0 0.2734375 0.302734375 0.10546875 0.09765625
0 0.576171875 0.162109375 0.080078125 0.080078125
0 0.36328125 0.8984375 0.087890625 0.087890625
0 0.29296875 0.419921875 0.109375 0.09765625
0 0.5234375 0.423828125 0.09765625 0.072265625
0 0.333984375 0.705078125 0.087890625 0.080078125
0 0.505859375 0.728515625 0.109375 0.068359375
0 0.48828125 0.966796875 0.080078125 0.064453125
0 0.5078125 0.58203125 0.087890625 0.083984375
0 0.521484375 0.830078125 0.1015625 0.080078125
0 0.603515625 0.859375 0.083984375 0.080078125
0 0.37109375 0.974609375 0.0859375 0.05078125
0 0.447265625 0.458984375 0.080078125 0.064453125
0 0.54296875 0.0703125 0.068359375 0.060546875
0 0.275390625 0.06640625 0.083984375 0.091796875
0 0.501953125 0.216796875 0.068359375 0.064453125
0 0.501953125 0.654296875 0.1015625 0.068359375
0 0.56640625 0.021484375 0.078125 0.04296875
0 0.4375 0.548828125 0.060546875 0.064453125
0 0.31640625 0.01953125 0.078125 0.0390625
0 0.5078125 0.904296875 0.087890625 0.060546875
0 0.54296875 0.341796875 0.060546875 0.056640625
0 0.572265625 0.380859375 0.080078125 0.076171875
0 0.134765625 0.294921875 0.068359375 0.080078125
0 0.47265625 0.29296875 0.064453125 0.060546875
0 0.015625 0.201171875 0.03125 0.07421875
0 0.513671875 0.142578125 0.060546875 0.060546875
0 0.470703125 0.330078125 0.068359375 0.048828125
0 0.626953125 0.01953125 0.07421875 0.0390625
0 0.60546875 0.083984375 0.080078125 0.080078125
0 0.017578125 0.3125 0.03515625 0.0703125
0 0.134765625 0.08203125 0.103515625 0.08203125
0 0.123046875 0.1796875 0.107421875 0.09375
0 0.181640625 0.625 0.10546875 0.09375
0 0.205078125 0.73828125 0.111328125 0.0859375
0 0.21484375 0.85546875 0.11328125 0.095703125
0 0.236328125 0.95703125 0.1015625 0.0859375
0 0.3359375 0.21875 0.087890625 0.08203125
0 0.462890625 0.369140625 0.068359375 0.05078125
0 0.431640625 0.623046875 0.052734375 0.046875
0 0.4609375 0.693359375 0.052734375 0.060546875
0 0.697265625 0.017578125 0.06640625 0.03515625
0 0.888671875 0.189453125 0.0625 0.048828125