0 0.771484375 0.8203125 0.083984375 0.083984375
0 0.822265625 0.419921875 0.080078125 0.087890625
0 0.76953125 0.150390625 0.080078125 0.083984375
0 0.7578125 0.4609375 0.072265625 0.076171875
0 0.8203125 0.298828125 0.076171875 0.087890625
0 0.76953125 0.640625 0.080078125 0.087890625
0 0.759765625 0.296875 0.076171875 0.083984375
0 0.837890625 0.548828125 0.080078125 0.080078125
0 0.76953125 0.970703125 0.09375 0.05859375
0 0.845703125 0.67578125 0.060546875 0.068359375
0 0.833984375 0.935546875 0.072265625 0.087890625
0 0.84765625 0.798828125 0.0546875 0.076171875