0 0.26953125 0.8984375 0.12890625 0.12890625
0 0.796875 0.4453125 0.125 0.125
0 0.05859375 0.37109375 0.1171875 0.14453125
0 0.6953125 0.14453125 0.1171875 0.10546875
0 0.1484375 0.63671875 0.13671875 0.14453125
0 0.48828125 0.822265625 0.09765625 0.10546875
0 0.349609375 0.287109375 0.1015625 0.09765625
0 0.8203125 0.541015625 0.1015625 0.0859375
0 0.25390625 0.16015625 0.09765625 0.09375
0 0.955078125 0.84765625 0.0859375 0.09765625
0 0.41796875 0.611328125 0.109375 0.09375
0 0.298828125 0.337890625 0.078125 0.078125
0 0.892578125 0.76953125 0.1171875 0.10546875
0 0.44921875 0.478515625 0.1015625 0.09375
0 0.7734375 0.21484375 0.09765625 0.0859375
0 0.408203125 0.70703125 0.078125 0.0625
0 0.421875 0.75390625 0.0859375 0.0546875
0 0.126953125 0.013671875 0.0859375 0.02734375
0 0.1484375 0.037109375 0.046875 0.03515625
0 0.171875 0.09375 0.0625 0.0390625
0 0.181640625 0.12890625 0.0625 0.0390625
0 0.185546875 0.166015625 0.04296875 0.03125
0 0.19921875 0.197265625 0.0390625 0.04296875
0 0.240234375 0.25390625 0.08203125 0.04296875
0 0.2421875 0.291015625 0.0703125 0.04296875
0 0.251953125 0.3203125 0.046875 0.03515625
0 0.310546875 0.4375 0.04296875 0.0390625
0 0.31640625 0.47265625 0.0546875 0.0390625
0 0.322265625 0.505859375 0.0546875 0.0234375
0 0.341796875 0.533203125 0.09375 0.0703125
0 0.34375 0.578125 0.046875 0.04296875
0 0.369140625 0.646484375 0.0546875 0.03125
0 0.390625 0.671875 0.07421875 0.03515625
0 0.521484375 0.91015625 0.046875 0.046875