0 0.62890625 0.75390625 0.087890625 0.09765625
0 0.05078125 0.234375 0.091796875 0.10546875
0 0.818359375 0.0390625 0.087890625 0.076171875
0 0.7265625 0.38671875 0.09765625 0.10546875
0 0.6640625 0.828125 0.076171875 0.068359375
0 0.603515625 0.927734375 0.083984375 0.087890625
0 0.0390625 0.556640625 0.078125 0.12109375
0 0.029296875 0.873046875 0.05859375 0.08984375
0 0.775390625 0.205078125 0.07421875 0.087890625
0 0.67578125 0.5625 0.08984375 0.09765625
0 0.671875 0.98828125 0.07421875 0.0234375