0 0.125 0.953125 0.09765625 0.078125
0 0.150390625 0.72265625 0.09375 0.0703125
0 0.55859375 0.912109375 0.0703125 0.0625
0 0.439453125 0.1328125 0.0625 0.0546875
0 0.20703125 0.642578125 0.0625 0.0703125
0 0.341796875 0.29296875 0.07421875 0.0546875
0 0.435546875 0.02734375 0.0625 0.046875
0 0.162109375 0.845703125 0.07421875 0.0625
0 0.189453125 0.763671875 0.0625 0.0546875
0 0.3984375 0.205078125 0.0625 0.0546875
0 0.296875 0.3671875 0.0859375 0.0625
0 0.615234375 0.70703125 0.0703125 0.0703125
0 0.25390625 0.466796875 0.0625 0.0546875
0 0.576171875 0.814453125 0.0703125 0.046875
0 0.09765625 0.876953125 0.08203125 0.09375
0 0.443359375 0.083984375 0.0625 0.046875
0 0.365234375 0.25 0.0703125 0.0546875
0 0.244140625 0.51953125 0.0625 0.046875
0 0.17578125 0.802734375 0.0625 0.046875
0 0.16015625 0.8828125 0.078125 0.0703125
0 0.19140625 0.564453125 0.078125 0.078125
0 0.18359375 0.490234375 0.0703125 0.078125
0 0.974609375 0.2109375 0.05078125 0.0546875
0 0.419921875 0.1953125 0.0703125 0.0703125
0 0.169921875 0.822265625 0.07421875 0.0703125
0 0.654296875 0.6015625 0.0703125 0.0625
0 0.318359375 0.33203125 0.0390625 0.046875
0 0.2890625 0.275390625 0.0546875 0.046875
0 0.23046875 0.421875 0.03515625 0.0625