0 0.572265625 0.140625 0.072265625 0.064453125
0 0.58984375 0.2109375 0.083984375 0.060546875
0 0.529296875 0.072265625 0.076171875 0.072265625
0 0.4375 0.392578125 0.068359375 0.068359375
0 0.845703125 0.158203125 0.076171875 0.056640625
0 0.83984375 0.0234375 0.0703125 0.046875
0 0.373046875 0.068359375 0.091796875 0.072265625
0 0.388671875 0.134765625 0.068359375 0.060546875
0 0.478515625 0.712890625 0.068359375 0.041015625
0 0.796875 0.33203125 0.083984375 0.060546875
0 0.419921875 0.310546875 0.080078125 0.072265625
0 0.828125 0.24609375 0.060546875 0.025390625
0 0.4921875 0.861328125 0.064453125 0.060546875
0 0.4609375 0.927734375 0.068359375 0.064453125
0 0.775390625 0.41796875 0.060546875 0.060546875
0 0.400390625 0.47265625 0.076171875 0.072265625
0 0.45703125 0.578125 0.05078125 0.0546875
0 0.4140625 0.23828125 0.076171875 0.064453125
0 0.416015625 0.650390625 0.072265625 0.068359375
0 0.849609375 0.072265625 0.068359375 0.048828125
0 0.400390625 0.1875 0.068359375 0.052734375
0 0.486328125 0.75 0.068359375 0.056640625
0 0.4375 0.77734375 0.060546875 0.064453125
0 0.48828125 0.818359375 0.064453125 0.056640625
0 0.470703125 0.67578125 0.060546875 0.052734375
0 0.83984375 0.11328125 0.076171875 0.048828125
0 0.640625 0.416015625 0.064453125 0.064453125
0 0.775390625 0.482421875 0.076171875 0.060546875
0 0.45703125 0.5390625 0.0546875 0.037109375
0 0.7265625 0.5234375 0.064453125 0.064453125
0 0.7109375 0.419921875 0.076171875 0.072265625
0 0.54296875 0.982421875 0.056640625 0.0234375
0 0.771484375 0.58203125 0.076171875 0.052734375
0 0.3671875 0.013671875 0.072265625 0.02734375
0 0.611328125 0.3125 0.064453125 0.060546875
0 0.654296875 0.54296875 0.044921875 0.052734375
0 0.681640625 0.634765625 0.04296875 0.044921875
0 0.703125 0.728515625 0.044921875 0.046875
0 0.736328125 0.8203125 0.048828125 0.05078125
0 0.7578125 0.9140625 0.041015625 0.037109375
0 0.787109375 0.98828125 0.041015625 0.021484375
0 0.845703125 0.98046875 0.05078125 0.0390625
0 0.810546875 0.89453125 0.052734375 0.060546875
0 0.794921875 0.810546875 0.056640625 0.064453125
0 0.775390625 0.720703125 0.041015625 0.048828125
0 0.755859375 0.640625 0.041015625 0.0546875
0 0.740234375 0.3125 0.0546875 0.056640625
0 0.76953125 0.216796875 0.05859375 0.064453125
0 0.78515625 0.5234375 0.048828125 0.033203125
0 0.791015625 0.552734375 0.04296875 0.03515625
0 0.873046875 0.90625 0.064453125 0.037109375
0 0.853515625 0.84375 0.060546875 0.033203125
0 0.875 0.966796875 0.080078125 0.04296875
0 0.806640625 0.72265625 0.048828125 0.060546875
0 0.10546875 0.982421875 0.046875 0.03515625
0 0.09765625 0.951171875 0.037109375 0.05078125
0 0.087890625 0.908203125 0.033203125 0.03515625
0 0.0859375 0.87890625 0.033203125 0.0390625
0 0.064453125 0.8515625 0.04296875 0.03515625
0 0.048828125 0.82421875 0.03125 0.041015625
0 0.037109375 0.79296875 0.05078125 0.033203125
0 0.01953125 0.755859375 0.0390625 0.04296875
0 0.009765625 0.7421875 0.01953125 0.0546875
0 0.50390625 0.9296875 0.041015625 0.03125
0 0.515625 0.9609375 0.044921875 0.03125
0 0.5 0.89453125 0.048828125 0.03515625
0 0.45703125 0.5 0.041015625 0.04296875
0 0.798828125 0.658203125 0.0234375 0.021484375
0 0.80078125 0.6796875 0.0234375 0.01953125
0 0.791015625 0.646484375 0.015625 0.017578125
0 0.787109375 0.6328125 0.017578125 0.013671875
0 0.787109375 0.6171875 0.01953125 0.025390625
0 0.783203125 0.373046875 0.048828125 0.03125
0 0.826171875 0.224609375 0.041015625 0.029296875
0 0.83203125 0.19921875 0.033203125 0.029296875