0 0.302734375 0.6640625 0.080078125 0.083984375
0 0.28515625 0.9296875 0.09375 0.1015625
0 0.755859375 0.154296875 0.076171875 0.076171875
0 0.603515625 0.505859375 0.064453125 0.060546875
0 0.552734375 0.099609375 0.060546875 0.060546875
0 0.572265625 0.181640625 0.060546875 0.064453125
0 0.283203125 0.4140625 0.072265625 0.083984375
0 0.818359375 0.494140625 0.072265625 0.068359375
0 0.234375 0.220703125 0.08984375 0.083984375
0 0.611328125 0.88671875 0.056640625 0.056640625
0 0.609375 0.572265625 0.052734375 0.056640625
0 0.611328125 0.69140625 0.056640625 0.052734375
0 0.771484375 0.79296875 0.076171875 0.068359375
0 0.61328125 0.76953125 0.052734375 0.048828125
0 0.7734375 0.978515625 0.0859375 0.04296875
0 0.046875 0.326171875 0.09375 0.10546875
0 0.10546875 0.5546875 0.080078125 0.083984375
0 0.615234375 0.97265625 0.05859375 0.0546875
0 0.1015625 0.646484375 0.080078125 0.083984375
0 0.041015625 0.77734375 0.072265625 0.072265625
0 0.208984375 0.01953125 0.08984375 0.0390625
0 0.39453125 0.146484375 0.052734375 0.052734375
0 0.41796875 0.474609375 0.041015625 0.037109375
0 0.802734375 0.244140625 0.037109375 0.037109375
0 0.591796875 0.31640625 0.064453125 0.060546875
0 0.453125 0.8671875 0.041015625 0.033203125
0 0.45703125 0.90234375 0.048828125 0.041015625
0 0.251953125 0.14453125 0.072265625 0.072265625
0 0.427734375 0.6171875 0.044921875 0.033203125
0 0.82421875 0.388671875 0.029296875 0.02734375
0 0.41796875 0.546875 0.033203125 0.02734375
0 0.4140625 0.5078125 0.037109375 0.033203125
0 0.453125 0.83203125 0.041015625 0.037109375
0 0.44921875 0.791015625 0.041015625 0.033203125
0 0.05078125 0.45703125 0.076171875 0.083984375
0 0.44921875 0.75390625 0.041015625 0.033203125
0 0.41015625 0.427734375 0.037109375 0.033203125
0 0.103515625 0.14453125 0.052734375 0.048828125
0 0.40234375 0.224609375 0.044921875 0.037109375
0 0.41796875 0.349609375 0.041015625 0.037109375
0 0.423828125 0.58203125 0.037109375 0.02734375
0 0.8046875 0.2109375 0.033203125 0.02734375
0 0.458984375 0.9765625 0.044921875 0.041015625
0 0.701171875 0.013671875 0.056640625 0.02734375
0 0.71875 0.05078125 0.044921875 0.025390625
0 0.8125 0.27734375 0.029296875 0.01953125
0 0.79296875 0.1875 0.0234375 0.029296875
0 0.814453125 0.3046875 0.0234375 0.025390625
0 0.81640625 0.333984375 0.017578125 0.017578125
0 0.8203125 0.357421875 0.025390625 0.01953125
0 0.826171875 0.419921875 0.03125 0.025390625
0 0.83203125 0.44921875 0.037109375 0.03125
0 0.826171875 0.537109375 0.03125 0.0234375
0 0.82421875 0.5625 0.025390625 0.02734375
0 0.81640625 0.599609375 0.029296875 0.029296875
0 0.81640625 0.62890625 0.03515625 0.029296875
0 0.810546875 0.662109375 0.0390625 0.03125
0 0.802734375 0.6875 0.03125 0.025390625
0 0.79296875 0.71875 0.037109375 0.029296875
0 0.7890625 0.751953125 0.03125 0.029296875
0 0.775390625 0.84375 0.05078125 0.033203125
0 0.763671875 0.884765625 0.04296875 0.029296875
0 0.76953125 0.9375 0.0390625 0.033203125
0 0.4609375 0.939453125 0.046875 0.037109375
0 0.447265625 0.720703125 0.041015625 0.025390625
0 0.439453125 0.69140625 0.02734375 0.029296875
0 0.431640625 0.658203125 0.04296875 0.037109375
0 0.603515625 0.38671875 0.041015625 0.052734375
0 0.564453125 0.380859375 0.05078125 0.037109375
0 0.369140625 0.10546875 0.04296875 0.03515625
0 0.37890625 0.068359375 0.01953125 0.02734375
0 0.37109375 0.02734375 0.041015625 0.02734375
0 0.369140625 0.00390625 0.0234375 0.0078125
0 0.126953125 0.197265625 0.017578125 0.033203125
0 0.056640625 0.01171875 0.05859375 0.0234375
0 0.0390625 0.0859375 0.078125 0.0859375
0 0.126953125 0.2421875 0.025390625 0.025390625
0 0.125 0.283203125 0.03125 0.03125
0 0.119140625 0.330078125 0.017578125 0.01953125
0 0.12109375 0.369140625 0.0390625 0.037109375
0 0.10546875 0.4453125 0.0390625 0.05859375
0 0.181640625 0.53515625 0.06640625 0.07421875
0 0.021484375 0.640625 0.04296875 0.0703125
0 0.021484375 0.59375 0.04296875 0.041015625
0 0.125 0.87109375 0.12109375 0.125
0 0.412109375 0.396484375 0.060546875 0.05859375
0 0.396484375 0.185546875 0.041015625 0.046875
0 0.40234375 0.26171875 0.056640625 0.041015625
0 0.412109375 0.310546875 0.068359375 0.046875
0 0.333984375 0.234375 0.052734375 0.05078125
0 0.044921875 0.41796875 0.064453125 0.048828125