0 0.857421875 0.328125 0.03515625 0.0234375
0 0.83203125 0.259765625 0.03515625 0.046875
0 0.896484375 0.38671875 0.0625 0.0546875
0 0.814453125 0.212890625 0.0625 0.0546875
0 0.96484375 0.517578125 0.03125 0.0390625
0 0.923828125 0.421875 0.0625 0.05078125
0 0.943359375 0.45703125 0.05078125 0.0234375
0 0.978515625 0.548828125 0.03125 0.0234375
0 0.953125 0.4765625 0.0546875 0.03125
0 0.79296875 0.115234375 0.0390625 0.046875
0 0.7734375 0.078125 0.0390625 0.04296875
0 0.732421875 0.021484375 0.04296875 0.04296875
0 0.828125 0.291015625 0.0234375 0.01953125
0 0.841796875 0.30859375 0.03125 0.03125
0 0.99609375 0.5703125 0.0078125 0.01953125