0 0.76953125 0.552734375 0.0703125 0.046875
0 0.791015625 0.587890625 0.0546875 0.0390625
0 0.787109375 0.6328125 0.0546875 0.0625
0 0.806640625 0.685546875 0.0546875 0.0625
0 0.875 0.765625 0.05078125 0.0546875
0 0.744140625 0.486328125 0.0546875 0.05078125
0 0.6875 0.40234375 0.0625 0.0625
0 0.658203125 0.3125 0.06640625 0.0625
0 0.599609375 0.333984375 0.046875 0.0546875
0 0.63671875 0.443359375 0.046875 0.0859375
0 0.66796875 0.533203125 0.06640625 0.0546875
0 0.69921875 0.66015625 0.05859375 0.08203125
0 0.732421875 0.76953125 0.08203125 0.0703125
0 0.75 0.8515625 0.05859375 0.05859375
0 0.83203125 0.8203125 0.0703125 0.0546875
0 0.912109375 0.806640625 0.0625 0.0546875
0 0.845703125 0.884765625 0.05859375 0.0546875
0 0.841796875 0.923828125 0.05859375 0.04296875
0 0.8515625 0.962890625 0.0546875 0.0546875
0 0.765625 0.958984375 0.0625 0.0703125
0 0.572265625 0.240234375 0.046875 0.07421875
0 0.552734375 0.134765625 0.078125 0.0703125
0 0.5234375 0.041015625 0.0546875 0.0703125
0 0.970703125 0.544921875 0.0546875 0.13671875
0 0.51953125 0.900390625 0.0703125 0.0859375
0 0.482421875 0.798828125 0.08203125 0.078125
0 0.453125 0.705078125 0.08203125 0.08203125
0 0.42578125 0.615234375 0.05859375 0.07421875
0 0.390625 0.5234375 0.0703125 0.0859375
0 0.3671875 0.44140625 0.078125 0.0703125
0 0.310546875 0.255859375 0.08203125 0.078125
0 0.255859375 0.07421875 0.046875 0.0703125
0 0.263671875 0.921875 0.078125 0.078125
0 0.119140625 0.830078125 0.07421875 0.08203125
0 0.06640625 0.572265625 0.0625 0.0703125
0 0.056640625 0.44140625 0.0703125 0.09765625
0 0.044921875 0.478515625 0.08984375 0.0625
0 0.015625 0.37890625 0.03125 0.09375
0 0.0234375 0.748046875 0.046875 0.08203125
0 0.052734375 0.83984375 0.0546875 0.06640625
0 0.021484375 0.87890625 0.04296875 0.078125
0 0.087890625 0.931640625 0.03125 0.0546875
0 0.275390625 0.982421875 0.10546875 0.03515625
0 0.076171875 0.978515625 0.0859375 0.04296875
0 0.162109375 0.25390625 0.0625 0.0703125
0 0.1875 0.302734375 0.046875 0.0390625
0 0.3984375 0.10546875 0.0625 0.03125
0 0.427734375 0.146484375 0.046875 0.046875
0 0.439453125 0.17578125 0.046875 0.03125
0 0.4609375 0.201171875 0.046875 0.0546875
0 0.47265625 0.240234375 0.046875 0.0390625
0 0.58203125 0.814453125 0.05078125 0.046875
0 0.56640625 0.49609375 0.046875 0.03125
0 0.556640625 0.4609375 0.046875 0.0546875
0 0.541015625 0.419921875 0.046875 0.05078125
0 0.529296875 0.3828125 0.0390625 0.04296875
0 0.515625 0.34375 0.0390625 0.05078125
0 0.580078125 0.525390625 0.046875 0.046875
0 0.58984375 0.556640625 0.04296875 0.0390625
0 0.6015625 0.591796875 0.0390625 0.0390625
0 0.603515625 0.626953125 0.046875 0.05078125
0 0.61328125 0.669921875 0.046875 0.0546875
0 0.615234375 0.701171875 0.0390625 0.0546875
0 0.625 0.744140625 0.0390625 0.05078125
0 0.634765625 0.787109375 0.0390625 0.0390625
0 0.630859375 0.8203125 0.046875 0.0546875
0 0.64453125 0.85546875 0.0390625 0.04296875
0 0.654296875 0.892578125 0.0390625 0.03125
0 0.921875 0.32421875 0.0859375 0.078125
0 0.7421875 0.208984375 0.0703125 0.0859375