0 0.0703125 0.158203125 0.0390625 0.033203125
0 0.072265625 0.1875 0.037109375 0.017578125
0 0.07421875 0.228515625 0.0390625 0.041015625
0 0.076171875 0.126953125 0.0390625 0.03515625
0 0.0859375 0.021484375 0.0546875 0.04296875
0 0.083984375 0.056640625 0.0546875 0.03515625
0 0.080078125 0.09765625 0.05859375 0.04296875
0 0.017578125 0.43359375 0.033203125 0.0546875
0 0.099609375 0.294921875 0.052734375 0.048828125
0 0.1015625 0.68359375 0.048828125 0.033203125
0 0.107421875 0.5078125 0.044921875 0.0625