0 0.841796875 0.830078125 0.0703125 0.05078125
0 0.892578125 0.767578125 0.078125 0.0625
0 0.958984375 0.70703125 0.0703125 0.06640625
0 0.78515625 0.884765625 0.0703125 0.0625
0 0.7265625 0.94921875 0.0859375 0.0703125
0 0.42578125 0.748046875 0.078125 0.0625
0 0.1953125 0.32421875 0.0625 0.05859375
0 0.193359375 0.2265625 0.06640625 0.0625
0 0.228515625 0.271484375 0.0546875 0.05078125
0 0.2890625 0.341796875 0.078125 0.05078125
0 0.3125 0.38671875 0.0859375 0.0546875
0 0.375 0.447265625 0.078125 0.0546875
0 0.427734375 0.50390625 0.0859375 0.0625
0 0.466796875 0.54296875 0.0703125 0.05859375
0 0.498046875 0.572265625 0.0546875 0.04296875
0 0.515625 0.615234375 0.078125 0.05078125
0 0.556640625 0.6484375 0.078125 0.05859375
0 0.62109375 0.7109375 0.0546875 0.04296875
0 0.646484375 0.73828125 0.06640625 0.046875
0 0.658203125 0.765625 0.0625 0.03125
0 0.69140625 0.794921875 0.0859375 0.0390625
0 0.701171875 0.8515625 0.078125 0.04296875
0 0.70703125 0.896484375 0.0625 0.046875
0 0.244140625 0.4296875 0.0703125 0.0546875
0 0.265625 0.474609375 0.07421875 0.0625
0 0.35546875 0.646484375 0.05859375 0.0546875
0 0.298828125 0.56640625 0.0703125 0.0625
0 0.083984375 0.1328125 0.046875 0.0546875
0 0.146484375 0.154296875 0.0703125 0.06640625
0 0.625 0.48828125 0.046875 0.0390625
0 0.62890625 0.537109375 0.046875 0.0390625
0 0.3515625 0.556640625 0.0703125 0.0546875
0 0.62109375 0.4453125 0.05078125 0.046875
0 0.623046875 0.404296875 0.0546875 0.046875
0 0.611328125 0.375 0.0546875 0.046875