0 0.1484375 0.75390625 0.078125 0.1015625
0 0.580078125 0.708984375 0.08984375 0.064453125
0 0.587890625 0.771484375 0.08203125 0.052734375
0 0.57421875 0.896484375 0.060546875 0.04296875
0 0.599609375 0.96484375 0.064453125 0.068359375
0 0.021484375 0.65234375 0.041015625 0.06640625
0 0.041015625 0.953125 0.07421875 0.0859375
0 0.06640625 0.109375 0.0859375 0.08203125
0 0.15234375 0.388671875 0.087890625 0.06640625
0 0.13671875 0.453125 0.052734375 0.0546875
0 0.099609375 0.046875 0.076171875 0.08203125
0 0.091796875 0.724609375 0.0703125 0.0859375