0 0.33984375 0.583984375 0.0703125 0.0703125
0 0.205078125 0.314453125 0.078125 0.078125
0 0.14453125 0.130859375 0.0703125 0.0703125
0 0.125 0.2109375 0.0546875 0.0546875
0 0.173828125 0.234375 0.05859375 0.0546875
0 0.29296875 0.431640625 0.0625 0.0625
0 0.357421875 0.388671875 0.0546875 0.046875
0 0.330078125 0.234375 0.046875 0.0546875
0 0.4609375 0.720703125 0.05078125 0.0625
0 0.15234375 0.970703125 0.0703125 0.05859375
0 0.4375 0.634765625 0.0546875 0.05859375
0 0.47265625 0.607421875 0.0625 0.0625
0 0.451171875 0.42578125 0.0546875 0.0625