0 0.72265625 0.0703125 0.0625 0.05078125
0 0.71484375 0.013671875 0.0546875 0.02734375
0 0.728515625 0.125 0.0546875 0.0546875
0 0.71875 0.1796875 0.056640625 0.044921875
0 0.71875 0.248046875 0.060546875 0.052734375
0 0.716796875 0.302734375 0.05078125 0.05078125
0 0.7109375 0.40234375 0.052734375 0.044921875
0 0.71484375 0.359375 0.05859375 0.0390625
0 0.70703125 0.45703125 0.0625 0.0546875
0 0.705078125 0.513671875 0.05859375 0.052734375
0 0.705078125 0.5625 0.064453125 0.046875
0 0.716796875 0.611328125 0.056640625 0.052734375
0 0.71484375 0.6640625 0.048828125 0.0390625
0 0.724609375 0.703125 0.03125 0.02734375
0 0.734375 0.8828125 0.03125 0.041015625
0 0.740234375 0.982421875 0.0546875 0.03515625
0 0.734375 0.92578125 0.04296875 0.02734375
0 0.72265625 0.822265625 0.041015625 0.025390625
0 0.724609375 0.759765625 0.029296875 0.0390625
0 0.890625 0.701171875 0.0703125 0.08203125
0 0.892578125 0.46875 0.06640625 0.078125
0 0.939453125 0.259765625 0.087890625 0.072265625
0 0.962890625 0.0234375 0.07421875 0.046875
0 0.501953125 0.017578125 0.046875 0.03515625
0 0.49609375 0.046875 0.052734375 0.0390625
0 0.541015625 0.236328125 0.05078125 0.0390625
0 0.52734375 0.169921875 0.0625 0.03125
0 0.5 0.29296875 0.044921875 0.041015625
0 0.53125 0.3125 0.046875 0.033203125
0 0.54296875 0.349609375 0.044921875 0.0390625
0 0.544921875 0.375 0.03125 0.029296875
0 0.54296875 0.408203125 0.044921875 0.03515625
0 0.541015625 0.42578125 0.05859375 0.02734375
0 0.541015625 0.4609375 0.046875 0.037109375
0 0.482421875 0.49609375 0.044921875 0.033203125
0 0.55859375 0.6328125 0.05859375 0.05859375
0 0.53125 0.595703125 0.046875 0.04296875
0 0.55859375 0.859375 0.0390625 0.041015625
0 0.544921875 0.7109375 0.048828125 0.044921875
0 0.33203125 0.58984375 0.060546875 0.080078125
0 0.376953125 0.568359375 0.05859375 0.064453125
0 0.33984375 0.8203125 0.052734375 0.056640625
0 0.02734375 0.61328125 0.0546875 0.07421875
0 0.04296875 0.431640625 0.08203125 0.080078125
0 0.0625 0.2890625 0.080078125 0.076171875
0 0.060546875 0.12890625 0.0546875 0.046875
0 0.3125 0.13671875 0.048828125 0.037109375
0 0.3515625 0.224609375 0.05078125 0.052734375
0 0.318359375 0.318359375 0.07421875 0.06640625
0 0.986328125 0.87109375 0.02734375 0.0859375
0 0.216796875 0.125 0.05078125 0.033203125
0 0.216796875 0.166015625 0.03515625 0.03125
0 0.212890625 0.193359375 0.046875 0.033203125
0 0.212890625 0.220703125 0.037109375 0.033203125
0 0.2109375 0.255859375 0.037109375 0.041015625
0 0.2109375 0.294921875 0.03515625 0.041015625
0 0.189453125 0.32421875 0.056640625 0.044921875
0 0.19921875 0.3671875 0.033203125 0.03515625
0 0.19140625 0.41015625 0.029296875 0.029296875
0 0.185546875 0.44921875 0.029296875 0.03125
0 0.1875 0.48828125 0.04296875 0.03515625
0 0.17578125 0.53515625 0.048828125 0.048828125
0 0.12890625 0.740234375 0.0546875 0.05078125
0 0.107421875 0.791015625 0.048828125 0.05859375
0 0.412109375 0.78515625 0.0546875 0.0625