0 0.73046875 0.25 0.087890625 0.064453125
0 0.86328125 0.462890625 0.08984375 0.080078125
0 0.966796875 0.611328125 0.064453125 0.078125
0 0.33203125 0.701171875 0.0859375 0.083984375
0 0.265625 0.744140625 0.052734375 0.0546875
0 0.35546875 0.900390625 0.07421875 0.06640625
0 0.3984375 0.974609375 0.064453125 0.05078125
0 0.171875 0.6015625 0.072265625 0.064453125
0 0.076171875 0.466796875 0.0703125 0.07421875
0 0.134765625 0.375 0.078125 0.091796875
0 0.509765625 0.892578125 0.0625 0.04296875
0 0.521484375 0.927734375 0.03515625 0.0390625