0 0.7265625 0.310546875 0.0546875 0.056640625
0 0.74609375 0.220703125 0.052734375 0.056640625
0 0.77734375 0.123046875 0.052734375 0.052734375
0 0.765625 0.23828125 0.046875 0.052734375
0 0.765625 0.28515625 0.041015625 0.046875
0 0.76171875 0.333984375 0.044921875 0.05078125
0 0.765625 0.3828125 0.04296875 0.056640625
0 0.724609375 0.4296875 0.05859375 0.0390625
0 0.76953125 0.41796875 0.05859375 0.048828125
0 0.7734375 0.462890625 0.05078125 0.052734375
0 0.728515625 0.498046875 0.056640625 0.060546875
0 0.7734375 0.5078125 0.0390625 0.037109375
0 0.767578125 0.5546875 0.052734375 0.05078125
0 0.759765625 0.634765625 0.05859375 0.044921875
0 0.7734375 0.591796875 0.056640625 0.04296875
0 0.72265625 0.56640625 0.04296875 0.05859375
0 0.73046875 0.671875 0.05078125 0.048828125
0 0.77734375 0.033203125 0.05078125 0.04296875
0 0.798828125 0.076171875 0.0546875 0.046875