0 0.3359375 0.064453125 0.07421875 0.064453125
0 0.359375 0.150390625 0.064453125 0.0625
0 0.388671875 0.228515625 0.0625 0.0625
0 0.4296875 0.185546875 0.060546875 0.056640625
0 0.4609375 0.259765625 0.072265625 0.072265625
0 0.49609375 0.322265625 0.07421875 0.06640625
0 0.533203125 0.373046875 0.0703125 0.06640625
0 0.5703125 0.43359375 0.08203125 0.0625
0 0.576171875 0.517578125 0.056640625 0.07421875
0 0.62109375 0.50390625 0.046875 0.046875
0 0.662109375 0.572265625 0.0703125 0.0546875
0 0.6328125 0.6484375 0.080078125 0.072265625
0 0.673828125 0.74609375 0.076171875 0.064453125
0 0.693359375 0.693359375 0.068359375 0.08203125
0 0.70703125 0.630859375 0.064453125 0.0625
0 0.755859375 0.701171875 0.080078125 0.072265625
0 0.794921875 0.763671875 0.07421875 0.078125
0 0.845703125 0.83203125 0.072265625 0.072265625
0 0.8984375 0.91015625 0.05859375 0.056640625
0 0.943359375 0.978515625 0.056640625 0.041015625
0 0.8828125 0.755859375 0.0625 0.064453125
0 0.841796875 0.66796875 0.072265625 0.06640625
0 0.974609375 0.3984375 0.05078125 0.109375
0 0.89453125 0.1328125 0.08984375 0.083984375
0 0.98828125 0.08984375 0.0234375 0.078125
0 0.962890625 0.03515625 0.07421875 0.0703125
0 0.29296875 0.263671875 0.0625 0.083984375
0 0.400390625 0.552734375 0.087890625 0.080078125
0 0.544921875 0.857421875 0.080078125 0.078125
0 0.390625 0.921875 0.07421875 0.087890625
0 0.33984375 0.806640625 0.064453125 0.064453125
0 0.33984375 0.75 0.0859375 0.07421875
0 0.296875 0.572265625 0.078125 0.07421875
0 0.21875 0.5703125 0.09375 0.0859375
0 0.224609375 0.4765625 0.0703125 0.072265625
0 0.201171875 0.404296875 0.0859375 0.087890625
0 0.169921875 0.21875 0.0859375 0.08203125
0 0.146484375 0.1484375 0.080078125 0.08203125
0 0.126953125 0.041015625 0.08203125 0.072265625
0 0.0625 0.154296875 0.07421875 0.083984375
0 0.017578125 0.193359375 0.03515625 0.05859375
0 0.015625 0.130859375 0.03125 0.080078125
0 0.021484375 0.24609375 0.04296875 0.0703125
0 0.03515625 0.369140625 0.0703125 0.05859375
0 0.02734375 0.314453125 0.0546875 0.048828125
0 0.03515625 0.43359375 0.0703125 0.056640625
0 0.03515625 0.482421875 0.0703125 0.05078125
0 0.03515625 0.5234375 0.0703125 0.041015625
0 0.037109375 0.59375 0.07421875 0.072265625
0 0.07421875 0.662109375 0.048828125 0.044921875
0 0.029296875 0.6484375 0.05859375 0.046875
0 0.08203125 0.609375 0.080078125 0.05078125
0 0.078125 0.69921875 0.078125 0.03125
0 0.08203125 0.736328125 0.0703125 0.04296875
0 0.09375 0.7734375 0.07421875 0.060546875
0 0.068359375 0.83984375 0.091796875 0.0859375
0 0.109375 0.900390625 0.064453125 0.064453125
0 0.234375 0.865234375 0.080078125 0.07421875
0 0.1796875 0.6953125 0.083984375 0.078125
0 0.25 0.9296875 0.052734375 0.044921875