0 0.484375 0.166015625 0.0703125 0.087890625
0 0.3984375 0.03125 0.060546875 0.0625
0 0.7265625 0.21875 0.08984375 0.083984375
0 0.94921875 0.09375 0.0703125 0.06640625
0 0.927734375 0.396484375 0.091796875 0.09765625
0 0.900390625 0.01953125 0.052734375 0.037109375
0 0.662109375 0.4609375 0.08203125 0.07421875
0 0.556640625 0.291015625 0.0703125 0.072265625
0 0.75390625 0.607421875 0.0703125 0.060546875
0 0.8515625 0.791015625 0.091796875 0.072265625
0 0.958984375 0.962890625 0.08203125 0.07421875
0 0.712890625 0.861328125 0.076171875 0.0703125
0 0.6484375 0.87109375 0.076171875 0.083984375
0 0.58203125 0.6640625 0.072265625 0.078125
0 0.490234375 0.494140625 0.0703125 0.080078125
0 0.392578125 0.341796875 0.064453125 0.076171875
0 0.314453125 0.189453125 0.080078125 0.0703125
0 0.07421875 0.3828125 0.103515625 0.087890625
0 0.15234375 0.208984375 0.091796875 0.078125
0 0.154296875 0.140625 0.052734375 0.056640625
0 0.171875 0.388671875 0.076171875 0.064453125
0 0.05859375 0.556640625 0.076171875 0.064453125
0 0.0703125 0.65234375 0.107421875 0.09765625
0 0.017578125 0.67578125 0.03515625 0.068359375
0 0.072265625 0.873046875 0.07421875 0.083984375
0 0.15234375 0.873046875 0.087890625 0.0859375
0 0.23046875 0.8046875 0.095703125 0.09765625
0 0.421875 0.91015625 0.08984375 0.078125
0 0.314453125 0.6640625 0.0859375 0.087890625
0 0.576171875 0.912109375 0.134765625 0.1171875
0 0.544921875 0.822265625 0.076171875 0.048828125
0 0.529296875 0.7734375 0.072265625 0.052734375
0 0.48828125 0.724609375 0.060546875 0.0390625
0 0.365234375 0.509765625 0.078125 0.056640625
0 0.38671875 0.53125 0.060546875 0.04296875
0 0.39453125 0.5625 0.05078125 0.052734375
0 0.427734375 0.59765625 0.076171875 0.0390625
0 0.443359375 0.697265625 0.083984375 0.076171875
0 0.4375 0.6328125 0.07421875 0.046875
0 0.337890625 0.458984375 0.05078125 0.04296875
0 0.271484375 0.326171875 0.060546875 0.04296875
0 0.244140625 0.30078125 0.0546875 0.044921875
0 0.216796875 0.265625 0.052734375 0.052734375
0 0.271484375 0.419921875 0.109375 0.10546875
0 0.658203125 0.9765625 0.09765625 0.046875