0 0.6640625 0.935546875 0.07421875 0.0625
0 0.640625 0.849609375 0.0625 0.0625
0 0.611328125 0.771484375 0.0625 0.0625
0 0.5703125 0.814453125 0.0625 0.0546875
0 0.5390625 0.740234375 0.0703125 0.0703125
0 0.50390625 0.677734375 0.07421875 0.06640625
0 0.466796875 0.626953125 0.0703125 0.06640625
0 0.4296875 0.56640625 0.08203125 0.0625
0 0.423828125 0.482421875 0.0546875 0.07421875
0 0.37890625 0.49609375 0.046875 0.046875
0 0.337890625 0.427734375 0.0703125 0.0546875
0 0.3671875 0.3515625 0.078125 0.0703125
0 0.326171875 0.25390625 0.078125 0.0625
0 0.306640625 0.306640625 0.0703125 0.08203125
0 0.29296875 0.369140625 0.0625 0.0625
0 0.244140625 0.298828125 0.08203125 0.0703125
0 0.205078125 0.236328125 0.07421875 0.078125
0 0.154296875 0.16796875 0.07421875 0.0703125
0 0.1015625 0.08984375 0.05859375 0.0546875
0 0.056640625 0.021484375 0.05859375 0.04296875
0 0.1171875 0.244140625 0.0625 0.0625
0 0.158203125 0.33203125 0.0703125 0.06640625
0 0.025390625 0.6015625 0.05078125 0.109375
0 0.10546875 0.8671875 0.08984375 0.0859375
0 0.01171875 0.91015625 0.0234375 0.078125
0 0.037109375 0.96484375 0.07421875 0.0703125
0 0.70703125 0.736328125 0.0625 0.0859375
0 0.599609375 0.447265625 0.0859375 0.078125
0 0.455078125 0.142578125 0.078125 0.078125
0 0.609375 0.078125 0.07421875 0.0859375
0 0.66015625 0.193359375 0.0625 0.0625
0 0.66015625 0.25 0.0859375 0.07421875
0 0.703125 0.427734375 0.078125 0.07421875
0 0.78125 0.4296875 0.09375 0.0859375
0 0.775390625 0.5234375 0.0703125 0.07421875
0 0.798828125 0.595703125 0.0859375 0.0859375
0 0.830078125 0.78125 0.0859375 0.08203125
0 0.853515625 0.8515625 0.078125 0.08203125
0 0.873046875 0.958984375 0.08203125 0.0703125
0 0.9375 0.845703125 0.07421875 0.0859375
0 0.982421875 0.806640625 0.03515625 0.05859375
0 0.984375 0.869140625 0.03125 0.078125
0 0.978515625 0.75390625 0.04296875 0.0703125
0 0.96484375 0.630859375 0.0703125 0.05859375
0 0.97265625 0.685546875 0.0546875 0.046875
0 0.96484375 0.56640625 0.0703125 0.0546875
0 0.96484375 0.517578125 0.0703125 0.05078125
0 0.96484375 0.4765625 0.0703125 0.0390625
0 0.962890625 0.40625 0.07421875 0.0703125
0 0.92578125 0.337890625 0.046875 0.046875
0 0.970703125 0.3515625 0.05859375 0.046875
0 0.91796875 0.390625 0.078125 0.05078125
0 0.921875 0.30078125 0.078125 0.03125
0 0.91796875 0.263671875 0.0703125 0.04296875
0 0.90625 0.2265625 0.07421875 0.0625
0 0.931640625 0.16015625 0.09375 0.0859375
0 0.890625 0.099609375 0.0625 0.0625
0 0.765625 0.134765625 0.078125 0.07421875
0 0.8203125 0.3046875 0.0859375 0.078125
0 0.75 0.0703125 0.0546875 0.046875