0 0.14453125 0.87109375 0.0703125 0.0703125
0 0.123046875 0.79296875 0.06640625 0.05859375
0 0.12109375 0.744140625 0.03125 0.03125
0 0.115234375 0.6328125 0.0546875 0.0625
0 0.1796875 0.71484375 0.0546875 0.05859375
0 0.177734375 0.642578125 0.05078125 0.046875
0 0.1484375 0.5234375 0.046875 0.0703125
0 0.1484375 0.447265625 0.0625 0.0625
0 0.125 0.345703125 0.046875 0.0546875
0 0.048828125 0.302734375 0.06640625 0.0703125
0 0.251953125 0.48828125 0.0625 0.0703125
0 0.189453125 0.36328125 0.05078125 0.0546875
0 0.0234375 0.396484375 0.046875 0.0703125