0 0.208984375 0.966796875 0.078125 0.0546875
0 0.166015625 0.900390625 0.0625 0.0546875
0 0.14453125 0.84765625 0.06640625 0.0546875
0 0.123046875 0.80078125 0.07421875 0.0625
0 0.119140625 0.763671875 0.046875 0.0390625
0 0.09765625 0.724609375 0.0703125 0.0546875
0 0.083984375 0.6796875 0.07421875 0.046875
0 0.07421875 0.638671875 0.0625 0.0625
0 0.05859375 0.603515625 0.0703125 0.0625
0 0.044921875 0.564453125 0.0390625 0.03515625
0 0.0390625 0.525390625 0.046875 0.046875
0 0.02734375 0.482421875 0.0546875 0.046875
0 0.0234375 0.443359375 0.046875 0.05078125
0 0.013671875 0.40234375 0.02734375 0.046875
0 0.0078125 0.34375 0.015625 0.046875