0 0.064453125 0.361328125 0.111328125 0.119140625
0 0.154296875 0.626953125 0.12109375 0.115234375
0 0.287109375 0.8828125 0.1171875 0.103515625
0 0.26171875 0.14453125 0.06640625 0.07421875
0 0.189453125 0.091796875 0.052734375 0.037109375
0 0.16015625 0.0390625 0.052734375 0.056640625
0 0.244140625 0.244140625 0.068359375 0.06640625
0 0.31640625 0.330078125 0.08203125 0.076171875
0 0.365234375 0.2734375 0.095703125 0.07421875
0 0.31640625 0.423828125 0.07421875 0.0390625
0 0.470703125 0.470703125 0.091796875 0.076171875
0 0.423828125 0.6015625 0.091796875 0.05859375
0 0.361328125 0.568359375 0.05859375 0.044921875
0 0.337890625 0.48828125 0.06640625 0.0390625
0 0.32421875 0.45703125 0.0625 0.037109375
0 0.361328125 0.529296875 0.083984375 0.05078125
0 0.40234375 0.66015625 0.0625 0.041015625
0 0.390625 0.638671875 0.0546875 0.033203125
0 0.421875 0.705078125 0.0703125 0.048828125
0 0.501953125 0.822265625 0.0703125 0.078125
0 0.810546875 0.439453125 0.12890625 0.11328125
0 0.83984375 0.53515625 0.08203125 0.08203125
0 0.904296875 0.763671875 0.091796875 0.1015625
0 0.966796875 0.837890625 0.06640625 0.08984375
0 0.791015625 0.1953125 0.072265625 0.072265625
0 0.708984375 0.14453125 0.08203125 0.10546875
0 0.43359375 0.73828125 0.06640625 0.041015625
0 0.44921875 0.76171875 0.072265625 0.05078125
0 0.451171875 0.798828125 0.052734375 0.046875
0 0.462890625 0.845703125 0.05859375 0.048828125
0 0.484375 0.904296875 0.11328125 0.080078125