0 0.427734375 0.5703125 0.083984375 0.1015625
0 0.6015625 0.837890625 0.1015625 0.087890625
0 0.84765625 0.138671875 0.0703125 0.07421875
0 0.892578125 0.25390625 0.0546875 0.05859375
0 0.962890625 0.306640625 0.0625 0.068359375
0 0.859375 0.39453125 0.060546875 0.052734375
0 0.921875 0.44140625 0.07421875 0.068359375
0 0.951171875 0.521484375 0.07421875 0.072265625
0 0.9765625 0.650390625 0.044921875 0.07421875
0 0.353515625 0.333984375 0.0625 0.052734375
0 0.37109375 0.376953125 0.056640625 0.048828125
0 0.376953125 0.4375 0.08203125 0.060546875
0 0.474609375 0.763671875 0.064453125 0.04296875
0 0.470703125 0.80078125 0.06640625 0.03125
0 0.45703125 0.828125 0.060546875 0.0390625
0 0.470703125 0.859375 0.052734375 0.046875
0 0.46875 0.90625 0.05859375 0.05078125
0 0.46484375 0.703125 0.041015625 0.041015625
0 0.80859375 0.013671875 0.052734375 0.025390625