0 0.2109375 0.201171875 0.068359375 0.072265625
0 0.2109375 0.5234375 0.05859375 0.052734375
0 0.16015625 0.8828125 0.044921875 0.06640625
0 0.15625 0.64453125 0.046875 0.041015625
0 0.1328125 0.5546875 0.080078125 0.05078125
0 0.146484375 0.392578125 0.05078125 0.0546875
0 0.185546875 0.38671875 0.0546875 0.0546875
0 0.13671875 0.76953125 0.048828125 0.0546875
0 0.095703125 0.84765625 0.044921875 0.052734375
0 0.169921875 0.984375 0.048828125 0.03125
0 0.15625 0.478515625 0.05859375 0.0546875
0 0.28125 0.080078125 0.048828125 0.04296875
0 0.275390625 0.02734375 0.0546875 0.052734375
0 0.8359375 0.521484375 0.072265625 0.06640625
0 0.8671875 0.92578125 0.0703125 0.05859375