0 0.48046875 0.82421875 0.0625 0.0625
0 0.427734375 0.80859375 0.05859375 0.0546875
0 0.41796875 0.720703125 0.0625 0.046875
0 0.349609375 0.61328125 0.0390625 0.0546875
0 0.4296875 0.58203125 0.046875 0.046875
0 0.384765625 0.466796875 0.0625 0.046875
0 0.390625 0.4296875 0.0625 0.046875
0 0.359375 0.369140625 0.0546875 0.0625
0 0.287109375 0.330078125 0.0546875 0.0625
0 0.27734375 0.23828125 0.06640625 0.0625
0 0.265625 0.068359375 0.0546875 0.0625
0 0.32421875 0.513671875 0.0703125 0.046875
0 0.30078125 0.46484375 0.0546875 0.0703125
0 0.455078125 0.4765625 0.0625 0.046875
0 0.470703125 0.509765625 0.0390625 0.0546875
0 0.52734375 0.95703125 0.05859375 0.06640625
0 0.505859375 0.8984375 0.04296875 0.0625
0 0.47265625 0.8984375 0.046875 0.046875
0 0.435546875 0.669921875 0.0546875 0.05859375
0 0.291015625 0.392578125 0.0546875 0.0625
0 0.28125 0.16015625 0.0546875 0.0625
0 0.2421875 0.009765625 0.05859375 0.01953125