0 0.654296875 0.13671875 0.046875 0.046875
0 0.6640625 0.173828125 0.0625 0.0390625
0 0.509765625 0.298828125 0.0390625 0.046875
0 0.419921875 0.330078125 0.04296875 0.0390625
0 0.525390625 0.376953125 0.0546875 0.0390625
0 0.505859375 0.4609375 0.03125 0.03125
0 0.5625 0.58203125 0.046875 0.0546875
0 0.537109375 0.572265625 0.046875 0.0625
0 0.501953125 0.568359375 0.0390625 0.0390625
0 0.078125 0.60546875 0.046875 0.03125
0 0.083984375 0.63671875 0.0390625 0.02734375
0 0.091796875 0.671875 0.046875 0.03515625
0 0.099609375 0.7109375 0.04296875 0.0390625
0 0.267578125 0.509765625 0.03125 0.046875
0 0.28125 0.55859375 0.046875 0.0390625
0 0.31640625 0.59375 0.03515625 0.0390625
0 0.283203125 0.599609375 0.02734375 0.0390625