0 0.931640625 0.353515625 0.0625 0.046875
0 0.921875 0.32421875 0.05859375 0.0234375
0 0.91015625 0.287109375 0.0546875 0.046875
0 0.880859375 0.16796875 0.05078125 0.04296875
0 0.8671875 0.142578125 0.0546875 0.03515625
0 0.84765625 0.103515625 0.0703125 0.0390625
0 0.833984375 0.064453125 0.05859375 0.04296875
0 0.931640625 0.515625 0.09375 0.09765625
0 0.978515625 0.630859375 0.04296875 0.0859375
0 0.869140625 0.322265625 0.0625 0.0703125
0 0.806640625 0.162109375 0.078125 0.078125
0 0.576171875 0.41015625 0.0859375 0.1015625
0 0.42578125 0.16796875 0.09375 0.0859375
0 0.26953125 0.376953125 0.078125 0.07421875
0 0.11328125 0.140625 0.09375 0.09375
0 0.103515625 0.62890625 0.07421875 0.0859375
0 0.263671875 0.87109375 0.10546875 0.09375
0 0.072265625 0.935546875 0.09765625 0.09375
0 0.447265625 0.599609375 0.078125 0.0859375
0 0.681640625 0.662109375 0.09765625 0.0859375
0 0.578125 0.80078125 0.07421875 0.0703125
0 0.794921875 0.943359375 0.0859375 0.0859375
0 0.89453125 0.236328125 0.0546875 0.0390625
0 0.919921875 0.427734375 0.0546875 0.0546875