0 0.2421875 0.87109375 0.08203125 0.0703125
0 0.23828125 0.75 0.0703125 0.0625
0 0.154296875 0.703125 0.0625 0.0625
0 0.166015625 0.623046875 0.05859375 0.078125
0 0.2265625 0.646484375 0.0625 0.0703125
0 0.22265625 0.548828125 0.09375 0.08984375
0 0.2109375 0.455078125 0.078125 0.0703125
0 0.1796875 0.361328125 0.078125 0.0703125
0 0.16015625 0.265625 0.1015625 0.1015625
0 0.126953125 0.154296875 0.10546875 0.10546875
0 0.09375 0.04296875 0.1015625 0.08203125
0 0.255859375 0.978515625 0.08203125 0.04296875