0 0.765625 0.34765625 0.1015625 0.08203125
0 0.771484375 0.478515625 0.078125 0.0859375
0 0.92578125 0.4921875 0.09765625 0.06640625
0 0.97265625 0.40625 0.0546875 0.0703125
0 0.62890625 0.44921875 0.0703125 0.07421875
0 0.583984375 0.341796875 0.08203125 0.0859375
0 0.474609375 0.41015625 0.0859375 0.09375
0 0.333984375 0.36328125 0.078125 0.0703125
0 0.40234375 0.2890625 0.08203125 0.1015625
0 0.228515625 0.291015625 0.07421875 0.078125
0 0.0625 0.248046875 0.0625 0.08203125
0 0.130859375 0.794921875 0.08984375 0.1015625
0 0.146484375 0.658203125 0.08984375 0.06640625
0 0.287109375 0.736328125 0.0859375 0.0703125
0 0.3046875 0.890625 0.0859375 0.0859375
0 0.376953125 0.927734375 0.0859375 0.06640625
0 0.451171875 0.96484375 0.078125 0.0703125
0 0.591796875 0.931640625 0.09765625 0.078125
0 0.458984375 0.81640625 0.08984375 0.0859375
0 0.017578125 0.716796875 0.03515625 0.09375
0 0.244140625 0.884765625 0.0625 0.0703125
0 0.015625 0.9765625 0.03125 0.046875