0 0.349609375 0.013671875 0.05078125 0.02734375
0 0.388671875 0.06640625 0.0625 0.052734375
0 0.51171875 0.123046875 0.068359375 0.078125
0 0.525390625 0.052734375 0.048828125 0.046875
0 0.439453125 0.154296875 0.078125 0.064453125
0 0.4453125 0.30078125 0.078125 0.068359375
0 0.53125 0.32421875 0.078125 0.06640625
0 0.509765625 0.412109375 0.103515625 0.08203125
0 0.638671875 0.4765625 0.08203125 0.072265625
0 0.71875 0.427734375 0.087890625 0.0859375
0 0.744140625 0.623046875 0.072265625 0.076171875
0 0.828125 0.751953125 0.09375 0.07421875
0 0.890625 0.857421875 0.064453125 0.076171875
0 0.951171875 0.96484375 0.052734375 0.068359375
0 0.01953125 0.74609375 0.0390625 0.041015625
0 0.0390625 0.79296875 0.078125 0.05859375
0 0.044921875 0.84375 0.064453125 0.046875
0 0.072265625 0.904296875 0.078125 0.05859375
0 0.09765625 0.96484375 0.09765625 0.068359375