0 0.111328125 0.4765625 0.0625 0.046875
0 0.11328125 0.517578125 0.0546875 0.05078125
0 0.111328125 0.724609375 0.0703125 0.05078125
0 0.111328125 0.767578125 0.0625 0.05078125
0 0.115234375 0.421875 0.046875 0.0625
0 0.11328125 0.611328125 0.046875 0.046875
0 0.109375 0.66015625 0.03515625 0.0390625
0 0.109375 0.69140625 0.0390625 0.03125
0 0.11328125 0.7421875 0.046875 0.02734375
0 0.107421875 0.818359375 0.04296875 0.0546875
0 0.111328125 0.865234375 0.04296875 0.0390625
0 0.103515625 0.953125 0.03125 0.03125