0 0.513671875 0.404296875 0.0546875 0.0546875
0 0.490234375 0.435546875 0.046875 0.03125
0 0.50390625 0.4609375 0.0546875 0.046875
0 0.548828125 0.45703125 0.0390625 0.03125
0 0.5390625 0.5390625 0.0546875 0.0390625
0 0.564453125 0.55859375 0.04296875 0.0546875
0 0.62890625 0.619140625 0.0625 0.0546875
0 0.529296875 0.947265625 0.05078125 0.0390625
0 0.68359375 0.783203125 0.05859375 0.0546875
0 0.6796875 0.84765625 0.08203125 0.0625
0 0.818359375 0.80078125 0.09375 0.08203125
0 0.765625 0.599609375 0.08984375 0.078125
0 0.69140625 0.392578125 0.0703125 0.0390625
0 0.6953125 0.421875 0.0625 0.046875
0 0.6328125 0.201171875 0.08203125 0.078125
0 0.564453125 0.0234375 0.05859375 0.046875
0 0.484375 0.009765625 0.046875 0.01953125
0 0.498046875 0.060546875 0.0546875 0.0625
0 0.47265625 0.40234375 0.0390625 0.046875
0 0.455078125 0.373046875 0.046875 0.04296875
0 0.447265625 0.3515625 0.04296875 0.0234375
0 0.4375 0.326171875 0.05078125 0.0390625
0 0.431640625 0.291015625 0.0546875 0.03515625
0 0.365234375 0.2109375 0.05078125 0.0390625
0 0.37890625 0.23046875 0.0390625 0.0390625
0 0.40625 0.26171875 0.05078125 0.0390625
0 0.35546875 0.177734375 0.046875 0.03125
0 0.337890625 0.1484375 0.04296875 0.03515625
0 0.328125 0.119140625 0.04296875 0.03125
0 0.40625 0.0625 0.06640625 0.0703125
0 0.337890625 0.458984375 0.046875 0.05078125
0 0.41015625 0.50390625 0.046875 0.04296875
0 0.443359375 0.578125 0.046875 0.046875
0 0.31640625 0.412109375 0.046875 0.06640625
0 0.2890625 0.3359375 0.06640625 0.0546875
0 0.259765625 0.259765625 0.06640625 0.0546875
0 0.23046875 0.18359375 0.05859375 0.046875
0 0.216796875 0.12109375 0.0703125 0.05859375
0 0.19921875 0.072265625 0.0546875 0.046875
0 0.318359375 0.0546875 0.0546875 0.0390625
0 0.2578125 0.0234375 0.0859375 0.046875
0 0.19140625 0.0078125 0.0625 0.015625
0 0.185546875 0.734375 0.0625 0.0546875
0 0.23828125 0.7578125 0.046875 0.05078125
0 0.21875 0.8359375 0.05078125 0.0390625
0 0.23046875 0.90234375 0.0546875 0.046875
0 0.24609375 0.96484375 0.08984375 0.06640625
0 0.173828125 0.6484375 0.0625 0.0546875
0 0.16015625 0.5703125 0.046875 0.0546875
0 0.130859375 0.49609375 0.0625 0.0546875
0 0.099609375 0.41015625 0.06640625 0.0625
0 0.087890625 0.330078125 0.0703125 0.07421875
0 0.052734375 0.26953125 0.0625 0.05859375
0 0.0234375 0.21484375 0.046875 0.0625
0 0.01953125 0.333984375 0.0390625 0.0546875
0 0.044921875 0.689453125 0.0546875 0.046875
0 0.013671875 0.62109375 0.02734375 0.0859375
0 0.517578125 0.333984375 0.1015625 0.0859375
0 0.88671875 0.763671875 0.12109375 0.09375
0 0.87109375 0.5546875 0.1015625 0.09375
0 0.857421875 0.43359375 0.109375 0.1015625
0 0.927734375 0.267578125 0.109375 0.09375
0 0.9453125 0.189453125 0.08984375 0.0703125
0 0.970703125 0.11328125 0.05859375 0.0703125
0 0.857421875 0.134765625 0.08203125 0.1015625
0 0.830078125 0.015625 0.08984375 0.03125
0 0.67578125 0.017578125 0.0625 0.03125
0 0.72265625 0.05078125 0.0859375 0.078125
0 0.755859375 0.1328125 0.09375 0.078125
0 0.81640625 0.267578125 0.1015625 0.0859375
0 0.388671875 0.681640625 0.078125 0.0390625
0 0.4453125 0.71484375 0.05078125 0.0625
0 0.0234375 0.134765625 0.046875 0.05078125
0 0.345703125 0.71875 0.05859375 0.0390625
0 0.28125 0.697265625 0.0234375 0.046875
0 0.26953125 0.66796875 0.0390625 0.03125
0 0.251953125 0.6328125 0.046875 0.046875