0 0.1328125 0.38671875 0.0859375 0.078125
0 0.07421875 0.458984375 0.08203125 0.078125
0 0.162109375 0.6015625 0.078125 0.0703125
0 0.2578125 0.7421875 0.0703125 0.0546875
0 0.326171875 0.69921875 0.0859375 0.109375
0 0.345703125 0.900390625 0.078125 0.0546875
0 0.3828125 0.970703125 0.05078125 0.0546875
0 0.50390625 0.994140625 0.0390625 0.01171875
0 0.5234375 0.939453125 0.03515625 0.0390625
0 0.73046875 0.2421875 0.0859375 0.08203125
0 0.84765625 0.458984375 0.0703125 0.0859375
0 0.96875 0.607421875 0.0625 0.06640625