0 0.587890625 0.939453125 0.0703125 0.0703125
0 0.5625 0.87109375 0.0625 0.0625
0 0.544921875 0.806640625 0.0625 0.046875
0 0.51953125 0.736328125 0.0625 0.0625
0 0.486328125 0.6640625 0.0703125 0.0625
0 0.46484375 0.59765625 0.0625 0.0546875
0 0.42578125 0.525390625 0.0625 0.05078125
0 0.41015625 0.4609375 0.06640625 0.078125
0 0.4375 0.416015625 0.05859375 0.0546875
0 0.38671875 0.390625 0.05859375 0.078125
0 0.357421875 0.439453125 0.046875 0.0625
0 0.31640625 0.412109375 0.046875 0.0625
0 0.265625 0.38671875 0.0625 0.04296875
0 0.236328125 0.345703125 0.07421875 0.0625
0 0.232421875 0.294921875 0.06640625 0.0546875
0 0.220703125 0.248046875 0.0546875 0.046875
0 0.212890625 0.20703125 0.0625 0.05078125
0 0.208984375 0.166015625 0.0546875 0.0546875
0 0.212890625 0.11328125 0.05078125 0.0546875
0 0.15234375 0.107421875 0.0625 0.046875
0 0.470703125 0.34765625 0.0625 0.0625
0 0.365234375 0.310546875 0.1171875 0.0859375
0 0.408203125 0.162109375 0.0546875 0.046875
0 0.453125 0.25390625 0.06640625 0.0703125
0 0.376953125 0.08984375 0.05859375 0.0625
0 0.337890625 0.017578125 0.0703125 0.03515625
0 0.28125 0.091796875 0.0625 0.0546875
0 0.255859375 0.03515625 0.078125 0.0703125
0 0.703125 0.205078125 0.0703125 0.0546875
0 0.73828125 0.2421875 0.05859375 0.04296875
0 0.76171875 0.30859375 0.0546875 0.03125
0 0.7890625 0.36328125 0.0703125 0.0546875
0 0.814453125 0.404296875 0.10546875 0.0625
0 0.841796875 0.455078125 0.07421875 0.0625
0 0.859375 0.51171875 0.0546875 0.05078125
0 0.896484375 0.56640625 0.03125 0.02734375
0 0.9453125 0.1171875 0.09375 0.0703125
0 0.921875 0.044921875 0.0625 0.0703125
0 0.689453125 0.14453125 0.08203125 0.0625
0 0.587890625 0.0234375 0.06640625 0.046875
0 0.310546875 0.205078125 0.1328125 0.15625
0 0.984375 0.349609375 0.03125 0.078125
0 0.646484375 0.087890625 0.125 0.1484375