0 0.9453125 0.603515625 0.08203125 0.06640625
0 0.9453125 0.7109375 0.046875 0.046875
0 0.048828125 0.857421875 0.078125 0.0703125
0 0.05078125 0.96875 0.09375 0.0625
0 0.03515625 0.716796875 0.0703125 0.0859375
0 0.025390625 0.591796875 0.05078125 0.05078125
0 0.009765625 0.46875 0.01953125 0.0703125
0 0.154296875 0.015625 0.0625 0.03125
0 0.076171875 0.015625 0.0546875 0.03125
0 0.515625 0.7890625 0.08203125 0.07421875
0 0.4921875 0.978515625 0.0625 0.04296875
0 0.94921875 0.6484375 0.05078125 0.0390625