0 0.833984375 0.228515625 0.064453125 0.068359375
0 0.79296875 0.12890625 0.068359375 0.078125
0 0.85546875 0.333984375 0.064453125 0.05859375
0 0.880859375 0.451171875 0.0703125 0.076171875
0 0.91796875 0.548828125 0.068359375 0.0625
0 0.96875 0.640625 0.0625 0.064453125
0 0.974609375 0.529296875 0.05078125 0.052734375
0 0.984375 0.703125 0.03125 0.0703125
0 0.984375 0.8046875 0.03125 0.068359375
0 0.96875 0.90625 0.0625 0.068359375
0 0.826171875 0.947265625 0.0703125 0.05859375
0 0.72265625 0.8984375 0.076171875 0.078125
0 0.69140625 0.693359375 0.080078125 0.08203125
0 0.8125 0.759765625 0.078125 0.064453125
0 0.798828125 0.5625 0.064453125 0.068359375
0 0.751953125 0.578125 0.044921875 0.052734375
0 0.646484375 0.302734375 0.068359375 0.076171875
0 0.771484375 0.353515625 0.068359375 0.06640625
0 0.69921875 0.15234375 0.08203125 0.08203125
0 0.609375 0.1015625 0.06640625 0.072265625