0 0.31640625 0.451171875 0.0546875 0.0625
0 0.306640625 0.724609375 0.07421875 0.09375
0 0.060546875 0.69921875 0.046875 0.0390625
0 0.02734375 0.509765625 0.0390625 0.0546875
0 0.310546875 0.126953125 0.046875 0.05859375
0 0.291015625 0.087890625 0.046875 0.0546875
0 0.5234375 0.138671875 0.0546875 0.05859375
0 0.599609375 0.0625 0.0625 0.0703125
0 0.587890625 0.52734375 0.08203125 0.08203125
0 0.427734375 0.779296875 0.0546875 0.0390625
0 0.41796875 0.833984375 0.0546875 0.04296875
0 0.431640625 0.955078125 0.0546875 0.0390625
0 0.431640625 0.98828125 0.0390625 0.0234375
0 0.541015625 0.970703125 0.04296875 0.046875
0 0.421875 0.546875 0.0625 0.0625
0 0.423828125 0.625 0.0625 0.046875
0 0.427734375 0.724609375 0.0546875 0.05859375
0 0.423828125 0.662109375 0.0625 0.046875
0 0.529296875 0.66015625 0.046875 0.046875
0 0.111328125 0.150390625 0.1015625 0.1015625
0 0.515625 0.501953125 0.04296875 0.046875
0 0.5703125 0.609375 0.06640625 0.07421875
0 0.162109375 0.759765625 0.0859375 0.078125
0 0.333984375 0.56640625 0.07421875 0.05859375
0 0.41796875 0.43359375 0.078125 0.06640625
0 0.630859375 0.427734375 0.0625 0.0625
0 0.392578125 0.0390625 0.0390625 0.05078125
0 0.025390625 0.4609375 0.05078125 0.046875
0 0.1171875 0.265625 0.0390625 0.0546875
0 0.263671875 0.208984375 0.06640625 0.0625
0 0.625 0.5859375 0.046875 0.0546875
0 0.05859375 0.755859375 0.0390625 0.046875
0 0.18359375 0.923828125 0.0546875 0.03515625
0 0.861328125 0.642578125 0.07421875 0.0703125