0 0.32421875 0.4296875 0.0703125 0.0625
0 0.341796875 0.4921875 0.107421875 0.05859375
0 0.359375 0.564453125 0.078125 0.0703125
0 0.421875 0.603515625 0.107421875 0.07421875
0 0.40625 0.658203125 0.0703125 0.0625
0 0.41796875 0.69921875 0.05859375 0.04296875
0 0.50390625 0.814453125 0.09375 0.08984375
0 0.466796875 0.46875 0.091796875 0.08203125
0 0.314453125 0.326171875 0.06640625 0.0703125
0 0.359375 0.27734375 0.09765625 0.080078125
0 0.26171875 0.142578125 0.083984375 0.078125
0 0.189453125 0.125 0.056640625 0.046875
0 0.1796875 0.09375 0.05078125 0.044921875
0 0.240234375 0.244140625 0.068359375 0.046875
0 0.267578125 0.302734375 0.0546875 0.05859375
0 0.068359375 0.369140625 0.134765625 0.1328125
0 0.162109375 0.626953125 0.1328125 0.134765625
0 0.279296875 0.896484375 0.1328125 0.123046875
0 0.703125 0.130859375 0.103515625 0.091796875
0 0.787109375 0.1953125 0.078125 0.072265625
0 0.810546875 0.427734375 0.11328125 0.09765625
0 0.830078125 0.52734375 0.076171875 0.08203125
0 0.8984375 0.755859375 0.09375 0.08984375
0 0.966796875 0.845703125 0.06640625 0.111328125
0 0.177734375 0.056640625 0.0390625 0.05078125
0 0.158203125 0.033203125 0.04296875 0.025390625
0 0.15234375 0.013671875 0.05078125 0.025390625