0 0.30859375 0.88671875 0.111328125 0.060546875
0 0.212890625 0.689453125 0.103515625 0.091796875
0 0.119140625 0.49609375 0.068359375 0.08984375
0 0.025390625 0.271484375 0.05078125 0.087890625
0 0.12890625 0.16015625 0.083984375 0.0859375
0 0.189453125 0.349609375 0.064453125 0.078125
0 0.29296875 0.265625 0.099609375 0.125
0 0.37890625 0.158203125 0.0859375 0.076171875
0 0.46875 0.34765625 0.08984375 0.09375
0 0.3984375 0.478515625 0.1171875 0.109375
0 0.609375 0.6328125 0.091796875 0.083984375
0 0.59375 0.83984375 0.087890625 0.095703125
0 0.7734375 0.900390625 0.1015625 0.078125
0 0.875 0.771484375 0.0703125 0.076171875
0 0.953125 0.873046875 0.087890625 0.07421875
0 0.7890625 0.384765625 0.09375 0.078125
0 0.759765625 0.23046875 0.056640625 0.044921875
0 0.767578125 0.263671875 0.052734375 0.048828125
0 0.80078125 0.30078125 0.060546875 0.0234375
0 0.93359375 0.326171875 0.06640625 0.064453125
0 0.81640625 0.12890625 0.05078125 0.056640625
0 0.568359375 0.255859375 0.09375 0.0859375
0 0.955078125 0.0703125 0.08203125 0.08984375
0 0.8671875 0.41796875 0.0546875 0.05078125
0 0.89453125 0.458984375 0.05859375 0.06640625
0 0.935546875 0.52734375 0.060546875 0.0625
0 0.974609375 0.580078125 0.05078125 0.0625
0 0.111328125 0.98046875 0.08203125 0.0390625