0 0.7265625 0.306640625 0.072265625 0.076171875
0 0.72265625 0.583984375 0.068359375 0.080078125
0 0.1484375 0.072265625 0.041015625 0.04296875
0 0.119140625 0.37109375 0.05078125 0.05078125
0 0.10546875 0.4140625 0.044921875 0.0390625
0 0.0546875 0.671875 0.064453125 0.05078125
0 0.021484375 0.755859375 0.0390625 0.06640625
0 0.033203125 0.396484375 0.056640625 0.1015625
0 0.169921875 0.298828125 0.046875 0.03515625
0 0.7421875 0.021484375 0.064453125 0.041015625
0 0.783203125 0.7109375 0.033203125 0.04296875
0 0.767578125 0.767578125 0.046875 0.041015625
0 0.78515625 0.66796875 0.0390625 0.04296875
0 0.07421875 0.572265625 0.048828125 0.05078125
0 0.087890625 0.537109375 0.03515625 0.05078125
0 0.087890625 0.49609375 0.06640625 0.05078125
0 0.09765625 0.453125 0.046875 0.048828125
0 0.126953125 0.453125 0.0234375 0.0234375
0 0.03515625 0.048828125 0.0546875 0.064453125
0 0.0390625 0.1015625 0.05078125 0.068359375
0 0.041015625 0.16015625 0.046875 0.05078125
0 0.041015625 0.216796875 0.056640625 0.05078125
0 0.03125 0.28125 0.0625 0.056640625
0 0.1953125 0.21875 0.046875 0.060546875
0 0.150390625 0.236328125 0.056640625 0.044921875