0 0.189453125 0.958984375 0.0625 0.0625
0 0.16015625 0.896484375 0.0625 0.0546875
0 0.140625 0.841796875 0.078125 0.05078125
0 0.126953125 0.791015625 0.046875 0.04296875
0 0.10546875 0.76171875 0.0546875 0.046875
0 0.08984375 0.716796875 0.05859375 0.046875
0 0.07421875 0.677734375 0.0546875 0.046875
0 0.072265625 0.63671875 0.0390625 0.046875
0 0.048828125 0.59765625 0.0625 0.04296875
0 0.0390625 0.560546875 0.05859375 0.046875
0 0.03125 0.517578125 0.05859375 0.03515625
0 0.025390625 0.48046875 0.05078125 0.046875
0 0.017578125 0.435546875 0.03515625 0.046875
0 0.013671875 0.380859375 0.02734375 0.0625