0 0.681640625 0.23828125 0.09375 0.087890625
0 0.61328125 0.107421875 0.068359375 0.07421875
0 0.814453125 0.109375 0.06640625 0.078125
0 0.759765625 0.30078125 0.080078125 0.083984375
0 0.76953125 0.537109375 0.072265625 0.080078125
0 0.705078125 0.537109375 0.04296875 0.02734375
0 0.8359375 0.58203125 0.0703125 0.046875
0 0.8671875 0.873046875 0.08203125 0.064453125
0 0.923828125 0.853515625 0.080078125 0.080078125
0 0.7265625 0.65625 0.060546875 0.064453125
0 0.740234375 0.609375 0.0625 0.0625