0 0.650390625 0.986328125 0.05078125 0.02734375
0 0.611328125 0.93359375 0.0625 0.0546875
0 0.48828125 0.876953125 0.06640625 0.078125
0 0.474609375 0.947265625 0.046875 0.046875
0 0.560546875 0.845703125 0.078125 0.0625
0 0.5546875 0.69921875 0.078125 0.0703125
0 0.46875 0.67578125 0.078125 0.06640625
0 0.490234375 0.587890625 0.1015625 0.08203125
0 0.361328125 0.5234375 0.08203125 0.0703125
0 0.28125 0.572265625 0.0859375 0.0859375
0 0.255859375 0.376953125 0.07421875 0.078125
0 0.171875 0.248046875 0.09375 0.07421875
0 0.109375 0.142578125 0.06640625 0.078125
0 0.048828125 0.03515625 0.0546875 0.0703125
0 0.98046875 0.25390625 0.0390625 0.0390625
0 0.9609375 0.20703125 0.078125 0.05859375
0 0.955078125 0.15625 0.0625 0.046875
0 0.927734375 0.095703125 0.078125 0.05859375
0 0.90234375 0.03515625 0.09765625 0.0703125