0 0.08203125 0.650390625 0.0546875 0.04296875
0 0.072265625 0.609375 0.0546875 0.046875
0 0.0703125 0.560546875 0.03515625 0.03125
0 0.0546875 0.4765625 0.05078125 0.0390625
0 0.16015625 0.458984375 0.0390625 0.0390625
0 0.310546875 0.4765625 0.046875 0.046875
0 0.228515625 0.720703125 0.06640625 0.05859375
0 0.236328125 0.671875 0.0625 0.05078125
0 0.23828125 0.6328125 0.0625 0.046875
0 0.263671875 0.775390625 0.0625 0.046875
0 0.244140625 0.826171875 0.04296875 0.0390625
0 0.224609375 0.890625 0.0703125 0.0703125
0 0.345703125 0.84765625 0.0546875 0.0546875
0 0.369140625 0.92578125 0.0859375 0.0703125
0 0.369140625 0.966796875 0.109375 0.05859375
0 0.142578125 0.943359375 0.0859375 0.0546875
0 0.140625 0.8984375 0.05859375 0.0390625
0 0.12890625 0.865234375 0.06640625 0.0390625
0 0.123046875 0.82421875 0.05859375 0.046875
0 0.12109375 0.78515625 0.06640625 0.0390625
0 0.1015625 0.75390625 0.06640625 0.0390625
0 0.095703125 0.71875 0.0625 0.0390625
0 0.08984375 0.689453125 0.05859375 0.046875
0 0.09375 0.466796875 0.03125 0.046875
0 0.072265625 0.443359375 0.05078125 0.03515625
0 0.080078125 0.41796875 0.0390625 0.0390625
0 0.107421875 0.34375 0.0546875 0.03515625
0 0.095703125 0.37890625 0.0546875 0.03125
0 0.123046875 0.302734375 0.0546875 0.05078125
0 0.15625 0.244140625 0.04296875 0.0390625
0 0.166015625 0.205078125 0.046875 0.04296875
0 0.169921875 0.162109375 0.05078125 0.0390625
0 0.16796875 0.125 0.046875 0.0390625
0 0.171875 0.060546875 0.0390625 0.0390625
0 0.1796875 0.01953125 0.046875 0.0390625
0 0.052734375 0.021484375 0.0625 0.04296875
0 0.064453125 0.08203125 0.05078125 0.04296875
0 0.2265625 0.939453125 0.0546875 0.046875
0 0.228515625 0.984375 0.0703125 0.03125