0 0.150390625 0.794921875 0.0390625 0.0390625
0 0.1171875 0.771484375 0.0546875 0.0390625
0 0.12109375 0.70703125 0.046875 0.0390625
0 0.12109375 0.658203125 0.046875 0.046875
0 0.052734375 0.6484375 0.05078125 0.046875
0 0.076171875 0.693359375 0.046875 0.04296875
0 0.1640625 0.837890625 0.046875 0.0390625
0 0.205078125 0.876953125 0.06640625 0.046875
0 0.25390625 0.927734375 0.0546875 0.05859375
0 0.28515625 0.970703125 0.0546875 0.05859375
0 0.123046875 0.537109375 0.0546875 0.04296875
0 0.0859375 0.5078125 0.06640625 0.0703125
0 0.119140625 0.056640625 0.046875 0.05859375
0 0.01953125 0.12109375 0.0390625 0.05859375
0 0.03515625 0.0625 0.0703125 0.0546875
0 0.017578125 0.021484375 0.03515625 0.0390625
0 0.130859375 0.34765625 0.05859375 0.046875
0 0.1640625 0.3984375 0.06640625 0.05859375
0 0.19140625 0.294921875 0.0546875 0.0546875
0 0.15625 0.19140625 0.046875 0.046875
0 0.142578125 0.275390625 0.046875 0.0546875
0 0.1171875 0.1796875 0.02734375 0.03125
0 0.15234375 0.1171875 0.046875 0.03125
0 0.203125 0.05078125 0.0625 0.0546875
0 0.203125 0.009765625 0.046875 0.01953125
0 0.17578125 0.0703125 0.05078125 0.0546875