0 0.306640625 0.7734375 0.0546875 0.05078125
0 0.318359375 0.861328125 0.02734375 0.06640625
0 0.306640625 0.9140625 0.0546875 0.06640625
0 0.30078125 0.95703125 0.05859375 0.05078125
0 0.314453125 0.7265625 0.046875 0.0390625
0 0.3125 0.67578125 0.046875 0.046875
0 0.314453125 0.626953125 0.05078125 0.04296875
0 0.3125 0.58203125 0.046875 0.0390625
0 0.326171875 0.115234375 0.0625 0.04296875
0 0.34765625 0.0859375 0.046875 0.03125
0 0.35546875 0.013671875 0.046875 0.02734375
0 0.33203125 0.32421875 0.0390625 0.046875
0 0.375 0.232421875 0.05078125 0.04296875
0 0.3359375 0.1953125 0.0859375 0.06640625