0 0.736328125 0.412109375 0.0625 0.0625
0 0.7578125 0.326171875 0.0625 0.0625
0 0.68359375 0.095703125 0.05859375 0.05078125
0 0.65234375 0.029296875 0.0625 0.05078125
0 0.71875 0.2734375 0.0703125 0.0625
0 0.8125 0.4609375 0.0546875 0.0546875
0 0.8046875 0.556640625 0.06640625 0.046875
0 0.80078125 0.607421875 0.0546875 0.05078125
0 0.853515625 0.615234375 0.05859375 0.05859375
0 0.86328125 0.67578125 0.0546875 0.0546875
0 0.828125 0.72265625 0.0625 0.0625
0 0.8125 0.67578125 0.07421875 0.046875
0 0.87109375 0.78125 0.0546875 0.0390625
0 0.880859375 0.751953125 0.0625 0.0625
0 0.841796875 0.849609375 0.0546875 0.0546875
0 0.869140625 0.912109375 0.05859375 0.0703125
0 0.8671875 0.97265625 0.0625 0.0546875
0 0.69921875 0.146484375 0.046875 0.0390625