0 0.880859375 0.44921875 0.1171875 0.1015625
0 0.73046875 0.34375 0.07421875 0.0546875
0 0.71875 0.28515625 0.0546875 0.0546875
0 0.654296875 0.177734375 0.0859375 0.08984375
0 0.60546875 0.07421875 0.078125 0.078125
0 0.962890625 0.626953125 0.0546875 0.04296875
0 0.958984375 0.568359375 0.078125 0.05859375
0 0.462890625 0.42578125 0.06640625 0.0703125
0 0.431640625 0.375 0.1328125 0.0546875
0 0.375 0.328125 0.09765625 0.0703125
0 0.427734375 0.251953125 0.08984375 0.07421875
0 0.240234375 0.16015625 0.0859375 0.0859375
0 0.330078125 0.087890625 0.09375 0.078125
0 0.2109375 0.06640625 0.0625 0.0703125
0 0.357421875 0.01953125 0.11328125 0.0390625
0 0.2578125 0.017578125 0.08984375 0.03125
0 0.529296875 0.017578125 0.07421875 0.03515625
0 0.46875 0.02734375 0.06640625 0.046875
0 0.39453125 0.048828125 0.0546875 0.046875
0 0.396484375 0.185546875 0.04296875 0.046875
0 0.36328125 0.17578125 0.04296875 0.046875
0 0.35546875 0.279296875 0.0703125 0.0625
0 0.302734375 0.27734375 0.05078125 0.0625
0 0.3046875 0.21875 0.1328125 0.10546875