0 0.146484375 0.47265625 0.0546875 0.0546875
0 0.1875 0.5078125 0.05859375 0.04296875
0 0.205078125 0.54296875 0.0625 0.046875
0 0.125 0.435546875 0.0546875 0.04296875
0 0.08984375 0.41015625 0.06640625 0.046875
0 0.064453125 0.376953125 0.0703125 0.046875
0 0.029296875 0.341796875 0.05078125 0.046875
0 0.021484375 0.30859375 0.04296875 0.046875
0 0.287109375 0.63671875 0.0625 0.0546875
0 0.240234375 0.595703125 0.046875 0.0546875
0 0.333984375 0.703125 0.0625 0.0625
0 0.373046875 0.76171875 0.0625 0.0390625
0 0.380859375 0.810546875 0.0625 0.0234375
0 0.3984375 0.837890625 0.05859375 0.0234375