0 0.5859375 0.841796875 0.0546875 0.0625
0 0.599609375 0.65234375 0.0625 0.0703125
0 0.611328125 0.525390625 0.078125 0.0703125
0 0.60546875 0.40625 0.06640625 0.0625
0 0.60546875 0.3203125 0.078125 0.0703125
0 0.595703125 0.21484375 0.0546875 0.0625
0 0.580078125 0.015625 0.0546875 0.03125
0 0.580078125 0.078125 0.0703125 0.0625
0 0.51953125 0.1796875 0.0390625 0.0390625
0 0.515625 0.150390625 0.04296875 0.03125
0 0.515625 0.333984375 0.0625 0.05859375
0 0.51171875 0.287109375 0.0703125 0.0546875
0 0.51953125 0.794921875 0.0703125 0.0546875
0 0.51953125 0.626953125 0.0625 0.05859375
0 0.51953125 0.478515625 0.06640625 0.0546875
0 0.5234375 0.37890625 0.046875 0.0390625
0 0.5234375 0.41015625 0.0546875 0.05078125
0 0.5390625 0.033203125 0.05078125 0.046875
0 0.58984375 0.763671875 0.05078125 0.0546875