0 0.041015625 0.884765625 0.08203125 0.06640625
0 0.041015625 0.974609375 0.07421875 0.05078125
0 0.01953125 0.75 0.0390625 0.0703125
0 0.162109375 0.7734375 0.078125 0.078125
0 0.150390625 0.5859375 0.078125 0.0625
0 0.125 0.357421875 0.0703125 0.0625
0 0.271484375 0.224609375 0.0859375 0.078125
0 0.44140625 0.216796875 0.078125 0.05078125
0 0.267578125 0.408203125 0.06640625 0.0703125
0 0.267578125 0.03125 0.09765625 0.0625
0 0.26953125 0.611328125 0.0703125 0.08984375
0 0.2734375 0.849609375 0.09765625 0.08203125
0 0.28125 0.986328125 0.0859375 0.02734375
0 0.072265625 0.1328125 0.078125 0.06640625
0 0.279296875 0.765625 0.07421875 0.0625