0 0.6015625 0.5234375 0.08203125 0.08203125
0 0.54296875 0.517578125 0.0546875 0.0546875
0 0.53125 0.609375 0.0546875 0.0546875
0 0.533203125 0.70703125 0.07421875 0.0703125
0 0.587890625 0.796875 0.078125 0.0703125
0 0.541015625 0.869140625 0.0859375 0.07421875
0 0.509765625 0.9296875 0.0546875 0.0546875
0 0.521484375 0.80859375 0.0546875 0.0625
0 0.537109375 0.224609375 0.05078125 0.0625
0 0.86328125 0.44140625 0.0703125 0.0625
0 0.884765625 0.708984375 0.0703125 0.05859375
0 0.904296875 0.857421875 0.05859375 0.08203125
0 0.8984375 0.794921875 0.0390625 0.0546875
0 0.544921875 0.0703125 0.06640625 0.06640625
0 0.55859375 0.15234375 0.0625 0.0703125
0 0.419921875 0.05078125 0.046875 0.0390625
0 0.43359375 0.0859375 0.04296875 0.02734375
0 0.43359375 0.15234375 0.046875 0.03515625
0 0.443359375 0.203125 0.0546875 0.05078125
0 0.443359375 0.25 0.046875 0.046875
0 0.4375 0.291015625 0.046875 0.04296875
0 0.439453125 0.33984375 0.0546875 0.046875
0 0.439453125 0.390625 0.0546875 0.04296875
0 0.431640625 0.4296875 0.0390625 0.046875
0 0.435546875 0.482421875 0.046875 0.046875
0 0.4375 0.525390625 0.04296875 0.04296875
0 0.435546875 0.564453125 0.03125 0.03125
0 0.4375 0.6171875 0.046875 0.0390625
0 0.431640625 0.654296875 0.05078125 0.0390625
0 0.42578125 0.748046875 0.05078125 0.0390625
0 0.458984375 0.697265625 0.08203125 0.0625
0 0.302734375 0.4609375 0.0546875 0.0546875
0 0.291015625 0.1875 0.078125 0.07421875
0 0.216796875 0.17578125 0.0390625 0.046875
0 0.21875 0.21484375 0.04296875 0.04296875
0 0.236328125 0.25390625 0.0546875 0.0546875
0 0.228515625 0.30859375 0.0703125 0.046875
0 0.14453125 0.212890625 0.078125 0.10546875
0 0.28515625 0.705078125 0.0703125 0.06640625
0 0.259765625 0.947265625 0.0703125 0.0703125
0 0.123046875 0.736328125 0.06640625 0.078125
0 0.232421875 0.880859375 0.046875 0.0546875
0 0.232421875 0.779296875 0.05859375 0.0546875
0 0.236328125 0.83203125 0.0546875 0.046875
0 0.14453125 0.396484375 0.0390625 0.0546875
0 0.17578125 0.560546875 0.078125 0.1015625
0 0.650390625 0.29296875 0.0625 0.0390625
0 0.640625 0.322265625 0.046875 0.0390625
0 0.642578125 0.36328125 0.046875 0.04296875
0 0.646484375 0.26953125 0.046875 0.06640625
0 0.625 0.623046875 0.04296875 0.0390625
0 0.6328125 0.587890625 0.046875 0.0390625
0 0.619140625 0.65625 0.0390625 0.03125
0 0.576171875 0.67578125 0.046875 0.0625
0 0.427734375 0.796875 0.04296875 0.046875
0 0.42578125 0.841796875 0.0546875 0.046875
0 0.43359375 0.888671875 0.0546875 0.0546875
0 0.431640625 0.93359375 0.0546875 0.046875
0 0.43359375 0.974609375 0.046875 0.046875
0 0.607421875 0.9609375 0.05078125 0.03125
0 0.6171875 0.986328125 0.05078125 0.02734375
0 0.60546875 0.9296875 0.0390625 0.0390625
0 0.60546875 0.89453125 0.0390625 0.03125
0 0.60546875 0.859375 0.046875 0.0546875
0 0.50390625 0.376953125 0.0859375 0.09375