0 0.716796875 0.64453125 0.078125 0.046875
0 0.69140625 0.607421875 0.0703125 0.05078125
0 0.66796875 0.578125 0.07421875 0.046875
0 0.638671875 0.5390625 0.07421875 0.0625
0 0.599609375 0.50390625 0.0703125 0.0703125
0 0.544921875 0.4453125 0.06640625 0.0625
0 0.513671875 0.41015625 0.0546875 0.0703125
0 0.48046875 0.37890625 0.06640625 0.06640625
0 0.44921875 0.34375 0.0625 0.06640625
0 0.421875 0.32421875 0.046875 0.0546875
0 0.38671875 0.2734375 0.05859375 0.046875
0 0.359375 0.251953125 0.05078125 0.04296875
0 0.30859375 0.166015625 0.0625 0.0625
0 0.310546875 0.228515625 0.05859375 0.0546875
0 0.296875 0.1015625 0.0703125 0.0625
0 0.28125 0.04296875 0.09375 0.0625
0 0.21875 0.10546875 0.0703125 0.0703125
0 0.1640625 0.16015625 0.07421875 0.0625
0 0.111328125 0.21875 0.0703125 0.0625
0 0.048828125 0.279296875 0.0703125 0.0625
0 0.017578125 0.3359375 0.03515625 0.0703125
0 0.46484375 0.06640625 0.06640625 0.05859375
0 0.53515625 0.1484375 0.078125 0.0390625
0 0.5390625 0.1875 0.09765625 0.05078125
0 0.5859375 0.248046875 0.07421875 0.0625
0 0.65234375 0.333984375 0.078125 0.0625
0 0.70703125 0.4296875 0.0859375 0.05859375
0 0.744140625 0.501953125 0.06640625 0.0546875
0 0.765625 0.5546875 0.0703125 0.0625
0 0.8046875 0.66015625 0.0703125 0.0703125
0 0.771484375 0.724609375 0.0703125 0.0625
0 0.443359375 0.478515625 0.0625 0.08203125
0 0.837890625 0.83984375 0.0625 0.046875
0 0.8203125 0.794921875 0.0625 0.05078125
0 0.861328125 0.748046875 0.05078125 0.0390625