0 0.91796875 0.349609375 0.052734375 0.04296875
0 0.927734375 0.390625 0.052734375 0.044921875
0 0.9296875 0.439453125 0.033203125 0.033203125
0 0.9453125 0.5234375 0.048828125 0.0390625
0 0.83984375 0.541015625 0.0390625 0.041015625
0 0.689453125 0.5234375 0.044921875 0.048828125
0 0.771484375 0.279296875 0.06640625 0.05859375
0 0.763671875 0.328125 0.0625 0.05078125
0 0.76171875 0.3671875 0.064453125 0.048828125
0 0.736328125 0.224609375 0.0625 0.046875
0 0.755859375 0.173828125 0.04296875 0.041015625
0 0.775390625 0.109375 0.0703125 0.072265625
0 0.654296875 0.15234375 0.052734375 0.056640625
0 0.630859375 0.07421875 0.0859375 0.0703125
0 0.630859375 0.033203125 0.107421875 0.05859375
0 0.857421875 0.056640625 0.083984375 0.0546875
0 0.859375 0.1015625 0.056640625 0.041015625
0 0.87109375 0.134765625 0.06640625 0.0390625
0 0.876953125 0.17578125 0.05859375 0.044921875
0 0.87890625 0.21484375 0.06640625 0.041015625
0 0.8984375 0.24609375 0.06640625 0.0390625
0 0.904296875 0.28125 0.064453125 0.037109375
0 0.91015625 0.310546875 0.056640625 0.048828125
0 0.90625 0.533203125 0.033203125 0.046875
0 0.927734375 0.556640625 0.048828125 0.03515625
0 0.919921875 0.58203125 0.0390625 0.037109375
0 0.892578125 0.65625 0.056640625 0.03515625
0 0.904296875 0.62109375 0.052734375 0.033203125
0 0.876953125 0.697265625 0.056640625 0.05078125
0 0.84375 0.755859375 0.04296875 0.037109375
0 0.833984375 0.794921875 0.046875 0.04296875
0 0.830078125 0.837890625 0.048828125 0.041015625
0 0.83203125 0.875 0.044921875 0.037109375
0 0.828125 0.939453125 0.0390625 0.041015625
0 0.8203125 0.98046875 0.046875 0.037109375
0 0.947265625 0.978515625 0.0625 0.041015625
0 0.935546875 0.91796875 0.05078125 0.04296875
0 0.7734375 0.060546875 0.0546875 0.048828125
0 0.771484375 0.015625 0.0703125 0.029296875