0 0.62109375 0.212890625 0.06640625 0.068359375
0 0.58984375 0.12890625 0.060546875 0.060546875
0 0.603515625 0.052734375 0.068359375 0.0625
0 0.64453125 0.373046875 0.076171875 0.060546875
0 0.63671875 0.498046875 0.068359375 0.064453125
0 0.623046875 0.650390625 0.048828125 0.048828125
0 0.60546875 0.828125 0.06640625 0.0546875
0 0.59765625 0.76171875 0.052734375 0.052734375
0 0.626953125 0.8828125 0.06640625 0.0546875
0 0.65234375 0.935546875 0.060546875 0.05078125
0 0.67578125 0.984375 0.046875 0.03125
0 0.884765625 0.28125 0.080078125 0.064453125
0 0.91796875 0.6015625 0.095703125 0.083984375
0 0.9375 0.8125 0.078125 0.07421875
0 0.91796875 0.9453125 0.125 0.109375
0 0.828125 0.0859375 0.1015625 0.076171875