0 0.83203125 0.486328125 0.0703125 0.05859375
0 0.798828125 0.671875 0.05859375 0.0625
0 0.78515625 0.7109375 0.0546875 0.0390625
0 0.81640625 0.74609375 0.0546875 0.0546875
0 0.798828125 0.80078125 0.046875 0.0390625
0 0.841796875 0.830078125 0.05859375 0.078125
0 0.8671875 0.90234375 0.0546875 0.0390625
0 0.8984375 0.955078125 0.0625 0.05859375
0 0.759765625 0.421875 0.0625 0.0625
0 0.7578125 0.25390625 0.0703125 0.078125
0 0.74609375 0.130859375 0.0625 0.0625
0 0.740234375 0.029296875 0.05859375 0.05859375
0 0.8125 0.029296875 0.0625 0.0546875
0 0.8203125 0.083984375 0.0625 0.0546875
0 0.81640625 0.142578125 0.0625 0.0546875
0 0.828125 0.19140625 0.0703125 0.046875
0 0.830078125 0.24609375 0.06640625 0.04296875
0 0.783203125 0.359375 0.046875 0.046875
0 0.8359375 0.396484375 0.0625 0.0390625
0 0.8359375 0.33203125 0.04296875 0.0390625
0 0.833984375 0.296875 0.0546875 0.04296875
0 0.056640625 0.578125 0.0625 0.05859375
0 0.060546875 0.685546875 0.0703125 0.04296875
0 0.08203125 0.7578125 0.0546875 0.0390625
0 0.080078125 0.978515625 0.0703125 0.02734375
0 0.068359375 0.94921875 0.0390625 0.03515625
0 0.05859375 0.91796875 0.0546875 0.0390625
0 0.041015625 0.880859375 0.046875 0.0390625
0 0.033203125 0.841796875 0.0546875 0.05078125
0 0.025390625 0.796875 0.04296875 0.046875
0 0.021484375 0.765625 0.03125 0.046875
0 0.01953125 0.7265625 0.0390625 0.0546875
0 0.0078125 0.533203125 0.015625 0.0390625
0 0.01171875 0.49609375 0.0234375 0.03125
0 0.015625 0.470703125 0.03125 0.03125
0 0.0546875 0.455078125 0.0625 0.0703125
0 0.013671875 0.443359375 0.02734375 0.03515625
0 0.013671875 0.388671875 0.02734375 0.07421875
0 0.03125 0.3359375 0.0625 0.0546875
0 0.02734375 0.25390625 0.0546875 0.0703125
0 0.013671875 0.150390625 0.02734375 0.06640625
0 0.044921875 0.08984375 0.0390625 0.04296875
0 0.0078125 0.03125 0.015625 0.0390625
0 0.095703125 0.859375 0.0546875 0.046875
0 0.828125 0.435546875 0.046875 0.04296875