0 0.931640625 0.94921875 0.0625 0.05078125
0 0.892578125 0.904296875 0.0625 0.07421875
0 0.8671875 0.794921875 0.0703125 0.0625
0 0.83203125 0.662109375 0.0703125 0.0625
0 0.94140625 0.51953125 0.078125 0.0703125
0 0.78125 0.50390625 0.06640625 0.06640625
0 0.978515625 0.337890625 0.0390625 0.0859375
0 0.943359375 0.236328125 0.07421875 0.06640625
0 0.818359375 0.18359375 0.0703125 0.078125
0 0.873046875 0.05078125 0.0859375 0.078125
0 0.669921875 0.03515625 0.0703125 0.0546875
0 0.68359375 0.130859375 0.0546875 0.0625
0 0.69921875 0.224609375 0.0703125 0.078125
0 0.728515625 0.33203125 0.0703125 0.05859375
0 0.38671875 0.328125 0.046875 0.06640625
0 0.3515625 0.2734375 0.0625 0.0703125
0 0.302734375 0.265625 0.0546875 0.07421875
0 0.244140625 0.265625 0.05859375 0.06640625
0 0.39453125 0.384765625 0.0546875 0.046875
0 0.40234375 0.439453125 0.0546875 0.046875
0 0.392578125 0.501953125 0.0546875 0.0625
0 0.595703125 0.916015625 0.07421875 0.05859375
0 0.5625 0.8671875 0.07421875 0.0625
0 0.52734375 0.802734375 0.0859375 0.0703125
0 0.48828125 0.755859375 0.08984375 0.05078125
0 0.45703125 0.708984375 0.0625 0.04296875
0 0.42578125 0.64453125 0.078125 0.05859375
0 0.3984375 0.59765625 0.07421875 0.05859375
0 0.3671875 0.55078125 0.0703125 0.0625
0 0.345703125 0.515625 0.05078125 0.0390625
0 0.2890625 0.451171875 0.09375 0.0546875
0 0.279296875 0.384765625 0.07421875 0.08984375
0 0.236328125 0.365234375 0.046875 0.046875
0 0.212890625 0.326171875 0.0703125 0.0390625
0 0.18359375 0.291015625 0.06640625 0.046875
0 0.15234375 0.23828125 0.0859375 0.0546875
0 0.103515625 0.205078125 0.07421875 0.046875
0 0.04296875 0.12890625 0.0859375 0.0546875
0 0.029296875 0.06640625 0.05859375 0.078125
0 0.01953125 0.177734375 0.0390625 0.06640625
0 0.046875 0.228515625 0.05078125 0.05078125
0 0.05859375 0.3125 0.05078125 0.0625
0 0.08203125 0.39453125 0.0546875 0.0625
0 0.111328125 0.494140625 0.0546875 0.05859375
0 0.15234375 0.548828125 0.046875 0.046875
0 0.19921875 0.611328125 0.05859375 0.0546875
0 0.232421875 0.673828125 0.0625 0.0546875
0 0.2734375 0.75390625 0.05859375 0.05859375
0 0.306640625 0.83203125 0.0625 0.0625
0 0.33984375 0.90625 0.0625 0.0546875
0 0.3828125 0.984375 0.0546875 0.03125
0 0.28125 0.986328125 0.0703125 0.02734375
0 0.251953125 0.9375 0.0859375 0.06640625
0 0.23046875 0.86328125 0.07421875 0.0703125
0 0.201171875 0.8046875 0.0625 0.05859375
0 0.171875 0.74609375 0.0703125 0.0703125
0 0.123046875 0.775390625 0.0703125 0.0625
0 0.080078125 0.689453125 0.078125 0.0703125
0 0.150390625 0.677734375 0.08203125 0.078125
0 0.10546875 0.603515625 0.078125 0.0703125
0 0.080078125 0.544921875 0.0625 0.05859375
0 0.046875 0.482421875 0.06640625 0.0625
0 0.029296875 0.416015625 0.05859375 0.06640625
0 0.810546875 0.263671875 0.0859375 0.0703125
0 0.12890625 0.306640625 0.0546875 0.07421875
0 0.623046875 0.9609375 0.15625 0.078125
0 0.146484375 0.990234375 0.06640625 0.01953125