0 0.7578125 0.12890625 0.080078125 0.068359375
0 0.76171875 0.25 0.0703125 0.064453125
0 0.845703125 0.296875 0.064453125 0.064453125
0 0.833984375 0.376953125 0.05859375 0.080078125
0 0.7734375 0.353515625 0.064453125 0.068359375
0 0.77734375 0.451171875 0.09375 0.08984375
0 0.7890625 0.544921875 0.076171875 0.0703125
0 0.8203125 0.638671875 0.076171875 0.072265625
0 0.83984375 0.734375 0.099609375 0.103515625
0 0.873046875 0.845703125 0.103515625 0.10546875
0 0.90625 0.95703125 0.1015625 0.08203125
0 0.744140625 0.021484375 0.08203125 0.04296875