0 0.953125 0.06640625 0.07421875 0.0859375
0 0.806640625 0.130859375 0.072265625 0.0625
0 0.92578125 0.322265625 0.068359375 0.083984375
0 0.787109375 0.392578125 0.09375 0.09765625
0 0.6796875 0.171875 0.09765625 0.11328125
0 0.640625 0.078125 0.037109375 0.044921875
0 0.666015625 0.109375 0.052734375 0.0390625
0 0.5859375 0.03125 0.109375 0.0625
0 0.41796875 0.017578125 0.1015625 0.03515625
0 0.5625 0.2421875 0.10546875 0.107421875
0 0.724609375 0.515625 0.111328125 0.1015625
0 0.708984375 0.30859375 0.046875 0.046875
0 0.8046875 0.267578125 0.060546875 0.0546875
0 0.759765625 0.26171875 0.041015625 0.0546875
0 0.734375 0.224609375 0.046875 0.04296875
0 0.794921875 0.306640625 0.078125 0.05078125
0 0.859375 0.4140625 0.068359375 0.060546875
0 0.88671875 0.453125 0.0625 0.052734375
0 0.93359375 0.525390625 0.068359375 0.0703125
0 0.95703125 0.662109375 0.0859375 0.12109375
0 0.982421875 0.599609375 0.033203125 0.046875
0 0.96484375 0.560546875 0.068359375 0.05078125
0 0.611328125 0.623046875 0.087890625 0.078125
0 0.595703125 0.841796875 0.111328125 0.1171875
0 0.76953125 0.90234375 0.0859375 0.091796875
0 0.876953125 0.767578125 0.08984375 0.078125
0 0.94921875 0.869140625 0.07421875 0.078125
0 0.302734375 0.8828125 0.0859375 0.08984375
0 0.20703125 0.6796875 0.09765625 0.083984375
0 0.400390625 0.474609375 0.119140625 0.123046875
0 0.470703125 0.349609375 0.099609375 0.095703125
0 0.37109375 0.150390625 0.1015625 0.0859375
0 0.291015625 0.259765625 0.12109375 0.111328125
0 0.1953125 0.33984375 0.080078125 0.072265625
0 0.134765625 0.154296875 0.0859375 0.078125
0 0.025390625 0.267578125 0.05078125 0.08203125
0 0.111328125 0.48828125 0.119140625 0.09375
0 0.10546875 0.98828125 0.0703125 0.0234375
0 0.0078125 0.859375 0.015625 0.0546875
0 0.013671875 0.806640625 0.025390625 0.064453125