0 0.26953125 0.75 0.08984375 0.0625
0 0.13671875 0.537109375 0.08984375 0.078125
0 0.033203125 0.388671875 0.0625 0.078125
0 0.66796875 0.298828125 0.0859375 0.0859375
0 0.734375 0.255859375 0.0546875 0.0546875
0 0.64453125 0.099609375 0.07421875 0.06640625
0 0.6015625 0.025390625 0.06640625 0.05078125
0 0.828125 0.3984375 0.0703125 0.0625
0 0.923828125 0.533203125 0.0703125 0.07421875
0 0.865234375 0.625 0.078125 0.09375
0 0.490234375 0.107421875 0.0625 0.04296875
0 0.478515625 0.072265625 0.03515625 0.0390625