0 0.888671875 0.5234375 0.0625 0.046875
0 0.88671875 0.482421875 0.0546875 0.05078125
0 0.888671875 0.275390625 0.0703125 0.05078125
0 0.888671875 0.232421875 0.0625 0.05078125
0 0.884765625 0.578125 0.046875 0.0625
0 0.88671875 0.388671875 0.046875 0.046875
0 0.890625 0.33984375 0.03515625 0.0390625
0 0.890625 0.30859375 0.0390625 0.03125
0 0.88671875 0.2578125 0.046875 0.02734375
0 0.892578125 0.181640625 0.04296875 0.0546875
0 0.888671875 0.134765625 0.0390625 0.0390625
0 0.896484375 0.046875 0.03125 0.03125