0 0.158203125 0.833984375 0.078125 0.08203125
0 0.83984375 0.94921875 0.08203125 0.0703125
0 0.81640625 0.8984375 0.0703125 0.046875
0 0.8984375 0.361328125 0.0625 0.0625
0 0.81640625 0.6953125 0.078125 0.0546875
0 0.80859375 0.640625 0.0625 0.0546875
0 0.365234375 0.982421875 0.078125 0.03515625
0 0.818359375 0.580078125 0.0625 0.0546875
0 0.8046875 0.8125 0.0546875 0.046875
0 0.802734375 0.755859375 0.0625 0.0546875
0 0.91015625 0.30859375 0.0625 0.0546875
0 0.810546875 0.857421875 0.0703125 0.05078125
0 0.326171875 0.91796875 0.0703125 0.05078125
0 0.2265625 0.96484375 0.046875 0.0546875
0 0.302734375 0.873046875 0.046875 0.0390625
0 0.28125 0.85546875 0.0390625 0.046875
0 0.251953125 0.83984375 0.046875 0.05078125
0 0.150390625 0.666015625 0.0390625 0.046875
0 0.13671875 0.595703125 0.03515625 0.0390625
0 0.1328125 0.509765625 0.046875 0.04296875
0 0.162109375 0.955078125 0.0546875 0.0625
0 0.091796875 0.935546875 0.0390625 0.046875
0 0.087890625 0.859375 0.03125 0.046875
0 0.828125 0.517578125 0.05078125 0.04296875
0 0.9296875 0.2578125 0.0390625 0.046875