0 0.97265625 0.07421875 0.0546875 0.046875
0 0.966796875 0.16015625 0.0625 0.0546875
0 0.95703125 0.375 0.0546875 0.0546875
0 0.9453125 0.73828125 0.0703125 0.0546875
0 0.919921875 0.646484375 0.05859375 0.0625
0 0.3828125 0.6796875 0.0625 0.0625
0 0.294921875 0.658203125 0.06640625 0.0625
0 0.11328125 0.970703125 0.0703125 0.05859375
0 0.029296875 0.609375 0.05859375 0.0859375
0 0.216796875 0.36328125 0.046875 0.0625
0 0.29296875 0.314453125 0.078125 0.078125
0 0.23828125 0.21875 0.06640625 0.046875
0 0.23828125 0.171875 0.0546875 0.046875
0 0.1875 0.115234375 0.07421875 0.0625
0 0.158203125 0.158203125 0.0546875 0.046875
0 0.12109375 0.060546875 0.0546875 0.0546875
0 0.328125 0.458984375 0.05859375 0.0703125
0 0.328125 0.556640625 0.0625 0.05859375
0 0.25390625 0.55078125 0.0625 0.0546875
0 0.09765625 0.64453125 0.0625 0.0546875
0 0.1640625 0.625 0.0703125 0.0546875
0 0.0390625 0.54296875 0.0390625 0.046875
0 0.083984375 0.52734375 0.046875 0.046875