0 0.068359375 0.646484375 0.064453125 0.044921875
0 0.078125 0.67578125 0.05859375 0.021484375
0 0.08984375 0.712890625 0.0546875 0.046875
0 0.119140625 0.83203125 0.05078125 0.04296875
0 0.1328125 0.857421875 0.056640625 0.03515625
0 0.15234375 0.896484375 0.0703125 0.0390625
0 0.166015625 0.935546875 0.05859375 0.04296875
0 0.068359375 0.484375 0.095703125 0.095703125
0 0.021484375 0.369140625 0.04296875 0.083984375
0 0.130859375 0.677734375 0.0625 0.072265625
0 0.193359375 0.837890625 0.080078125 0.080078125
0 0.423828125 0.58984375 0.0859375 0.103515625
0 0.57421875 0.83203125 0.09375 0.083984375
0 0.73046875 0.623046875 0.076171875 0.07421875
0 0.88671875 0.859375 0.091796875 0.095703125
0 0.896484375 0.37109375 0.07421875 0.087890625
0 0.736328125 0.12890625 0.103515625 0.09375
0 0.927734375 0.064453125 0.09765625 0.09375
0 0.552734375 0.400390625 0.080078125 0.087890625
0 0.318359375 0.337890625 0.09765625 0.083984375
0 0.421875 0.19921875 0.07421875 0.0703125
0 0.205078125 0.056640625 0.083984375 0.083984375
0 0.10546875 0.763671875 0.056640625 0.041015625
0 0.080078125 0.572265625 0.056640625 0.0546875