0 0.037109375 0.912109375 0.07421875 0.09765625
0 0.484375 0.78515625 0.1171875 0.107421875
0 0.580078125 0.986328125 0.103515625 0.02734375
0 0.796875 0.650390625 0.076171875 0.07421875
0 0.873046875 0.83984375 0.09765625 0.07421875
0 0.693359375 0.423828125 0.09375 0.083984375
0 0.60546875 0.13671875 0.1015625 0.087890625
0 0.36328125 0.283203125 0.11328125 0.1015625
0 0.283203125 0.021484375 0.08984375 0.041015625
0 0.974609375 0.171875 0.05078125 0.125
0 0.40625 0.505859375 0.12890625 0.107421875
0 0.392578125 0.880859375 0.064453125 0.037109375
0 0.408203125 0.93359375 0.0546875 0.052734375
0 0.427734375 0.98046875 0.0703125 0.0390625
0 0.369140625 0.85546875 0.048828125 0.0546875
0 0.34375 0.8203125 0.0546875 0.048828125
0 0.365234375 0.791015625 0.041015625 0.0390625
0 0.3359375 0.79296875 0.037109375 0.0390625
0 0.3515625 0.64453125 0.083984375 0.0625
0 0.36328125 0.693359375 0.056640625 0.07421875