0 0.13671875 0.55078125 0.12890625 0.10546875
0 0.048828125 0.4296875 0.0625 0.0546875
0 0.03515625 0.478515625 0.0625 0.0625
0 0.2890625 0.681640625 0.0859375 0.08203125
0 0.482421875 0.626953125 0.0625 0.05859375
0 0.5390625 0.5703125 0.1015625 0.0703125
0 0.537109375 0.625 0.06640625 0.06640625
0 0.615234375 0.6796875 0.078125 0.078125
0 0.66796875 0.76171875 0.078125 0.0546875
0 0.572265625 0.763671875 0.0859375 0.0703125
0 0.673828125 0.90625 0.1015625 0.1015625
0 0.6953125 0.802734375 0.0703125 0.0625
0 0.767578125 0.841796875 0.08203125 0.09375
0 0.40625 0.9453125 0.09375 0.08203125
0 0.109375 0.63671875 0.0625 0.0546875
0 0.3515625 0.814453125 0.109375 0.1015625