0 0.34765625 0.904296875 0.1171875 0.109375
0 0.341796875 0.68359375 0.07421875 0.08984375
0 0.25390625 0.654296875 0.0703125 0.06640625
0 0.35546875 0.537109375 0.09765625 0.09375
0 0.337890625 0.603515625 0.0703125 0.0546875
0 0.505859375 0.65234375 0.078125 0.0625
0 0.49609375 0.529296875 0.0703125 0.06640625
0 0.400390625 0.43359375 0.0859375 0.0859375
0 0.291015625 0.455078125 0.07421875 0.078125
0 0.333984375 0.34375 0.0546875 0.04296875
0 0.439453125 0.33203125 0.0859375 0.078125
0 0.478515625 0.03515625 0.06640625 0.0625
0 0.4609375 0.115234375 0.05859375 0.046875
0 0.390625 0.150390625 0.0859375 0.078125
0 0.345703125 0.05859375 0.0625 0.06640625
0 0.4296875 0.037109375 0.046875 0.05078125
0 0.505859375 0.865234375 0.07421875 0.0859375