0 0.77734375 0.287109375 0.05859375 0.0546875
0 0.728515625 0.408203125 0.0703125 0.0625
0 0.8125 0.1484375 0.0703125 0.0625
0 0.849609375 0.04296875 0.0703125 0.06640625
0 0.595703125 0.07421875 0.0859375 0.07421875
0 0.544921875 0.16796875 0.078125 0.0703125
0 0.4921875 0.263671875 0.078125 0.0703125
0 0.447265625 0.38671875 0.078125 0.0703125
0 0.419921875 0.51171875 0.078125 0.078125
0 0.380859375 0.62109375 0.0703125 0.0703125
0 0.3515625 0.71484375 0.08203125 0.078125
0 0.328125 0.826171875 0.078125 0.0859375
0 0.306640625 0.9375 0.0859375 0.078125
0 0.384765625 0.974609375 0.0703125 0.05078125
0 0.41015625 0.8203125 0.0625 0.078125
0 0.578125 0.953125 0.0625 0.06640625
0 0.638671875 0.94921875 0.0703125 0.078125
0 0.603515625 0.884765625 0.0546875 0.0625
0 0.63671875 0.8125 0.06640625 0.0625
0 0.66796875 0.875 0.0625 0.078125
0 0.720703125 0.880859375 0.078125 0.07421875
0 0.78515625 0.861328125 0.0546875 0.04296875
0 0.84765625 0.8046875 0.0546875 0.0625
0 0.884765625 0.7421875 0.05078125 0.0625
0 0.892578125 0.669921875 0.0546875 0.04296875
0 0.716796875 0.7890625 0.078125 0.078125
0 0.66015625 0.74609375 0.0625 0.0546875
0 0.689453125 0.66796875 0.06640625 0.0625
0 0.7578125 0.693359375 0.09375 0.08984375
0 0.802734375 0.60546875 0.08203125 0.08203125
0 0.71875 0.599609375 0.0546875 0.04296875
0 0.759765625 0.5234375 0.0625 0.0546875
0 0.83203125 0.52734375 0.078125 0.0859375
0 0.890625 0.525390625 0.0625 0.078125
0 0.888671875 0.4453125 0.06640625 0.0546875
0 0.798828125 0.447265625 0.0546875 0.05859375
0 0.818359375 0.369140625 0.09765625 0.08203125
0 0.857421875 0.28125 0.0703125 0.078125
0 0.974609375 0.078125 0.05078125 0.0703125
0 0.984375 0.033203125 0.03125 0.0625
0 0.93359375 0.14453125 0.078125 0.0703125
0 0.89453125 0.20703125 0.07421875 0.078125
0 0.96875 0.267578125 0.0546875 0.0546875
0 0.921875 0.36328125 0.09375 0.06640625