0 0.30078125 0.4453125 0.068359375 0.060546875
0 0.03515625 0.46875 0.0703125 0.05078125
0 0.0390625 0.41015625 0.07421875 0.056640625
0 0.021484375 0.58203125 0.04296875 0.056640625
0 0.029296875 0.5390625 0.041015625 0.03515625
0 0.291015625 0.546875 0.064453125 0.0546875
0 0.25390625 0.703125 0.0703125 0.048828125
0 0.255859375 0.904296875 0.05078125 0.0703125
0 0.2578125 0.802734375 0.0703125 0.076171875
0 0.0859375 0.89453125 0.05859375 0.07421875
0 0.263671875 0.12109375 0.056640625 0.072265625
0 0.25390625 0.033203125 0.056640625 0.048828125
0 0.02734375 0.31640625 0.0546875 0.044921875
0 0.015625 0.240234375 0.029296875 0.068359375
0 0.0546875 0.767578125 0.0390625 0.060546875