0 0.6015625 0.05078125 0.07421875 0.06640625
0 0.884765625 0.28515625 0.087890625 0.0859375
0 0.923828125 0.599609375 0.103515625 0.0859375
0 0.94140625 0.81640625 0.087890625 0.08984375
0 0.59375 0.126953125 0.064453125 0.056640625
0 0.6171875 0.208984375 0.072265625 0.068359375
0 0.642578125 0.369140625 0.078125 0.07421875
0 0.63671875 0.49609375 0.060546875 0.0546875
0 0.619140625 0.638671875 0.06640625 0.07421875
0 0.60546875 0.771484375 0.044921875 0.05078125
0 0.619140625 0.8359375 0.0703125 0.0546875
0 0.626953125 0.876953125 0.078125 0.056640625
0 0.654296875 0.93359375 0.076171875 0.064453125
0 0.67578125 0.984375 0.0859375 0.029296875