0 0.578125 0.19140625 0.072265625 0.05859375
0 0.59765625 0.265625 0.0859375 0.072265625
0 0.626953125 0.3359375 0.091796875 0.107421875
0 0.5703125 0.099609375 0.078125 0.06640625
0 0.63671875 0.42578125 0.0546875 0.0546875
0 0.654296875 0.517578125 0.0703125 0.0625
0 0.689453125 0.578125 0.05859375 0.046875
0 0.673828125 0.65625 0.052734375 0.068359375
0 0.67578125 0.75 0.06640625 0.06640625
0 0.673828125 0.814453125 0.068359375 0.06640625
0 0.677734375 0.873046875 0.0703125 0.05859375
0 0.685546875 0.919921875 0.083984375 0.041015625
0 0.703125 0.953125 0.0625 0.056640625
0 0.9765625 0.95703125 0.044921875 0.06640625