0 0.5546875 0.3515625 0.0625 0.0546875
0 0.53125 0.201171875 0.07421875 0.0703125
0 0.517578125 0.017578125 0.0625 0.03125
0 0.423828125 0.02734375 0.09375 0.0546875
0 0.4921875 0.0625 0.0546875 0.0546875
0 0.521484375 0.853515625 0.0703125 0.0546875
0 0.3671875 0.904296875 0.08984375 0.0703125
0 0.3359375 0.955078125 0.0703125 0.0546875
0 0.2734375 0.916015625 0.0625 0.0625
0 0.125 0.91796875 0.08984375 0.078125
0 0.83984375 0.69921875 0.0703125 0.06640625
0 0.681640625 0.779296875 0.078125 0.0703125
0 0.701171875 0.841796875 0.0546875 0.0390625
0 0.96875 0.875 0.05859375 0.05859375
0 0.978515625 0.53125 0.0390625 0.08203125
0 0.986328125 0.611328125 0.02734375 0.078125
0 0.52734375 0.734375 0.08984375 0.0625
0 0.595703125 0.75390625 0.0625 0.0625
0 0.611328125 0.708984375 0.0546875 0.0390625
0 0.498046875 0.978515625 0.05078125 0.03125
0 0.7109375 0.88671875 0.046875 0.0390625
0 0.765625 0.916015625 0.05078125 0.0390625
0 0.8125 0.8828125 0.046875 0.03515625
0 0.111328125 0.02734375 0.08984375 0.0546875
0 0.564453125 0.51171875 0.05078125 0.0703125
0 0.927734375 0.81640625 0.0703125 0.0625
0 0.3203125 0.0390625 0.078125 0.0703125