0 0.951171875 0.3203125 0.09375 0.15625
0 0.90625 0.9609375 0.0703125 0.0625
0 0.875 0.92578125 0.0703125 0.0546875
0 0.841796875 0.853515625 0.0859375 0.07421875
0 0.8046875 0.8046875 0.08203125 0.0625
0 0.783203125 0.734375 0.078125 0.0546875
0 0.57421875 0.794921875 0.09375 0.0703125
0 0.927734375 0.705078125 0.07421875 0.078125
0 0.98046875 0.791015625 0.0390625 0.09765625
0 0.962890625 0.650390625 0.07421875 0.10546875
0 0.9453125 0.55078125 0.07421875 0.08984375
0 0.88671875 0.587890625 0.0546875 0.08203125
0 0.8359375 0.611328125 0.0859375 0.078125
0 0.830078125 0.53125 0.06640625 0.078125
0 0.7734375 0.525390625 0.0625 0.05078125
0 0.78515625 0.4609375 0.0859375 0.0625
0 0.7890625 0.396484375 0.09765625 0.0859375
0 0.828125 0.337890625 0.08203125 0.08984375
0 0.91015625 0.4609375 0.078125 0.10546875
0 0.87109375 0.498046875 0.0625 0.0859375
0 0.837890625 0.263671875 0.078125 0.07421875
0 0.763671875 0.291015625 0.06640625 0.078125
0 0.6953125 0.29296875 0.078125 0.10546875
0 0.765625 0.208984375 0.0859375 0.08203125
0 0.673828125 0.458984375 0.078125 0.078125
0 0.560546875 0.365234375 0.0859375 0.078125
0 0.451171875 0.431640625 0.0859375 0.0703125
0 0.47265625 0.349609375 0.0703125 0.0703125
0 0.625 0.185546875 0.09375 0.08984375
0 0.5703125 0.25 0.08203125 0.08203125
0 0.6953125 0.103515625 0.08984375 0.0703125
0 0.71484375 0.02734375 0.078125 0.0546875
0 0.646484375 0.025390625 0.06640625 0.05078125
0 0.533203125 0.09375 0.078125 0.0625
0 0.490234375 0.029296875 0.08203125 0.05859375
0 0.44140625 0.10546875 0.0859375 0.1015625
0 0.494140625 0.22265625 0.09375 0.0859375
0 0.404296875 0.326171875 0.06640625 0.0703125
0 0.400390625 0.24609375 0.07421875 0.078125
0 0.326171875 0.150390625 0.1171875 0.09375
0 0.37109375 0.099609375 0.0703125 0.0625
0 0.34375 0.05078125 0.078125 0.078125
0 0.23828125 0.169921875 0.0546875 0.0546875
0 0.244140625 0.12109375 0.0625 0.0625
0 0.291015625 0.267578125 0.05859375 0.078125
0 0.3671875 0.37109375 0.078125 0.0625
0 0.62890625 0.537109375 0.0703125 0.0625
0 0.3515625 0.529296875 0.0859375 0.1015625
0 0.2734375 0.55859375 0.0859375 0.09375
0 0.244140625 0.48828125 0.0703125 0.0546875
0 0.123046875 0.38671875 0.09765625 0.09765625
0 0.1796875 0.30859375 0.0859375 0.109375
0 0.072265625 0.146484375 0.0859375 0.10546875
0 0.013671875 0.16796875 0.02734375 0.109375
0 0.3203125 0.880859375 0.0859375 0.1015625
0 0.263671875 0.9296875 0.0859375 0.078125
0 0.158203125 0.67578125 0.0859375 0.10546875
0 0.244140625 0.771484375 0.07421875 0.07421875
0 0.041015625 0.6640625 0.08203125 0.109375
0 0.11328125 0.763671875 0.078125 0.0703125
0 0.15234375 0.82421875 0.08203125 0.0625
0 0.20703125 0.865234375 0.08203125 0.078125
0 0.083984375 0.8828125 0.07421875 0.078125
0 0.03125 0.775390625 0.0625 0.08203125
0 0.060546875 0.96484375 0.0625 0.0625
0 0.021484375 0.919921875 0.04296875 0.078125
0 0.3046875 0.974609375 0.1015625 0.05078125
0 0.822265625 0.01953125 0.05078125 0.0390625
0 0.478515625 0.685546875 0.0625 0.1015625
0 0.75 0.69140625 0.046875 0.046875
0 0.712890625 0.642578125 0.0703125 0.0546875
0 0.7421875 0.06640625 0.07421875 0.0546875
0 0.025390625 0.02734375 0.05078125 0.0546875
0 0.12109375 0.05078125 0.0703125 0.0703125
0 0.138671875 0.48828125 0.0703125 0.08203125
0 0.103515625 0.52734375 0.0625 0.07421875