0 0.181640625 0.015625 0.083984375 0.029296875
0 0.189453125 0.05078125 0.08203125 0.048828125
0 0.201171875 0.0859375 0.068359375 0.04296875
0 0.208984375 0.126953125 0.0703125 0.04296875
0 0.216796875 0.1640625 0.06640625 0.044921875
0 0.228515625 0.205078125 0.064453125 0.04296875
0 0.234375 0.248046875 0.083984375 0.052734375
0 0.24609375 0.287109375 0.083984375 0.048828125
0 0.24609375 0.328125 0.072265625 0.041015625
0 0.255859375 0.376953125 0.068359375 0.052734375
0 0.2734375 0.41796875 0.072265625 0.052734375
0 0.287109375 0.44921875 0.0703125 0.041015625
0 0.298828125 0.482421875 0.0625 0.044921875
0 0.302734375 0.513671875 0.0625 0.033203125
0 0.3203125 0.55078125 0.087890625 0.048828125
0 0.341796875 0.583984375 0.068359375 0.046875
0 0.341796875 0.626953125 0.078125 0.05078125
0 0.3515625 0.671875 0.08203125 0.046875
0 0.37109375 0.71484375 0.078125 0.0546875
0 0.376953125 0.755859375 0.06640625 0.05078125
0 0.388671875 0.798828125 0.06640625 0.044921875
0 0.41015625 0.8359375 0.0703125 0.0546875
0 0.41796875 0.87109375 0.046875 0.0390625
0 0.435546875 0.904296875 0.0703125 0.044921875
0 0.4375 0.9296875 0.068359375 0.03515625
0 0.447265625 0.97265625 0.080078125 0.052734375