0 0.580078125 0.076171875 0.083984375 0.07421875
0 0.669921875 0.18359375 0.068359375 0.076171875
0 0.779296875 0.35546875 0.099609375 0.078125
0 0.8671875 0.494140625 0.099609375 0.080078125
0 0.94921875 0.611328125 0.080078125 0.087890625
0 0.82421875 0.66796875 0.078125 0.0625
0 0.74609375 0.587890625 0.064453125 0.078125
0 0.6953125 0.505859375 0.068359375 0.078125
0 0.64453125 0.41015625 0.060546875 0.06640625
0 0.58203125 0.330078125 0.0703125 0.07421875
0 0.5234375 0.244140625 0.080078125 0.06640625
0 0.48046875 0.162109375 0.064453125 0.080078125
0 0.443359375 0.078125 0.068359375 0.078125
0 0.390625 0.021484375 0.078125 0.04296875
0 0.37890625 0.091796875 0.0703125 0.05859375
0 0.39453125 0.150390625 0.083984375 0.052734375
0 0.419921875 0.201171875 0.0703125 0.04296875
0 0.41796875 0.255859375 0.07421875 0.046875
0 0.435546875 0.306640625 0.0703125 0.060546875
0 0.435546875 0.353515625 0.060546875 0.044921875
0 0.4609375 0.404296875 0.05859375 0.046875
0 0.46484375 0.45703125 0.072265625 0.044921875
0 0.49609375 0.51953125 0.080078125 0.0703125
0 0.515625 0.56640625 0.056640625 0.052734375
0 0.55859375 0.59375 0.0546875 0.052734375
0 0.603515625 0.615234375 0.05078125 0.060546875
0 0.646484375 0.6328125 0.0625 0.0546875
0 0.66796875 0.65234375 0.05078125 0.046875
0 0.69921875 0.685546875 0.048828125 0.060546875
0 0.740234375 0.69140625 0.05078125 0.05078125
0 0.794921875 0.7421875 0.064453125 0.0546875
0 0.876953125 0.74609375 0.080078125 0.076171875
0 0.93359375 0.6953125 0.0703125 0.052734375
0 0.837890625 0.8125 0.05078125 0.04296875
0 0.900390625 0.810546875 0.06640625 0.05859375
0 0.865234375 0.880859375 0.048828125 0.068359375
0 0.57421875 0.841796875 0.06640625 0.056640625
0 0.099609375 0.59375 0.09765625 0.109375
0 0.021484375 0.650390625 0.04296875 0.08203125
0 0.146484375 0.728515625 0.103515625 0.1015625
0 0.23046875 0.802734375 0.08984375 0.103515625
0 0.240234375 0.87890625 0.060546875 0.048828125
0 0.146484375 0.919921875 0.05078125 0.0390625
0 0.169921875 0.951171875 0.052734375 0.041015625
0 0.4140625 0.953125 0.1015625 0.09375
0 0.470703125 0.865234375 0.07421875 0.072265625
0 0.412109375 0.794921875 0.09375 0.1015625
0 0.330078125 0.822265625 0.09765625 0.103515625
0 0.259765625 0.70703125 0.064453125 0.0625
0 0.326171875 0.646484375 0.060546875 0.07421875
0 0.4453125 0.62109375 0.109375 0.080078125
0 0.380859375 0.662109375 0.0625 0.05859375
0 0.380859375 0.71484375 0.072265625 0.0625
0 0.55859375 0.916015625 0.08984375 0.099609375
0 0.62109375 0.9609375 0.0703125 0.078125
0 0.703125 0.970703125 0.095703125 0.05859375
0 0.921875 0.8984375 0.048828125 0.08203125
0 0.970703125 0.921875 0.05859375 0.09765625
0 0.83203125 0.873046875 0.044921875 0.07421875
0 0.796875 0.853515625 0.037109375 0.06640625
0 0.763671875 0.845703125 0.041015625 0.064453125
0 0.73046875 0.828125 0.033203125 0.056640625
0 0.705078125 0.8125 0.044921875 0.0625
0 0.66796875 0.802734375 0.04296875 0.05078125
0 0.6328125 0.796875 0.04296875 0.05859375
0 0.59765625 0.76171875 0.04296875 0.046875
0 0.634765625 0.916015625 0.05078125 0.04296875
0 0.61328125 0.876953125 0.060546875 0.05078125
0 0.4453125 0.693359375 0.060546875 0.060546875