0 0.126953125 0.5703125 0.05859375 0.0703125
0 0.1171875 0.69140625 0.0625 0.0546875
0 0.11328125 0.421875 0.05078125 0.0546875
0 0.109375 0.287109375 0.06640625 0.0625
0 0.099609375 0.14453125 0.0703125 0.05078125
0 0.09375 0.201171875 0.05859375 0.046875
0 0.130859375 0.826171875 0.0625 0.0703125
0 0.43359375 0.8515625 0.07421875 0.0625
0 0.4609375 0.927734375 0.078125 0.0703125
0 0.486328125 0.62890625 0.0546875 0.046875
0 0.44921875 0.62109375 0.046875 0.046875
0 0.458984375 0.490234375 0.046875 0.04296875
0 0.40625 0.4765625 0.078125 0.078125
0 0.43359375 0.447265625 0.046875 0.03515625
0 0.462890625 0.3828125 0.0625 0.05859375
0 0.474609375 0.2890625 0.06640625 0.0625
0 0.482421875 0.1875 0.0703125 0.0546875
0 0.458984375 0.126953125 0.09375 0.0703125
0 0.484375 0.07421875 0.0625 0.0625
0 0.404296875 0.201171875 0.078125 0.0703125
0 0.70703125 0.296875 0.0703125 0.0703125
0 0.736328125 0.046875 0.0625 0.05859375
0 0.564453125 0.03125 0.0625 0.0625
0 0.56640625 0.07421875 0.0390625 0.0390625
0 0.568359375 0.109375 0.046875 0.0390625
0 0.572265625 0.158203125 0.046875 0.0546875
0 0.541015625 0.173828125 0.04296875 0.0390625
0 0.568359375 0.205078125 0.0390625 0.03125
0 0.5703125 0.255859375 0.0390625 0.0390625
0 0.541015625 0.296875 0.078125 0.0703125
0 0.5234375 0.337890625 0.03125 0.03125
0 0.5546875 0.34375 0.04296875 0.03125
0 0.5625 0.3828125 0.046875 0.0390625
0 0.556640625 0.416015625 0.046875 0.0390625
0 0.556640625 0.47265625 0.046875 0.04296875
0 0.560546875 0.517578125 0.046875 0.046875
0 0.5625 0.5703125 0.0390625 0.046875
0 0.55859375 0.611328125 0.0703125 0.0546875
0 0.455078125 0.76953125 0.05078125 0.05859375
0 0.353515625 0.640625 0.0390625 0.0390625
0 0.353515625 0.67578125 0.0546875 0.046875
0 0.353515625 0.71484375 0.0546875 0.0390625
0 0.357421875 0.748046875 0.046875 0.03125
0 0.361328125 0.80078125 0.046875 0.046875
0 0.560546875 0.662109375 0.078125 0.046875
0 0.560546875 0.705078125 0.0625 0.0390625
0 0.55859375 0.751953125 0.0703125 0.0546875
0 0.55859375 0.8046875 0.0546875 0.046875
0 0.55859375 0.84765625 0.046875 0.046875
0 0.568359375 0.904296875 0.04296875 0.046875
0 0.5703125 0.947265625 0.046875 0.046875
0 0.37890625 0.015625 0.0703125 0.03125
0 0.384765625 0.04296875 0.0546875 0.02734375
0 0.390625 0.0703125 0.05078125 0.0390625
0 0.38671875 0.109375 0.0546875 0.03515625
0 0.3984375 0.14453125 0.0390625 0.0390625
0 0.33984375 0.15234375 0.0703125 0.05859375
0 0.388671875 0.263671875 0.05078125 0.0625
0 0.390625 0.318359375 0.03515625 0.0390625
0 0.380859375 0.34765625 0.046875 0.0390625
0 0.37109375 0.384765625 0.04296875 0.03125
0 0.3671875 0.416015625 0.0546875 0.0390625
0 0.353515625 0.6015625 0.04296875 0.046875
0 0.3125 0.830078125 0.03125 0.0390625
0 0.70703125 0.55078125 0.0546875 0.03515625
0 0.826171875 0.453125 0.078125 0.078125
0 0.8828125 0.263671875 0.08203125 0.0703125
0 0.8515625 0.7890625 0.078125 0.09375
0 0.708984375 0.8046875 0.078125 0.06640625
0 0.787109375 0.783203125 0.05859375 0.046875
0 0.771484375 0.744140625 0.0625 0.04296875
0 0.765625 0.6953125 0.046875 0.03125
0 0.78125 0.65234375 0.0546875 0.03125
0 0.76953125 0.591796875 0.046875 0.0390625
0 0.8515625 0.599609375 0.0625 0.0546875
0 0.982421875 0.662109375 0.03515625 0.046875
0 0.974609375 0.60546875 0.05078125 0.0390625
0 0.9765625 0.544921875 0.046875 0.0390625
0 0.9765625 0.767578125 0.046875 0.0390625
0 0.97265625 0.828125 0.0546875 0.0390625
0 0.724609375 0.8828125 0.0703125 0.0625
0 0.78125 0.857421875 0.046875 0.0625
0 0.80859375 0.892578125 0.05078125 0.0390625
0 0.67578125 0.853515625 0.03515625 0.03125
0 0.771484375 0.501953125 0.046875 0.046875
0 0.771484375 0.556640625 0.05078125 0.0390625
0 0.837890625 0.546875 0.0546875 0.05078125
0 0.75390625 0.4375 0.05078125 0.0390625
0 0.775390625 0.41015625 0.046875 0.03125
0 0.76953125 0.322265625 0.046875 0.0390625
0 0.779296875 0.3671875 0.0546875 0.04296875
0 0.765625 0.294921875 0.04296875 0.02734375
0 0.744140625 0.244140625 0.0703125 0.046875
0 0.763671875 0.212890625 0.0546875 0.03515625
0 0.76171875 0.171875 0.046875 0.03125
0 0.75 0.11328125 0.0546875 0.06640625
0 0.798828125 0.134765625 0.05078125 0.03125
0 0.79296875 0.09375 0.0546875 0.046875
0 0.03125 0.44921875 0.04296875 0.04296875
0 0.056640625 0.46875 0.0390625 0.01953125
0 0.970703125 0.720703125 0.05859375 0.0390625
0 0.767578125 0.931640625 0.0625 0.05078125
0 0.810546875 0.943359375 0.0625 0.02734375
0 0.771484375 0.96875 0.05859375 0.03125
0 0.724609375 0.95703125 0.0546875 0.0625
0 0.97265625 0.880859375 0.0546875 0.03515625
0 0.30859375 0.09375 0.0625 0.04296875
0 0.34765625 0.55859375 0.0546875 0.0390625
0 0.140625 0.97265625 0.09375 0.0546875