0 0.921875 0.294921875 0.078125 0.07421875
0 0.94921875 0.037109375 0.068359375 0.0625
0 0.8984375 0.56640625 0.048828125 0.0703125
0 0.8515625 0.572265625 0.05859375 0.041015625
0 0.845703125 0.779296875 0.060546875 0.05078125
0 0.8671875 0.8203125 0.048828125 0.048828125
0 0.939453125 0.8984375 0.04296875 0.048828125
0 0.931640625 0.943359375 0.048828125 0.0390625
0 0.919921875 0.9765625 0.05859375 0.046875
0 0.861328125 0.318359375 0.046875 0.0546875
0 0.638671875 0.373046875 0.041015625 0.0546875
0 0.755859375 0.017578125 0.052734375 0.03515625
0 0.79296875 0.029296875 0.044921875 0.046875
0 0.44140625 0.248046875 0.044921875 0.037109375
0 0.443359375 0.169921875 0.041015625 0.04296875
0 0.443359375 0.111328125 0.052734375 0.033203125
0 0.447265625 0.05078125 0.048828125 0.05078125