0 0.68359375 0.6171875 0.060546875 0.046875
0 0.630859375 0.68359375 0.044921875 0.048828125
0 0.634765625 0.76953125 0.0546875 0.072265625
0 0.60546875 0.8984375 0.044921875 0.068359375
0 0.607421875 0.966796875 0.033203125 0.06640625
0 0.654296875 0.322265625 0.04296875 0.046875
0 0.681640625 0.1796875 0.041015625 0.068359375
0 0.693359375 0.052734375 0.05859375 0.044921875
0 0.712890625 0.255859375 0.04296875 0.060546875
0 0.7109375 0.205078125 0.044921875 0.05078125
0 0.6953125 0.349609375 0.033203125 0.068359375
0 0.69921875 0.421875 0.041015625 0.052734375
0 0.646484375 0.841796875 0.044921875 0.037109375
0 0.65625 0.8046875 0.033203125 0.05078125
0 0.666015625 0.7578125 0.029296875 0.0390625
0 0.671875 0.716796875 0.041015625 0.0390625
0 0.6796875 0.671875 0.03125 0.03125
0 0.693359375 0.56640625 0.041015625 0.037109375
0 0.6953125 0.51953125 0.041015625 0.033203125
0 0.638671875 0.88671875 0.041015625 0.046875
0 0.626953125 0.931640625 0.029296875 0.05078125
0 0.62890625 0.974609375 0.0390625 0.0390625
0 0.65234375 0.4921875 0.048828125 0.041015625
0 0.64453125 0.404296875 0.052734375 0.041015625
0 0.673828125 0.267578125 0.052734375 0.05859375
0 0.728515625 0.1328125 0.05859375 0.048828125
0 0.654296875 0.5703125 0.033203125 0.03125
0 0.64453125 0.619140625 0.03515625 0.025390625
0 0.59375 0.84375 0.033203125 0.029296875
0 0.619140625 0.8515625 0.037109375 0.037109375