0 0.919921875 0.916015625 0.078125 0.08203125
0 0.8359375 0.8984375 0.078125 0.07421875
0 0.85546875 0.78125 0.078125 0.0859375
0 0.74609375 0.77734375 0.05859375 0.046875
0 0.814453125 0.634765625 0.078125 0.06640625
0 0.859375 0.638671875 0.04296875 0.046875
0 0.796875 0.708984375 0.07421875 0.05859375
0 0.884765625 0.978515625 0.0703125 0.04296875
0 0.732421875 0.640625 0.078125 0.1015625
0 0.763671875 0.546875 0.0625 0.078125
0 0.6640625 0.515625 0.078125 0.09375
0 0.86328125 0.541015625 0.0703125 0.0859375
0 0.638671875 0.287109375 0.09375 0.09765625
0 0.60546875 0.455078125 0.05859375 0.07421875
0 0.703125 0.419921875 0.05859375 0.0703125
0 0.529296875 0.119140625 0.0546875 0.0625
0 0.484375 0.17578125 0.08203125 0.09375
0 0.705078125 0.15234375 0.0546875 0.05078125
0 0.54296875 0.0234375 0.05078125 0.046875
0 0.642578125 0.181640625 0.05859375 0.0546875
0 0.63671875 0.22265625 0.0625 0.06640625
0 0.462890625 0.078125 0.05859375 0.06640625
0 0.43359375 0.02734375 0.0546875 0.0546875