0 0.607421875 0.11328125 0.056640625 0.0546875
0 0.82421875 0.115234375 0.078125 0.078125
0 0.689453125 0.244140625 0.095703125 0.1015625
0 0.767578125 0.306640625 0.076171875 0.076171875
0 0.84765625 0.591796875 0.06640625 0.068359375
0 0.9296875 0.865234375 0.060546875 0.08203125
0 0.85546875 0.8828125 0.0859375 0.06640625
0 0.802734375 0.904296875 0.05859375 0.056640625
0 0.703125 0.55078125 0.044921875 0.05859375
0 0.783203125 0.552734375 0.064453125 0.080078125
0 0.7421875 0.560546875 0.0390625 0.04296875
0 0.732421875 0.662109375 0.0625 0.046875