0 0.2265625 0.65234375 0.08984375 0.1015625
0 0.21484375 0.509765625 0.09765625 0.0859375
0 0.205078125 0.4375 0.1171875 0.078125
0 0.2265625 0.853515625 0.1015625 0.0859375
0 0.244140625 0.966796875 0.078125 0.0625
0 0.16015625 0.1328125 0.08203125 0.09375
0 0.9453125 0.3984375 0.0703125 0.06640625
0 0.716796875 0.708984375 0.0859375 0.1015625
0 0.736328125 0.365234375 0.078125 0.0703125
0 0.185546875 0.267578125 0.09375 0.078125
0 0.185546875 0.333984375 0.078125 0.0546875
0 0.138671875 0.0234375 0.09375 0.046875
0 0.4296875 0.0390625 0.0625 0.0703125
0 0.359375 0.021484375 0.0625 0.04296875
0 0.361328125 0.0546875 0.0390625 0.0390625