0 0.771484375 0.349609375 0.083984375 0.072265625
0 0.734375 0.228515625 0.06640625 0.072265625
0 0.69140625 0.125 0.083984375 0.068359375
0 0.826171875 0.470703125 0.0625 0.048828125
0 0.845703125 0.611328125 0.072265625 0.0703125
0 0.89453125 0.623046875 0.06640625 0.076171875
0 0.8984375 0.748046875 0.07421875 0.06640625
0 0.896484375 0.87890625 0.072265625 0.060546875
0 0.8828125 0.982421875 0.078125 0.03515625
0 0.373046875 0.64453125 0.046875 0.052734375
0 0.3671875 0.50390625 0.060546875 0.046875
0 0.126953125 0.5703125 0.05859375 0.0546875