0 0.654296875 0.11328125 0.060546875 0.056640625
0 0.63671875 0.04296875 0.060546875 0.046875
0 0.591796875 0.08984375 0.05859375 0.06640625
0 0.671875 0.21484375 0.04296875 0.041015625
0 0.640625 0.205078125 0.041015625 0.048828125
0 0.658203125 0.1640625 0.0625 0.060546875
0 0.880859375 0.068359375 0.078125 0.056640625
0 0.947265625 0.046875 0.07421875 0.05859375
0 0.953125 0.169921875 0.08984375 0.056640625
0 0.88671875 0.865234375 0.078125 0.0625
0 0.83203125 0.826171875 0.064453125 0.05078125
0 0.435546875 0.36328125 0.06640625 0.06640625
0 0.740234375 0.296875 0.0625 0.05078125
0 0.689453125 0.314453125 0.05078125 0.048828125
0 0.6640625 0.966796875 0.076171875 0.06640625
0 0.728515625 0.982421875 0.0546875 0.03515625
0 0.6640625 0.263671875 0.025390625 0.02734375
0 0.69140625 0.259765625 0.0390625 0.037109375
0 0.701171875 0.400390625 0.0546875 0.046875
0 0.720703125 0.455078125 0.05859375 0.0390625