0 0.310546875 0.71875 0.0859375 0.078125
0 0.423828125 0.740234375 0.1015625 0.0859375
0 0.544921875 0.806640625 0.09375 0.078125
0 0.408203125 0.5859375 0.0859375 0.1015625
0 0.521484375 0.5546875 0.078125 0.0859375
0 0.38671875 0.33984375 0.09375 0.10546875
0 0.16015625 0.357421875 0.0703125 0.06640625
0 0.087890625 0.17578125 0.1015625 0.1015625
0 0.1796875 0.109375 0.08203125 0.09375
0 0.26171875 0.23828125 0.0859375 0.0859375
0 0.349609375 0.18359375 0.09375 0.09375
0 0.2890625 0.052734375 0.1171875 0.0859375
0 0.4453125 0.10546875 0.0703125 0.0859375
0 0.521484375 0.1015625 0.08203125 0.0625
0 0.5390625 0.166015625 0.0859375 0.07421875
0 0.544921875 0.232421875 0.09375 0.078125
0 0.490234375 0.30859375 0.0859375 0.09375
0 0.568359375 0.306640625 0.08203125 0.08203125
0 0.7109375 0.541015625 0.0859375 0.078125
0 0.814453125 0.2578125 0.078125 0.0703125
0 0.80859375 0.185546875 0.0546875 0.0703125
0 0.8125 0.103515625 0.0546875 0.046875
0 0.796875 0.0390625 0.0703125 0.0703125
0 0.837890625 0.423828125 0.05859375 0.0703125
0 0.830078125 0.357421875 0.0546875 0.0546875
0 0.880859375 0.505859375 0.0546875 0.0546875
0 0.90625 0.546875 0.0390625 0.046875
0 0.919921875 0.5859375 0.0390625 0.03125
0 0.94921875 0.6328125 0.04296875 0.046875
0 0.974609375 0.67578125 0.0390625 0.046875
0 0.984375 0.740234375 0.03125 0.07421875
0 0.6953125 0.0703125 0.1171875 0.109375
0 0.6796875 0.150390625 0.09375 0.07421875
0 0.9453125 0.802734375 0.046875 0.06640625
0 0.599609375 0.421875 0.05078125 0.046875
0 0.599609375 0.490234375 0.05078125 0.03515625
0 0.603515625 0.51953125 0.046875 0.0234375
0 0.59765625 0.556640625 0.0390625 0.04296875
0 0.6640625 0.1875 0.03125 0.0390625
0 0.66015625 0.220703125 0.0234375 0.03125
0 0.658203125 0.25390625 0.0234375 0.0390625
0 0.65625 0.2890625 0.0234375 0.0390625
0 0.65234375 0.322265625 0.03125 0.03125
0 0.65234375 0.349609375 0.0234375 0.03125
0 0.650390625 0.376953125 0.0234375 0.03125
0 0.6484375 0.4140625 0.0234375 0.03125
0 0.650390625 0.451171875 0.0234375 0.03125
0 0.6484375 0.49609375 0.02734375 0.03125
0 0.650390625 0.529296875 0.03125 0.0234375
0 0.716796875 0.630859375 0.08203125 0.08203125
0 0.599609375 0.615234375 0.0390625 0.03515625
0 0.59375 0.640625 0.0390625 0.03125
0 0.59765625 0.669921875 0.0546875 0.03515625
0 0.59375 0.712890625 0.05078125 0.046875
0 0.619140625 0.986328125 0.0390625 0.0234375
0 0.625 0.953125 0.0390625 0.0234375
0 0.646484375 0.552734375 0.02734375 0.0234375
0 0.646484375 0.587890625 0.03125 0.046875
0 0.64453125 0.62109375 0.0390625 0.03125
0 0.642578125 0.6484375 0.02734375 0.03125
0 0.640625 0.67578125 0.02734375 0.03125
0 0.638671875 0.740234375 0.0390625 0.03125
0 0.634765625 0.779296875 0.0390625 0.0234375
0 0.634765625 0.80859375 0.03125 0.04296875
0 0.6328125 0.845703125 0.0390625 0.0390625
0 0.62890625 0.88671875 0.04296875 0.03515625
0 0.625 0.92578125 0.0546875 0.03125