0 0.263671875 0.4921875 0.06640625 0.05078125
0 0.314453125 0.638671875 0.0546875 0.060546875
0 0.4296875 0.736328125 0.04296875 0.037109375
0 0.517578125 0.810546875 0.064453125 0.05859375
0 0.6171875 0.80078125 0.068359375 0.06640625
0 0.607421875 0.8828125 0.072265625 0.06640625
0 0.6015625 0.95703125 0.068359375 0.056640625
0 0.6328125 0.50390625 0.078125 0.068359375
0 0.609375 0.41796875 0.068359375 0.080078125
0 0.58203125 0.359375 0.087890625 0.072265625
0 0.576171875 0.294921875 0.076171875 0.056640625
0 0.505859375 0.14453125 0.08203125 0.072265625
0 0.703125 0.1171875 0.072265625 0.0859375
0 0.056640625 0.08984375 0.07421875 0.0703125
0 0.796875 0.4140625 0.080078125 0.087890625
0 0.81640625 0.697265625 0.09765625 0.111328125
0 0.97265625 0.16015625 0.0546875 0.08203125
0 0.458984375 0.017578125 0.07421875 0.03515625
0 0.533203125 0.216796875 0.06640625 0.064453125