0 0.158203125 0.37890625 0.0625 0.064453125
0 0.205078125 0.44140625 0.083984375 0.078125
0 0.265625 0.505859375 0.060546875 0.060546875
0 0.095703125 0.369140625 0.048828125 0.048828125
0 0.083984375 0.3125 0.078125 0.068359375
0 0.02734375 0.392578125 0.0546875 0.087890625
0 0.08203125 0.45703125 0.083984375 0.076171875
0 0.07421875 0.548828125 0.0703125 0.083984375
0 0.14453125 0.615234375 0.064453125 0.033203125
0 0.13671875 0.646484375 0.0859375 0.048828125
0 0.26171875 0.69140625 0.064453125 0.064453125
0 0.2109375 0.72265625 0.087890625 0.0703125
0 0.29296875 0.841796875 0.068359375 0.064453125
0 0.330078125 0.884765625 0.0703125 0.0546875
0 0.392578125 0.83984375 0.068359375 0.0703125
0 0.41796875 0.724609375 0.064453125 0.064453125
0 0.458984375 0.787109375 0.052734375 0.052734375
0 0.3828125 0.919921875 0.0859375 0.05859375
0 0.447265625 0.921875 0.0546875 0.068359375
0 0.5625 0.9296875 0.0703125 0.05859375
0 0.408203125 0.974609375 0.08203125 0.05078125
0 0.49609375 0.982421875 0.05859375 0.03515625
0 0.287109375 0.962890625 0.0625 0.05078125
0 0.015625 0.6328125 0.029296875 0.048828125
0 0.015625 0.580078125 0.029296875 0.044921875
0 0.494140625 0.849609375 0.078125 0.0625