0 0.662109375 0.412109375 0.0546875 0.0546875
0 0.69140625 0.453125 0.0546875 0.046875
0 0.716796875 0.498046875 0.0703125 0.05859375
0 0.751953125 0.544921875 0.0625 0.0546875
0 0.78125 0.603515625 0.0625 0.0625
0 0.8203125 0.67578125 0.078125 0.0703125
0 0.86328125 0.740234375 0.0625 0.0625
0 0.91015625 0.822265625 0.1015625 0.09765625
0 0.9453125 0.68359375 0.0546875 0.03515625
0 0.953125 0.6484375 0.0703125 0.046875
0 0.54296875 0.166015625 0.05859375 0.0625
0 0.48828125 0.1640625 0.08203125 0.0546875
0 0.02734375 0.9453125 0.05078125 0.05859375
0 0.951171875 0.4296875 0.0625 0.046875
0 0.775390625 0.328125 0.0859375 0.0703125
0 0.955078125 0.12109375 0.0625 0.0546875
0 0.91015625 0.076171875 0.0703125 0.0546875
0 0.837890625 0.0234375 0.07421875 0.046875
0 0.984375 0.056640625 0.03125 0.05859375
0 0.98046875 0.19921875 0.0390625 0.0625
0 0.96484375 0.568359375 0.05859375 0.0546875
0 0.935546875 0.54296875 0.046875 0.046875
0 0.91015625 0.568359375 0.0625 0.05859375
0 0.8828125 0.490234375 0.0625 0.046875
0 0.84765625 0.423828125 0.0546875 0.0390625
0 0.859375 0.455078125 0.0625 0.05078125
0 0.822265625 0.48828125 0.0625 0.06640625
0 0.861328125 0.541015625 0.05078125 0.046875
0 0.134765625 0.4453125 0.05859375 0.0625