0 0.8515625 0.24609375 0.078125 0.1015625
0 0.419921875 0.291015625 0.08984375 0.0625
0 0.412109375 0.228515625 0.08203125 0.0546875
0 0.42578125 0.103515625 0.0625 0.04296875
0 0.400390625 0.03515625 0.0625 0.0703125
0 0.978515625 0.34765625 0.0390625 0.06640625
0 0.958984375 0.046875 0.07421875 0.0859375
0 0.93359375 0.890625 0.0859375 0.08203125
0 0.84765625 0.611328125 0.0859375 0.06640625
0 0.86328125 0.546875 0.0546875 0.0546875
0 0.900390625 0.953125 0.078125 0.08203125
0 0.908203125 0.275390625 0.0703125 0.0859375