0 0.458984375 0.80859375 0.0703125 0.0703125
0 0.419921875 0.703125 0.0625 0.0703125
0 0.37109375 0.583984375 0.0625 0.0703125
0 0.330078125 0.490234375 0.0625 0.0625
0 0.5859375 0.232421875 0.0546875 0.0546875
0 0.58984375 0.3125 0.0546875 0.05078125
0 0.576171875 0.15234375 0.078125 0.0546875
0 0.541015625 0.0703125 0.08203125 0.0546875
0 0.46484375 0.015625 0.05859375 0.03125
0 0.40625 0.228515625 0.0859375 0.078125
0 0.4765625 0.4609375 0.09765625 0.09375
0 0.5390625 0.685546875 0.09375 0.0859375
0 0.62109375 0.634765625 0.078125 0.09375
0 0.58203125 0.830078125 0.09375 0.07421875
0 0.59765625 0.404296875 0.07421875 0.0625
0 0.619140625 0.482421875 0.0625 0.0546875
0 0.759765625 0.865234375 0.12890625 0.12890625