0 0.134765625 0.388671875 0.060546875 0.046875
0 0.1328125 0.341796875 0.044921875 0.0390625
0 0.12890625 0.294921875 0.044921875 0.041015625
0 0.1328125 0.271484375 0.037109375 0.03515625
0 0.142578125 0.232421875 0.048828125 0.01953125
0 0.158203125 0.205078125 0.044921875 0.04296875
0 0.171875 0.16796875 0.041015625 0.037109375
0 0.185546875 0.12890625 0.048828125 0.04296875
0 0.189453125 0.08984375 0.052734375 0.03125
0 0.24609375 0.046875 0.076171875 0.064453125
0 0.205078125 0.052734375 0.044921875 0.033203125
0 0.205078125 0.01953125 0.0390625 0.0390625
0 0.306640625 0.03125 0.06640625 0.0625
0 0.201171875 0.3828125 0.080078125 0.060546875
0 0.130859375 0.4296875 0.052734375 0.04296875
0 0.1328125 0.474609375 0.0546875 0.05078125
0 0.03515625 0.67578125 0.0703125 0.08984375
0 0.01953125 0.416015625 0.0390625 0.05078125
0 0.01171875 0.09375 0.0234375 0.046875
0 0.025390625 0.03125 0.048828125 0.0625
0 0.275390625 0.65625 0.05859375 0.0703125
0 0.21484375 0.658203125 0.0703125 0.072265625
0 0.23828125 0.884765625 0.07421875 0.08203125
0 0.1953125 0.873046875 0.052734375 0.04296875
0 0.271484375 0.330078125 0.0625 0.060546875
0 0.30078125 0.54296875 0.068359375 0.072265625
0 0.44921875 0.01171875 0.0390625 0.0234375
0 0.458984375 0.041015625 0.04296875 0.041015625
0 0.447265625 0.076171875 0.0390625 0.04296875
0 0.439453125 0.09765625 0.041015625 0.021484375
0 0.4375 0.126953125 0.046875 0.03515625
0 0.4296875 0.169921875 0.048828125 0.056640625
0 0.427734375 0.21484375 0.048828125 0.03515625
0 0.4140625 0.25390625 0.056640625 0.05078125
0 0.4140625 0.298828125 0.052734375 0.0546875
0 0.408203125 0.34765625 0.0546875 0.046875
0 0.404296875 0.392578125 0.05078125 0.05078125
0 0.390625 0.431640625 0.044921875 0.044921875
0 0.38671875 0.478515625 0.052734375 0.046875
0 0.376953125 0.525390625 0.052734375 0.048828125
0 0.38671875 0.57421875 0.048828125 0.05859375
0 0.376953125 0.61328125 0.046875 0.048828125
0 0.37890625 0.666015625 0.046875 0.05078125
0 0.37890625 0.712890625 0.05078125 0.03515625
0 0.380859375 0.7578125 0.041015625 0.0390625
0 0.37890625 0.80859375 0.046875 0.044921875
0 0.3828125 0.849609375 0.0546875 0.041015625
0 0.3828125 0.8828125 0.056640625 0.044921875
0 0.392578125 0.912109375 0.048828125 0.046875
0 0.376953125 0.95703125 0.037109375 0.056640625
0 0.52734375 0.140625 0.068359375 0.07421875
0 0.56640625 0.271484375 0.060546875 0.044921875
0 0.591796875 0.162109375 0.052734375 0.0546875
0 0.6171875 0.07421875 0.072265625 0.07421875
0 0.55859375 0.34375 0.0703125 0.056640625
0 0.54296875 0.38671875 0.06640625 0.064453125
0 0.51171875 0.525390625 0.06640625 0.078125
0 0.564453125 0.5390625 0.046875 0.044921875
0 0.505859375 0.646484375 0.076171875 0.060546875
0 0.50390625 0.724609375 0.068359375 0.0625
0 0.521484375 0.81640625 0.0546875 0.06640625
0 0.5390625 0.892578125 0.06640625 0.056640625
0 0.578125 0.974609375 0.064453125 0.048828125
0 0.97265625 0.4609375 0.052734375 0.0625
0 0.96875 0.58984375 0.0625 0.078125
0 0.96484375 0.6875 0.068359375 0.0703125
0 0.98046875 0.78125 0.0390625 0.078125
0 0.796875 0.49609375 0.07421875 0.056640625
0 0.763671875 0.462890625 0.03515625 0.033203125
0 0.982421875 0.337890625 0.033203125 0.078125
0 0.85546875 0.259765625 0.064453125 0.060546875
0 0.7265625 0.22265625 0.0703125 0.083984375
0 0.689453125 0.384765625 0.083984375 0.08203125
0 0.6796875 0.46484375 0.080078125 0.08984375
0 0.658203125 0.73828125 0.087890625 0.078125
0 0.78125 0.0234375 0.05859375 0.041015625
0 0.7578125 0.013671875 0.044921875 0.025390625
0 0.767578125 0.072265625 0.064453125 0.046875
0 0.765625 0.115234375 0.06640625 0.046875
0 0.7578125 0.140625 0.05859375 0.037109375
0 0.75390625 0.169921875 0.05859375 0.052734375
0 0.712890625 0.296875 0.060546875 0.05078125
0 0.73046875 0.265625 0.0625 0.0390625
0 0.638671875 0.4921875 0.048828125 0.03515625
0 0.642578125 0.529296875 0.056640625 0.0390625
0 0.634765625 0.560546875 0.046875 0.03515625
0 0.6328125 0.587890625 0.05078125 0.041015625
0 0.6328125 0.62890625 0.048828125 0.048828125
0 0.640625 0.673828125 0.064453125 0.037109375
0 0.662109375 0.7890625 0.052734375 0.033203125
0 0.681640625 0.826171875 0.05078125 0.0390625
0 0.703125 0.857421875 0.048828125 0.03125
0 0.70703125 0.880859375 0.046875 0.021484375
0 0.7265625 0.912109375 0.0546875 0.033203125
0 0.734375 0.9453125 0.046875 0.0390625
0 0.767578125 0.98828125 0.052734375 0.0234375
0 0.765625 0.345703125 0.0546875 0.052734375
0 0.314453125 0.208984375 0.068359375 0.0390625
0 0.380859375 0.12109375 0.0546875 0.05859375
0 0.025390625 0.1640625 0.05078125 0.1015625