0 0.806640625 0.375 0.06640625 0.0625
0 0.822265625 0.28515625 0.06640625 0.06640625
0 0.830078125 0.208984375 0.064453125 0.05078125
0 0.837890625 0.115234375 0.0625 0.076171875
0 0.796875 0.458984375 0.0703125 0.07421875
0 0.79296875 0.544921875 0.078125 0.072265625
0 0.7890625 0.70703125 0.0703125 0.060546875
0 0.78515625 0.783203125 0.076171875 0.056640625
0 0.779296875 0.947265625 0.07421875 0.064453125
0 0.783203125 0.865234375 0.060546875 0.056640625
0 0.82421875 0.02734375 0.07421875 0.0546875