0 0.873046875 0.953125 0.0625 0.046875
0 0.865234375 0.904296875 0.0546875 0.05078125
0 0.85546875 0.857421875 0.0546875 0.046875
0 0.84765625 0.81640625 0.046875 0.03125
0 0.82421875 0.705078125 0.05859375 0.05859375
0 0.814453125 0.658203125 0.0546875 0.03515625
0 0.81640625 0.59375 0.05859375 0.046875
0 0.806640625 0.541015625 0.0546875 0.046875
0 0.791015625 0.48828125 0.0625 0.05859375
0 0.787109375 0.439453125 0.0625 0.04296875
0 0.78125 0.392578125 0.0703125 0.0390625
0 0.759765625 0.30078125 0.046875 0.03125
0 0.787109375 0.318359375 0.0390625 0.0390625
0 0.7734375 0.35546875 0.05078125 0.03515625
0 0.75 0.251953125 0.05859375 0.04296875
0 0.814453125 0.232421875 0.046875 0.046875
0 0.73828125 0.19921875 0.07421875 0.0546875
0 0.736328125 0.1484375 0.0546875 0.0546875
0 0.70703125 0.05859375 0.046875 0.046875
0 0.6875 0.017578125 0.0546875 0.03515625
0 0.787109375 0.880859375 0.0546875 0.0546875
0 0.796875 0.931640625 0.0625 0.04296875
0 0.8046875 0.9765625 0.0703125 0.046875
0 0.763671875 0.783203125 0.0546875 0.0390625
0 0.779296875 0.82421875 0.0625 0.046875
0 0.76171875 0.728515625 0.0546875 0.06640625
0 0.322265625 0.62890625 0.05078125 0.046875
0 0.3203125 0.685546875 0.0390625 0.046875
0 0.328125 0.7265625 0.0546875 0.0546875
0 0.330078125 0.7734375 0.05078125 0.046875
0 0.33203125 0.865234375 0.0390625 0.046875
0 0.310546875 0.91015625 0.0390625 0.046875
0 0.259765625 0.962890625 0.0625 0.046875
0 0.31640625 0.982421875 0.046875 0.03515625
0 0.314453125 0.58203125 0.046875 0.04296875
0 0.306640625 0.53515625 0.0546875 0.0546875
0 0.296875 0.490234375 0.05859375 0.0546875
0 0.28515625 0.443359375 0.0546875 0.0390625
0 0.291015625 0.40234375 0.046875 0.046875
0 0.283203125 0.361328125 0.04296875 0.046875
0 0.271484375 0.31640625 0.04296875 0.0390625
0 0.248046875 0.267578125 0.0546875 0.046875
0 0.234375 0.228515625 0.04296875 0.03125
0 0.22265625 0.189453125 0.0390625 0.03125
0 0.2578125 0.142578125 0.0546875 0.04296875
0 0.20703125 0.14453125 0.05078125 0.0546875
0 0.1953125 0.09375 0.0546875 0.0546875
0 0.1328125 0.087890625 0.046875 0.0625
0 0.283203125 0.779296875 0.046875 0.05078125
0 0.2890625 0.8359375 0.0546875 0.0625
0 0.330078125 0.8203125 0.0546875 0.0546875
0 0.2421875 0.91796875 0.0546875 0.0546875
0 0.830078125 0.75 0.09375 0.078125
0 0.28125 0.72265625 0.06640625 0.078125
0 0.25 0.388671875 0.0234375 0.04296875
0 0.234375 0.3515625 0.07421875 0.0546875
0 0.533203125 0.4765625 0.0703125 0.046875
0 0.21484375 0.302734375 0.09765625 0.0703125
0 0.19140625 0.24609375 0.07421875 0.0546875
0 0.16015625 0.1953125 0.11328125 0.0546875
0 0.15625 0.142578125 0.0625 0.046875