0 0.19921875 0.8203125 0.09375 0.0703125
0 0.140625 0.7421875 0.078125 0.06640625
0 0.0703125 0.732421875 0.07421875 0.078125
0 0.03515625 0.669921875 0.0546875 0.046875
0 0.091796875 0.681640625 0.078125 0.05078125
0 0.134765625 0.62890625 0.0703125 0.07421875
0 0.095703125 0.47265625 0.06640625 0.0625
0 0.0390625 0.568359375 0.06640625 0.05078125
0 0.068359375 0.35546875 0.1015625 0.0859375
0 0.05078125 0.1953125 0.1015625 0.10546875
0 0.03125 0.05078125 0.0546875 0.08984375
0 0.23046875 0.552734375 0.0625 0.05078125
0 0.24609375 0.6953125 0.0859375 0.08203125
0 0.22265625 0.9375 0.09765625 0.0703125
0 0.330078125 0.943359375 0.0625 0.0546875
0 0.3359375 0.982421875 0.078125 0.03515625
0 0.396484375 0.912109375 0.078125 0.0625
0 0.4296875 0.986328125 0.0546875 0.0234375
0 0.349609375 0.8671875 0.0625 0.0625
0 0.35546875 0.783203125 0.0859375 0.08984375
0 0.365234375 0.6796875 0.0859375 0.08203125
0 0.36328125 0.59375 0.09375 0.0703125
0 0.400390625 0.537109375 0.07421875 0.05078125
0 0.359375 0.50390625 0.0546875 0.05859375
0 0.3203125 0.31640625 0.0703125 0.0703125
0 0.333984375 0.41015625 0.0859375 0.0859375
0 0.33203125 0.10546875 0.078125 0.0625
0 0.298828125 0.068359375 0.04296875 0.0390625
0 0.3046875 0.15625 0.0546875 0.0546875
0 0.453125 0.22265625 0.0703125 0.0703125
0 0.43359375 0.15234375 0.08203125 0.06640625
0 0.4140625 0.060546875 0.078125 0.078125
0 0.623046875 0.033203125 0.0703125 0.0625
0 0.96484375 0.306640625 0.0625 0.0703125
0 0.58203125 0.767578125 0.0859375 0.0546875
0 0.599609375 0.845703125 0.078125 0.0703125
0 0.625 0.9375 0.0625 0.0625
0 0.513671875 0.048828125 0.06640625 0.05859375
0 0.52734375 0.021484375 0.078125 0.0390625
0 0.517578125 0.1015625 0.078125 0.05859375
0 0.51953125 0.158203125 0.0546875 0.0546875
0 0.5234375 0.21484375 0.06640625 0.0625
0 0.51953125 0.26171875 0.06640625 0.0546875
0 0.52734375 0.322265625 0.0703125 0.0546875
0 0.517578125 0.375 0.0703125 0.0546875
0 0.521484375 0.44140625 0.078125 0.0546875
0 0.521484375 0.494140625 0.0703125 0.05078125
0 0.525390625 0.541015625 0.0703125 0.04296875
0 0.52734375 0.580078125 0.0859375 0.0390625
0 0.48828125 0.62109375 0.0546875 0.04296875
0 0.4765625 0.65234375 0.0546875 0.046875
0 0.509765625 0.685546875 0.0625 0.0546875
0 0.52734375 0.8515625 0.0625 0.0625
0 0.494140625 0.76171875 0.0546875 0.04296875
0 0.53125 0.88671875 0.0625 0.0546875
0 0.53515625 0.94140625 0.05859375 0.0625
0 0.54296875 0.978515625 0.0546875 0.04296875