0 0.619140625 0.390625 0.06640625 0.09765625
0 0.58984375 0.53125 0.072265625 0.080078125
0 0.580078125 0.71875 0.08203125 0.08203125
0 0.5625 0.88671875 0.07421875 0.083984375
0 0.544921875 0.953125 0.09765625 0.09375
0 0.478515625 0.7890625 0.076171875 0.056640625
0 0.4453125 0.626953125 0.07421875 0.078125
0 0.591796875 0.22265625 0.068359375 0.06640625
0 0.591796875 0.294921875 0.08203125 0.0625
0 0.66015625 0.212890625 0.060546875 0.068359375
0 0.486328125 0.099609375 0.064453125 0.07421875
0 0.572265625 0.140625 0.078125 0.072265625
0 0.57421875 0.078125 0.07421875 0.068359375
0 0.501953125 0.029296875 0.060546875 0.048828125
0 0.4921875 0.423828125 0.091796875 0.078125
0 0.494140625 0.36328125 0.0859375 0.048828125
0 0.876953125 0.177734375 0.091796875 0.1015625
0 0.89453125 0.087890625 0.07421875 0.056640625
0 0.94140625 0.1484375 0.052734375 0.068359375
0 0.83203125 0.25390625 0.060546875 0.0625
0 0.84375 0.30078125 0.04296875 0.048828125
0 0.013671875 0.37109375 0.02734375 0.046875
0 0.021484375 0.126953125 0.04296875 0.060546875
0 0.01171875 0.177734375 0.0234375 0.04296875
0 0.021484375 0.6015625 0.04296875 0.056640625
0 0.017578125 0.53125 0.03515625 0.0625
0 0.0625 0.783203125 0.07421875 0.0625