0 0.4921875 0.4921875 0.076171875 0.06640625
0 0.392578125 0.3359375 0.078125 0.07421875
0 0.30859375 0.185546875 0.068359375 0.0703125
0 0.578125 0.650390625 0.078125 0.07421875
0 0.7109375 0.853515625 0.0703125 0.068359375
0 0.6484375 0.857421875 0.080078125 0.076171875
0 0.955078125 0.962890625 0.08203125 0.07421875
0 0.845703125 0.779296875 0.0703125 0.076171875
0 0.755859375 0.60546875 0.076171875 0.072265625
0 0.662109375 0.4453125 0.068359375 0.0703125
0 0.927734375 0.396484375 0.076171875 0.078125
0 0.94921875 0.0859375 0.0546875 0.0546875
0 0.90234375 0.015625 0.05078125 0.029296875
0 0.71875 0.208984375 0.078125 0.083984375
0 0.55078125 0.28125 0.080078125 0.0703125
0 0.484375 0.169921875 0.08984375 0.0859375
0 0.396484375 0.0234375 0.08984375 0.046875
0 0.150390625 0.1953125 0.091796875 0.0703125
0 0.017578125 0.09375 0.03515625 0.072265625
0 0.2734375 0.42578125 0.1171875 0.099609375
0 0.30859375 0.65234375 0.103515625 0.091796875
0 0.431640625 0.6953125 0.09375 0.072265625
0 0.5703125 0.912109375 0.140625 0.13671875
0 0.4140625 0.8984375 0.099609375 0.10546875
0 0.23828125 0.80078125 0.1015625 0.099609375
0 0.154296875 0.869140625 0.09765625 0.103515625
0 0.072265625 0.86328125 0.072265625 0.07421875
0 0.013671875 0.6796875 0.02734375 0.056640625
0 0.064453125 0.640625 0.09375 0.095703125
0 0.060546875 0.55078125 0.080078125 0.091796875
0 0.013671875 0.435546875 0.025390625 0.087890625
0 0.072265625 0.380859375 0.09375 0.09375
0 0.16796875 0.38671875 0.06640625 0.064453125
0 0.1484375 0.126953125 0.05859375 0.052734375
0 0.216796875 0.2578125 0.064453125 0.037109375
0 0.19921875 0.2265625 0.052734375 0.0390625
0 0.244140625 0.291015625 0.0703125 0.0390625
0 0.265625 0.322265625 0.0625 0.0390625
0 0.33203125 0.45703125 0.072265625 0.04296875
0 0.35546875 0.4921875 0.060546875 0.044921875
0 0.373046875 0.525390625 0.0625 0.037109375
0 0.380859375 0.564453125 0.052734375 0.05078125
0 0.40625 0.537109375 0.0546875 0.04296875
0 0.41796875 0.5703125 0.060546875 0.044921875
0 0.43359375 0.62890625 0.0625 0.037109375
0 0.470703125 0.7109375 0.048828125 0.03515625
0 0.509765625 0.744140625 0.078125 0.033203125
0 0.513671875 0.77734375 0.07421875 0.044921875
0 0.53515625 0.81640625 0.080078125 0.060546875