0 0.52734375 0.98046875 0.0546875 0.0390625
0 0.525390625 0.94921875 0.05078125 0.0390625
0 0.51953125 0.908203125 0.05078125 0.03515625
0 0.52734375 0.876953125 0.06640625 0.0390625
0 0.5234375 0.83203125 0.078125 0.0546875
0 0.521484375 0.794921875 0.04296875 0.01953125
0 0.521484375 0.759765625 0.05078125 0.0234375
0 0.513671875 0.7421875 0.05078125 0.03125
0 0.521484375 0.7109375 0.05078125 0.0234375
0 0.517578125 0.693359375 0.0390625 0.015625
0 0.525390625 0.669921875 0.03125 0.03125
0 0.541015625 0.646484375 0.0390625 0.03125
0 0.544921875 0.626953125 0.0390625 0.0234375
0 0.560546875 0.60546875 0.0390625 0.0390625
0 0.5546875 0.578125 0.046875 0.0234375
0 0.552734375 0.541015625 0.046875 0.04296875
0 0.55078125 0.51953125 0.05078125 0.03125
0 0.537109375 0.490234375 0.046875 0.03515625
0 0.5390625 0.462890625 0.046875 0.0234375
0 0.5390625 0.431640625 0.05078125 0.03125
0 0.53515625 0.396484375 0.046875 0.046875
0 0.529296875 0.361328125 0.046875 0.0390625
0 0.53125 0.322265625 0.0546875 0.0546875
0 0.515625 0.259765625 0.0390625 0.0390625
0 0.515625 0.294921875 0.03125 0.03125
0 0.517578125 0.23046875 0.03125 0.03125
0 0.509765625 0.19140625 0.046875 0.04296875
0 0.509765625 0.150390625 0.05859375 0.046875
0 0.50390625 0.11328125 0.03515625 0.03515625
0 0.5 0.080078125 0.0390625 0.0390625
0 0.5 0.048828125 0.03125 0.03125
0 0.697265625 0.46875 0.07421875 0.05859375
0 0.701171875 0.7265625 0.0703125 0.0625
0 0.841796875 0.826171875 0.109375 0.0859375
0 0.73828125 0.798828125 0.0859375 0.0859375
0 0.693359375 0.966796875 0.08203125 0.06640625
0 0.857421875 0.609375 0.08984375 0.078125
0 0.849609375 0.421875 0.08203125 0.0625
0 0.77734375 0.515625 0.0390625 0.05078125
0 0.751953125 0.62109375 0.078125 0.0859375
0 0.962890625 0.759765625 0.05859375 0.06640625
0 0.91796875 0.16796875 0.09765625 0.0859375
0 0.69140625 0.189453125 0.0625 0.0703125
0 0.775390625 0.3671875 0.046875 0.046875
0 0.900390625 0.96875 0.0546875 0.0390625
0 0.3671875 0.9375 0.0625 0.0703125
0 0.369140625 0.822265625 0.0625 0.04296875
0 0.365234375 0.75 0.05859375 0.05859375
0 0.37109375 0.6328125 0.05859375 0.046875
0 0.349609375 0.5703125 0.0625 0.0546875
0 0.33984375 0.494140625 0.0625 0.0625
0 0.330078125 0.42578125 0.0625 0.046875
0 0.265625 0.419921875 0.0546875 0.04296875
0 0.326171875 0.31640625 0.046875 0.05859375
0 0.322265625 0.24609375 0.0703125 0.05078125
0 0.306640625 0.1875 0.0703125 0.046875
0 0.294921875 0.140625 0.0546875 0.04296875
0 0.28515625 0.09375 0.0625 0.05859375
0 0.27734375 0.029296875 0.0625 0.046875
0 0.21484375 0.91015625 0.0859375 0.0703125
0 0.19921875 0.859375 0.05078125 0.046875
0 0.19140625 0.80078125 0.046875 0.03125
0 0.197265625 0.76953125 0.0390625 0.03125
0 0.19921875 0.734375 0.0390625 0.046875
0 0.095703125 0.953125 0.0546875 0.0703125
0 0.2109375 0.97265625 0.06640625 0.0546875
0 0.189453125 0.654296875 0.09375 0.0625
0 0.08984375 0.365234375 0.0859375 0.0625
0 0.15625 0.349609375 0.0546875 0.03125
0 0.220703125 0.265625 0.07421875 0.0546875
0 0.158203125 0.193359375 0.0625 0.05078125
0 0.271484375 0.310546875 0.0390625 0.02734375
0 0.109375 0.46875 0.0546875 0.0546875
0 0.16015625 0.45703125 0.03125 0.0390625
0 0.142578125 0.578125 0.0390625 0.0546875
0 0.033203125 0.07421875 0.06640625 0.0703125
0 0.826171875 0.927734375 0.0390625 0.0546875
0 0.76171875 0.9375 0.046875 0.03515625
0 0.75 0.900390625 0.03515625 0.03125
0 0.87109375 0.927734375 0.04296875 0.0234375