0 0.30078125 0.439453125 0.060546875 0.05859375
0 0.287109375 0.546875 0.044921875 0.044921875
0 0.255859375 0.703125 0.064453125 0.072265625
0 0.2578125 0.91015625 0.046875 0.06640625
0 0.275390625 0.828125 0.04296875 0.033203125
0 0.08203125 0.900390625 0.05078125 0.0546875
0 0.01953125 0.58203125 0.037109375 0.05859375
0 0.01953125 0.30078125 0.033203125 0.044921875
0 0.302734375 0.3046875 0.03515625 0.052734375
0 0.333984375 0.150390625 0.048828125 0.046875
0 0.3125 0.916015625 0.04296875 0.056640625
0 0.013671875 0.201171875 0.02734375 0.05078125