0 0.31640625 0.537109375 0.076171875 0.046875
0 0.279296875 0.494140625 0.078125 0.0625
0 0.248046875 0.4453125 0.06640625 0.046875
0 0.220703125 0.392578125 0.064453125 0.060546875
0 0.177734375 0.322265625 0.095703125 0.072265625
0 0.140625 0.25390625 0.072265625 0.064453125
0 0.083984375 0.17578125 0.072265625 0.06640625
0 0.052734375 0.115234375 0.05859375 0.068359375
0 0.33984375 0.58203125 0.05859375 0.052734375
0 0.3671875 0.63671875 0.05859375 0.044921875
0 0.404296875 0.69140625 0.060546875 0.048828125
0 0.435546875 0.75 0.0546875 0.05859375
0 0.453125 0.826171875 0.048828125 0.0703125
0 0.470703125 0.87890625 0.0546875 0.048828125
0 0.380859375 0.91796875 0.044921875 0.046875