0 0.96875 0.158203125 0.0625 0.06640625
0 0.732421875 0.140625 0.0859375 0.0859375
0 0.732421875 0.0703125 0.09375 0.0703125
0 0.71875 0.240234375 0.078125 0.0859375
0 0.75390625 0.34765625 0.09375 0.08984375
0 0.74609375 0.4921875 0.078125 0.0703125
0 0.826171875 0.556640625 0.0703125 0.0625
0 0.802734375 0.689453125 0.078125 0.06640625
0 0.849609375 0.740234375 0.0703125 0.078125
0 0.90625 0.853515625 0.078125 0.0625
0 0.947265625 0.94921875 0.08203125 0.0703125
0 0.494140625 0.201171875 0.0703125 0.09375