0 0.708984375 0.39453125 0.0625 0.05859375
0 0.716796875 0.30859375 0.0625 0.05859375
0 0.71875 0.26953125 0.05078125 0.0390625
0 0.75 0.34765625 0.05078125 0.05859375
0 0.763671875 0.482421875 0.078125 0.0625
0 0.71875 0.462890625 0.05859375 0.046875
0 0.71875 0.53125 0.0625 0.0703125
0 0.779296875 0.556640625 0.07421875 0.0625
0 0.728515625 0.59765625 0.0625 0.0625
0 0.78515625 0.6171875 0.0625 0.046875
0 0.81640625 0.65234375 0.0625 0.03515625
0 0.748046875 0.66796875 0.0546875 0.06640625
0 0.7109375 0.6875 0.0390625 0.05078125
0 0.751953125 0.73046875 0.05859375 0.0546875
0 0.814453125 0.70703125 0.0546875 0.0546875
0 0.810546875 0.767578125 0.0625 0.0703125
0 0.759765625 0.802734375 0.0625 0.05859375
0 0.708984375 0.8125 0.04296875 0.0390625
0 0.708984375 0.865234375 0.06640625 0.0625
0 0.650390625 0.748046875 0.046875 0.0390625
0 0.654296875 0.712890625 0.0546875 0.03125
0 0.615234375 0.78515625 0.06640625 0.046875
0 0.548828125 0.751953125 0.0625 0.0625
0 0.47265625 0.759765625 0.0703125 0.0625
0 0.4453125 0.677734375 0.0625 0.05078125
0 0.494140625 0.84375 0.05078125 0.046875
0 0.5390625 0.873046875 0.06640625 0.05859375
0 0.603515625 0.83203125 0.05859375 0.0546875
0 0.642578125 0.87890625 0.0546875 0.05078125
0 0.654296875 0.830078125 0.046875 0.046875
0 0.57421875 0.94140625 0.05859375 0.0703125
0 0.61328125 0.9765625 0.0546875 0.046875
0 0.638671875 0.9296875 0.078125 0.0546875
0 0.6640625 0.984375 0.046875 0.03125
0 0.7578125 0.96484375 0.0625 0.0703125
0 0.703125 0.740234375 0.046875 0.03515625
0 0.7734375 0.890625 0.046875 0.03125