0 0.611328125 0.919921875 0.056640625 0.048828125
0 0.6328125 0.626953125 0.060546875 0.068359375
0 0.681640625 0.765625 0.0625 0.0703125
0 0.728515625 0.80078125 0.06640625 0.0625
0 0.76953125 0.896484375 0.08203125 0.072265625
0 0.615234375 0.86328125 0.083984375 0.0703125
0 0.5625 0.966796875 0.08203125 0.0625
0 0.73828125 0.63671875 0.06640625 0.07421875
0 0.89453125 0.27734375 0.0625 0.06640625
0 0.98046875 0.185546875 0.0390625 0.0625
0 0.984375 0.26953125 0.029296875 0.07421875
0 0.7265625 0.26953125 0.06640625 0.072265625
0 0.296875 0.4140625 0.056640625 0.056640625
0 0.1875 0.4453125 0.078125 0.0703125
0 0.15625 0.349609375 0.07421875 0.06640625
0 0.14453125 0.26171875 0.09765625 0.080078125
0 0.10546875 0.0703125 0.072265625 0.07421875
0 0.2265625 0.15625 0.087890625 0.072265625
0 0.2109375 0.54296875 0.076171875 0.068359375
0 0.234375 0.626953125 0.0625 0.06640625
0 0.240234375 0.8046875 0.06640625 0.0625
0 0.263671875 0.73046875 0.056640625 0.060546875
0 0.85546875 0.4296875 0.0625 0.068359375
0 0.7890625 0.41015625 0.06640625 0.068359375