0 0.125 0.35546875 0.03515625 0.052734375
0 0.1171875 0.2890625 0.052734375 0.0390625
0 0.1328125 0.220703125 0.06640625 0.05859375
0 0.109375 0.46875 0.05078125 0.052734375
0 0.08203125 0.521484375 0.04296875 0.05078125
0 0.080078125 0.5546875 0.03515625 0.029296875
0 0.08203125 0.58984375 0.046875 0.037109375
0 0.080078125 0.623046875 0.044921875 0.04296875
0 0.0859375 0.658203125 0.046875 0.044921875
0 0.0859375 0.6953125 0.046875 0.037109375
0 0.078125 0.728515625 0.03515625 0.033203125
0 0.0859375 0.765625 0.046875 0.037109375
0 0.08984375 0.794921875 0.0390625 0.029296875
0 0.08984375 0.822265625 0.033203125 0.041015625
0 0.087890625 0.859375 0.037109375 0.03125
0 0.087890625 0.888671875 0.03515625 0.037109375
0 0.0859375 0.916015625 0.037109375 0.03515625
0 0.078125 0.951171875 0.03515625 0.03125
0 0.078125 0.984375 0.03515625 0.029296875
0 0.107421875 0.435546875 0.044921875 0.029296875
0 0.103515625 0.41015625 0.04296875 0.041015625
0 0.095703125 0.37890625 0.0390625 0.02734375
0 0.095703125 0.3515625 0.037109375 0.03125
0 0.0859375 0.3203125 0.044921875 0.0390625
0 0.0859375 0.29296875 0.033203125 0.037109375
0 0.087890625 0.259765625 0.041015625 0.03515625
0 0.0859375 0.23828125 0.033203125 0.02734375
0 0.083984375 0.205078125 0.046875 0.041015625
0 0.0859375 0.17578125 0.041015625 0.037109375
0 0.072265625 0.146484375 0.03125 0.03125
0 0.078125 0.119140625 0.037109375 0.044921875
0 0.076171875 0.080078125 0.0390625 0.05078125
0 0.0703125 0.046875 0.03515625 0.044921875
0 0.056640625 0.017578125 0.03515625 0.03515625
0 0.900390625 0.056640625 0.068359375 0.06640625
0 0.939453125 0.109375 0.046875 0.05078125
0 0.93359375 0.171875 0.046875 0.060546875
0 0.970703125 0.16015625 0.041015625 0.05078125
0 0.982421875 0.1953125 0.03515625 0.0390625
0 0.9921875 0.224609375 0.015625 0.04296875
0 0.025390625 0.625 0.044921875 0.041015625
0 0.02734375 0.658203125 0.03515625 0.046875
0 0.0078125 0.935546875 0.015625 0.05078125