0 0.669921875 0.447265625 0.0703125 0.078125
0 0.126953125 0.60546875 0.078125 0.0625
0 0.115234375 0.52734375 0.0703125 0.078125
0 0.083984375 0.439453125 0.04296875 0.0546875
0 0.107421875 0.66796875 0.0703125 0.0703125
0 0.12890625 0.736328125 0.078125 0.0703125
0 0.140625 0.814453125 0.078125 0.078125
0 0.15625 0.87109375 0.0859375 0.046875
0 0.12109375 0.90625 0.078125 0.046875
0 0.126953125 0.943359375 0.0625 0.0546875
0 0.138671875 0.984375 0.0625 0.03125
0 0.1875 0.921875 0.0546875 0.046875
0 0.203125 0.97265625 0.0703125 0.0546875
0 0.62109375 0.173828125 0.078125 0.078125
0 0.681640625 0.177734375 0.06640625 0.06640625
0 0.751953125 0.24609375 0.06640625 0.078125
0 0.697265625 0.283203125 0.0625 0.0625
0 0.615234375 0.0859375 0.0546875 0.0703125
0 0.572265625 0.05078125 0.06640625 0.05859375
0 0.634765625 0.02734375 0.07421875 0.0546875
0 0.693359375 0.5859375 0.0703125 0.078125
0 0.744140625 0.947265625 0.07421875 0.0703125
0 0.6875 0.9140625 0.0546875 0.0703125
0 0.73828125 0.87890625 0.0703125 0.0546875
0 0.685546875 0.982421875 0.0390625 0.03515625
0 0.763671875 0.078125 0.08984375 0.09375
0 0.5703125 0.009765625 0.078125 0.01953125