0 0.41015625 0.06640625 0.109375 0.1171875
0 0.546875 0.17578125 0.109375 0.09765625
0 0.71484375 0.263671875 0.1015625 0.103515625
0 0.849609375 0.349609375 0.0859375 0.07421875
0 0.85546875 0.455078125 0.0703125 0.052734375
0 0.9609375 0.466796875 0.064453125 0.0546875
0 0.986328125 0.287109375 0.02734375 0.08984375
0 0.8671875 0.203125 0.10546875 0.107421875
0 0.703125 0.099609375 0.09765625 0.099609375
0 0.625 0.0625 0.0625 0.078125
0 0.544921875 0.03515625 0.0859375 0.0703125
0 0.08203125 0.513671875 0.09765625 0.0703125
0 0.03515625 0.599609375 0.0703125 0.087890625
0 0.228515625 0.64453125 0.08203125 0.095703125
0 0.2265625 0.515625 0.068359375 0.103515625
0 0.375 0.548828125 0.0703125 0.072265625
0 0.419921875 0.576171875 0.052734375 0.046875
0 0.4140625 0.662109375 0.107421875 0.123046875
0 0.521484375 0.5859375 0.064453125 0.07421875
0 0.669921875 0.6328125 0.078125 0.076171875
0 0.6015625 0.69921875 0.08203125 0.091796875
0 0.939453125 0.74609375 0.072265625 0.076171875
0 0.916015625 0.6875 0.0703125 0.05078125
0 0.7734375 0.701171875 0.08984375 0.05859375
0 0.775390625 0.77734375 0.052734375 0.064453125
0 0.951171875 0.85546875 0.0546875 0.052734375
0 0.916015625 0.470703125 0.041015625 0.046875