0 0.322265625 0.314453125 0.068359375 0.060546875
0 0.341796875 0.41796875 0.083984375 0.068359375
0 0.365234375 0.5078125 0.07421875 0.0625
0 0.365234375 0.580078125 0.06640625 0.05859375
0 0.34765625 0.8046875 0.046875 0.0390625
0 0.146484375 0.63671875 0.068359375 0.064453125
0 0.25 0.6953125 0.091796875 0.072265625
0 0.240234375 0.55078125 0.056640625 0.052734375
0 0.404296875 0.83203125 0.056640625 0.0546875
0 0.349609375 0.86328125 0.076171875 0.072265625
0 0.330078125 0.931640625 0.05078125 0.037109375
0 0.349609375 0.982421875 0.08984375 0.033203125
0 0.39453125 0.9140625 0.05859375 0.056640625
0 0.44140625 0.94140625 0.0625 0.046875
0 0.35546875 0.759765625 0.05078125 0.052734375
0 0.322265625 0.666015625 0.046875 0.056640625
0 0.40234375 0.69140625 0.07421875 0.056640625
0 0.369140625 0.65625 0.052734375 0.037109375
0 0.103515625 0.46875 0.06640625 0.046875
0 0.0625 0.349609375 0.10546875 0.064453125
0 0.048828125 0.181640625 0.09375 0.08984375
0 0.02734375 0.05078125 0.0546875 0.09375
0 0.4140625 0.060546875 0.076171875 0.076171875
0 0.0546875 0.5625 0.109375 0.107421875
0 0.078125 0.71875 0.0703125 0.0546875
0 0.14453125 0.732421875 0.091796875 0.068359375
0 0.193359375 0.810546875 0.06640625 0.044921875
0 0.26953125 0.833984375 0.05859375 0.056640625
0 0.21484375 0.943359375 0.099609375 0.08203125
0 0.076171875 0.9375 0.052734375 0.04296875
0 0.052734375 0.95703125 0.052734375 0.052734375
0 0.052734375 0.904296875 0.103515625 0.046875
0 0.427734375 0.150390625 0.072265625 0.0703125
0 0.45703125 0.212890625 0.06640625 0.06640625
0 0.529296875 0.486328125 0.060546875 0.05078125
0 0.529296875 0.654296875 0.046875 0.046875
0 0.48046875 0.65234375 0.056640625 0.05078125
0 0.482421875 0.701171875 0.05859375 0.064453125
0 0.5 0.748046875 0.052734375 0.03515625
0 0.53125 0.783203125 0.0625 0.06640625
0 0.619140625 0.765625 0.04296875 0.04296875
0 0.6328125 0.87890625 0.0546875 0.046875
0 0.6484375 0.984375 0.08203125 0.03125
0 0.54296875 0.931640625 0.052734375 0.037109375
0 0.546875 0.90625 0.07421875 0.029296875
0 0.537109375 0.88671875 0.0703125 0.03515625
0 0.54296875 0.87109375 0.087890625 0.02734375
0 0.537109375 0.841796875 0.056640625 0.04296875
0 0.609375 0.830078125 0.083984375 0.05859375
0 0.625 0.79296875 0.052734375 0.04296875
0 0.626953125 0.931640625 0.078125 0.060546875
0 0.57421875 0.966796875 0.0859375 0.0390625
0 0.73046875 0.732421875 0.048828125 0.041015625
0 0.57421875 0.671875 0.064453125 0.08203125
0 0.53515625 0.587890625 0.078125 0.0625
0 0.490234375 0.607421875 0.0390625 0.037109375
0 0.587890625 0.59375 0.044921875 0.05859375
0 0.6640625 0.603515625 0.08203125 0.0625
0 0.755859375 0.849609375 0.07421875 0.078125
0 0.9609375 0.6171875 0.078125 0.072265625
0 0.92578125 0.638671875 0.046875 0.037109375
0 0.9140625 0.453125 0.111328125 0.076171875
0 0.853515625 0.400390625 0.068359375 0.064453125
0 0.96875 0.140625 0.0625 0.078125
0 0.53515625 0.373046875 0.068359375 0.056640625
0 0.5234375 0.43359375 0.0546875 0.0390625
0 0.56640625 0.43359375 0.0546875 0.04296875
0 0.52734375 0.310546875 0.0625 0.060546875
0 0.5234375 0.2578125 0.056640625 0.056640625
0 0.52734375 0.208984375 0.064453125 0.052734375
0 0.5234375 0.150390625 0.056640625 0.05078125
0 0.529296875 0.09765625 0.068359375 0.048828125
0 0.533203125 0.041015625 0.07421875 0.05078125
0 0.33984375 0.146484375 0.0546875 0.052734375
0 0.478515625 0.529296875 0.048828125 0.0546875
0 0.53125 0.529296875 0.076171875 0.056640625