0 0.251953125 0.931640625 0.0390625 0.0546875
0 0.2578125 0.87890625 0.046875 0.046875
0 0.255859375 0.8359375 0.05078125 0.04296875
0 0.24609375 0.7734375 0.046875 0.046875
0 0.251953125 0.728515625 0.05078125 0.046875
0 0.26171875 0.68359375 0.05078125 0.05078125
0 0.263671875 0.625 0.046875 0.046875
0 0.251953125 0.53125 0.046875 0.04296875
0 0.271484375 0.47265625 0.046875 0.03125
0 0.2578125 0.40625 0.0625 0.046875
0 0.265625 0.3671875 0.05859375 0.046875
0 0.232421875 0.98828125 0.03515625 0.0234375
0 0.259765625 0.193359375 0.06640625 0.046875
0 0.271484375 0.146484375 0.06640625 0.04296875
0 0.82421875 0.90625 0.078125 0.0703125