0 0.345703125 0.240234375 0.0703125 0.0625
0 0.34375 0.154296875 0.0625 0.0625
0 0.3359375 0.33984375 0.0625 0.0546875
0 0.41015625 0.625 0.0390625 0.0546875
0 0.40234375 0.69140625 0.05859375 0.0625
0 0.513671875 0.654296875 0.03125 0.0390625
0 0.490234375 0.572265625 0.02734375 0.0390625
0 0.478515625 0.501953125 0.0234375 0.04296875
0 0.4375 0.3828125 0.046875 0.01953125
0 0.41015625 0.203125 0.03515625 0.0703125
0 0.396484375 0.14453125 0.03515625 0.046875
0 0.4140625 0.265625 0.0625 0.046875
0 0.46484375 0.458984375 0.0390625 0.046875
0 0.333984375 0.08984375 0.046875 0.06640625