0 0.5078125 0.203125 0.076171875 0.0703125
0 0.55078125 0.166015625 0.05078125 0.064453125
0 0.5 0.09375 0.05078125 0.048828125
0 0.46875 0.1171875 0.060546875 0.05859375
0 0.404296875 0.087890625 0.083984375 0.068359375
0 0.388671875 0.025390625 0.087890625 0.046875
0 0.4453125 0.017578125 0.05078125 0.03515625
0 0.5625 0.02734375 0.056640625 0.0546875
0 0.6171875 0.107421875 0.05859375 0.0625
0 0.53515625 0.236328125 0.0546875 0.048828125
0 0.599609375 0.31640625 0.09765625 0.072265625
0 0.681640625 0.294921875 0.05859375 0.046875
0 0.669921875 0.33984375 0.0703125 0.0546875
0 0.75390625 0.46875 0.076171875 0.060546875
0 0.76953125 0.341796875 0.06640625 0.064453125
0 0.818359375 0.412109375 0.0703125 0.060546875
0 0.833984375 0.548828125 0.0546875 0.05859375
0 0.8671875 0.486328125 0.064453125 0.056640625
0 0.93359375 0.564453125 0.07421875 0.0625
0 0.640625 0.228515625 0.12109375 0.091796875