0 0.02734375 0.208984375 0.0546875 0.09375
0 0.068359375 0.533203125 0.0703125 0.078125
0 0.080078125 0.73828125 0.06640625 0.078125
0 0.099609375 0.9375 0.0703125 0.0625
0 0.083984375 0.982421875 0.078125 0.03125
0 0.935546875 0.4453125 0.0546875 0.06640625
0 0.919921875 0.322265625 0.046875 0.03125
0 0.8828125 0.328125 0.0390625 0.0546875
0 0.9140625 0.294921875 0.0390625 0.046875
0 0.91015625 0.26171875 0.0625 0.046875
0 0.87890625 0.197265625 0.04296875 0.0546875
0 0.943359375 0.564453125 0.046875 0.0625
0 0.962890625 0.69140625 0.05859375 0.0703125
0 0.9453125 0.783203125 0.05078125 0.0625