0 0.22265625 0.216796875 0.078125 0.0703125
0 0.095703125 0.169921875 0.0625 0.078125
0 0.0390625 0.21875 0.0625 0.07421875
0 0.0625 0.287109375 0.0546875 0.0625
0 0.107421875 0.34375 0.0625 0.0625
0 0.03515625 0.4296875 0.0703125 0.05859375
0 0.193359375 0.4375 0.06640625 0.0625
0 0.232421875 0.490234375 0.0625 0.07421875
0 0.275390625 0.54296875 0.0546875 0.0546875
0 0.291015625 0.6171875 0.0625 0.06640625
0 0.287109375 0.6875 0.05859375 0.0546875
0 0.30078125 0.728515625 0.0546875 0.05078125
0 0.353515625 0.814453125 0.0859375 0.0703125
0 0.37109375 0.87109375 0.0625 0.0703125
0 0.41796875 0.912109375 0.0625 0.0546875
0 0.46875 0.96484375 0.078125 0.0703125
0 0.54296875 0.71484375 0.0703125 0.078125
0 0.416015625 0.583984375 0.078125 0.07421875
0 0.08984375 0.962890625 0.09765625 0.07421875
0 0.04296875 0.83203125 0.0859375 0.11328125
0 0.25390625 0.375 0.0859375 0.0859375
0 0.3046875 0.3125 0.078125 0.08203125
0 0.35546875 0.384765625 0.0703125 0.078125
0 0.07421875 0.74609375 0.0625 0.0625
0 0.49609375 0.62890625 0.078125 0.08984375
0 0.408203125 0.466796875 0.0625 0.0703125
0 0.46484375 0.548828125 0.0859375 0.078125
0 0.4765625 0.814453125 0.0546875 0.0703125
0 0.486328125 0.890625 0.08984375 0.0703125
0 0.533203125 0.80859375 0.078125 0.0859375
0 0.609375 0.794921875 0.0703125 0.0859375
0 0.138671875 0.8125 0.0703125 0.0625
0 0.275390625 0.1796875 0.09375 0.09375
0 0.28515625 0.08203125 0.0703125 0.078125
0 0.18359375 0.091796875 0.0703125 0.0625
0 0.251953125 0.021484375 0.0625 0.04296875
0 0.3515625 0.072265625 0.05859375 0.0625
0 0.349609375 0.12109375 0.0546875 0.05859375
0 0.412109375 0.11328125 0.0703125 0.0703125
0 0.388671875 0.166015625 0.0703125 0.06640625
0 0.42578125 0.244140625 0.08203125 0.0703125
0 0.333984375 0.259765625 0.0859375 0.0703125
0 0.46484375 0.328125 0.0703125 0.0859375
0 0.41015625 0.353515625 0.0625 0.07421875
0 0.541015625 0.40234375 0.1015625 0.109375
0 0.5 0.25390625 0.05859375 0.046875
0 0.60546875 0.521484375 0.109375 0.1171875
0 0.701171875 0.64453125 0.0859375 0.08203125
0 0.763671875 0.7890625 0.09375 0.109375
0 0.70703125 0.919921875 0.078125 0.1015625
0 0.65234375 0.87109375 0.09375 0.078125
0 0.8125 0.93359375 0.09375 0.109375
0 0.859375 0.8671875 0.05859375 0.0703125
0 0.884765625 0.96484375 0.05078125 0.0625
0 0.54296875 0.119140625 0.0859375 0.0703125
0 0.501953125 0.064453125 0.0703125 0.06640625
0 0.58984375 0.185546875 0.0859375 0.08203125
0 0.62890625 0.279296875 0.078125 0.078125
0 0.677734375 0.35546875 0.0859375 0.08203125
0 0.72265625 0.435546875 0.08984375 0.0859375
0 0.771484375 0.5390625 0.078125 0.078125
0 0.8125 0.60546875 0.0625 0.0703125
0 0.857421875 0.650390625 0.05859375 0.06640625
0 0.892578125 0.68359375 0.0625 0.046875
0 0.95703125 0.205078125 0.078125 0.09375
0 0.751953125 0.201171875 0.078125 0.0859375
0 0.662109375 0.138671875 0.078125 0.078125
0 0.654296875 0.04296875 0.07421875 0.078125
0 0.87109375 0.37890625 0.0859375 0.08203125
0 0.9296875 0.71875 0.046875 0.0546875
0 0.97265625 0.734375 0.0546875 0.0546875
0 0.9765625 0.79296875 0.046875 0.0625
0 0.96484375 0.541015625 0.0703125 0.0546875
0 0.8046875 0.2578125 0.0625 0.07421875
0 0.794921875 0.67578125 0.0546875 0.04296875
0 0.814453125 0.712890625 0.0546875 0.05078125
0 0.873046875 0.037109375 0.07421875 0.0546875
0 0.986328125 0.962890625 0.02734375 0.05078125
0 0.951171875 0.98046875 0.0625 0.0390625
0 0.978515625 0.095703125 0.04296875 0.09765625