0 0.6171875 0.033203125 0.05859375 0.0625
0 0.560546875 0.072265625 0.078125 0.05078125
0 0.51171875 0.15625 0.0703125 0.046875
0 0.453125 0.255859375 0.0859375 0.0625
0 0.34765625 0.220703125 0.0703125 0.0703125
0 0.39453125 0.353515625 0.0625 0.0703125
0 0.48046875 0.681640625 0.0546875 0.05078125
0 0.3671875 0.97265625 0.08203125 0.0546875
0 0.197265625 0.44140625 0.06640625 0.0625
0 0.158203125 0.349609375 0.06640625 0.0546875
0 0.142578125 0.26171875 0.0625 0.0546875
0 0.18359375 0.232421875 0.08203125 0.0703125
0 0.1015625 0.15625 0.08203125 0.05078125
0 0.068359375 0.03515625 0.0703125 0.05078125
0 0.21875 0.529296875 0.0625 0.0625
0 0.5078125 0.75390625 0.046875 0.0546875
0 0.4296875 0.46484375 0.0546875 0.046875
0 0.4609375 0.412109375 0.07421875 0.046875