0 0.0546875 0.8203125 0.0546875 0.03125
0 0.037109375 0.796875 0.05078125 0.03515625
0 0.01953125 0.76953125 0.0390625 0.02734375
0 0.009765625 0.734375 0.01953125 0.046875
0 0.072265625 0.8515625 0.046875 0.046875
0 0.08203125 0.87890625 0.04296875 0.03125
0 0.087890625 0.916015625 0.05078125 0.0390625
0 0.099609375 0.94921875 0.0546875 0.03515625
0 0.109375 0.98046875 0.0546875 0.0390625
0 0.373046875 0.06640625 0.0625 0.05859375
0 0.37109375 0.017578125 0.05859375 0.03125
0 0.388671875 0.126953125 0.0625 0.0625
0 0.400390625 0.189453125 0.046875 0.046875
0 0.41015625 0.236328125 0.0625 0.0546875
0 0.412109375 0.30859375 0.0546875 0.07421875
0 0.404296875 0.4765625 0.0546875 0.05859375
0 0.421875 0.650390625 0.0546875 0.0546875
0 0.44140625 0.787109375 0.046875 0.0546875
0 0.46484375 0.931640625 0.046875 0.0546875
0 0.439453125 0.39453125 0.0546875 0.0625
0 0.4453125 0.458984375 0.0625 0.046875
0 0.451171875 0.498046875 0.0546875 0.046875
0 0.458984375 0.53125 0.0546875 0.0390625
0 0.4609375 0.572265625 0.0546875 0.05859375
0 0.474609375 0.67578125 0.0546875 0.04296875
0 0.478515625 0.6484375 0.0625 0.0390625
0 0.47265625 0.623046875 0.0390625 0.04296875
0 0.474609375 0.71484375 0.0703125 0.046875
0 0.484375 0.75390625 0.0546875 0.0390625
0 0.48828125 0.78515625 0.0546875 0.0390625
0 0.490234375 0.818359375 0.0546875 0.0390625
0 0.49609375 0.859375 0.05859375 0.04296875
0 0.501953125 0.896484375 0.05859375 0.046875
0 0.515625 0.92578125 0.0546875 0.03125
0 0.521484375 0.958984375 0.046875 0.046875
0 0.5390625 0.984375 0.046875 0.03125
0 0.591796875 0.20703125 0.06640625 0.0625
0 0.568359375 0.140625 0.046875 0.0390625
0 0.53125 0.0625 0.046875 0.046875
0 0.71875 0.41796875 0.046875 0.046875
0 0.734375 0.525390625 0.05859375 0.0546875
0 0.8515625 0.025390625 0.0546875 0.05078125
0 0.84765625 0.06640625 0.0546875 0.046875
0 0.84765625 0.11328125 0.0625 0.0390625
0 0.84765625 0.154296875 0.0546875 0.04296875
0 0.83984375 0.1953125 0.0625 0.0390625
0 0.830078125 0.236328125 0.05078125 0.046875
0 0.796875 0.16015625 0.04296875 0.0390625
0 0.791015625 0.369140625 0.0546875 0.0390625
0 0.80859375 0.330078125 0.0546875 0.0390625
0 0.771484375 0.4140625 0.0546875 0.05078125
0 0.787109375 0.5078125 0.046875 0.02734375
0 0.779296875 0.48046875 0.046875 0.0234375
0 0.775390625 0.453125 0.0546875 0.046875
0 0.78125 0.548828125 0.05078125 0.03125
0 0.78125 0.583984375 0.05078125 0.05859375
0 0.802734375 0.6875 0.05859375 0.0546875
0 0.73828125 0.81640625 0.0625 0.05078125
0 0.759765625 0.90625 0.0625 0.046875
0 0.765625 0.958984375 0.07421875 0.0703125
0 0.7109375 0.724609375 0.046875 0.046875
0 0.23046875 0.984375 0.046875 0.03125
0 0.2109375 0.845703125 0.04296875 0.0546875