0 0.5625 0.919921875 0.07421875 0.09375
0 0.48046875 0.90625 0.08203125 0.078125
0 0.40234375 0.947265625 0.0859375 0.0703125
0 0.412109375 0.841796875 0.078125 0.0625
0 0.458984375 0.798828125 0.0625 0.0625
0 0.431640625 0.6875 0.08203125 0.078125
0 0.37109375 0.703125 0.0703125 0.078125
0 0.30078125 0.767578125 0.078125 0.0703125
0 0.21484375 0.662109375 0.08203125 0.0625
0 0.326171875 0.638671875 0.05078125 0.0546875
0 0.333984375 0.56640625 0.0859375 0.08203125
0 0.259765625 0.568359375 0.05859375 0.05859375
0 0.193359375 0.5625 0.078125 0.0703125
0 0.2578125 0.486328125 0.0703125 0.0703125
0 0.18359375 0.39453125 0.09765625 0.09375
0 0.158203125 0.4375 0.046875 0.0546875
0 0.109375 0.447265625 0.08203125 0.0859375
0 0.1015625 0.55078125 0.09765625 0.09375
0 0.2578125 0.70703125 0.078125 0.0625
0 0.08984375 0.3125 0.06640625 0.0859375
0 0.044921875 0.33203125 0.07421875 0.06640625
0 0.025390625 0.435546875 0.05078125 0.1015625
0 0.025390625 0.224609375 0.05078125 0.09765625
0 0.51171875 0.794921875 0.08984375 0.09765625
0 0.533203125 0.837890625 0.0703125 0.046875
0 0.18359375 0.814453125 0.0625 0.046875
0 0.62109375 0.9296875 0.05078125 0.046875
0 0.642578125 0.962890625 0.0703125 0.046875
0 0.58203125 0.958984375 0.06640625 0.0390625