0 0.337890625 0.513671875 0.05859375 0.0390625
0 0.337890625 0.599609375 0.046875 0.046875
0 0.30078125 0.734375 0.0546875 0.04296875
0 0.244140625 0.734375 0.0625 0.0546875
0 0.29296875 0.693359375 0.0703125 0.0546875
0 0.28515625 0.658203125 0.0546875 0.03125
0 0.28125 0.6328125 0.078125 0.0390625
0 0.2734375 0.59765625 0.0625 0.046875
0 0.267578125 0.560546875 0.078125 0.0546875
0 0.265625 0.525390625 0.0703125 0.046875
0 0.26171875 0.466796875 0.0625 0.0546875
0 0.3359375 0.435546875 0.04296875 0.046875
0 0.341796875 0.365234375 0.046875 0.046875
0 0.296875 0.4140625 0.04296875 0.046875
0 0.283203125 0.43359375 0.046875 0.03515625
0 0.240234375 0.419921875 0.05859375 0.0390625
0 0.220703125 0.3828125 0.078125 0.046875
0 0.28125 0.35546875 0.06640625 0.0703125
0 0.22265625 0.333984375 0.0703125 0.0703125
0 0.341796875 0.25 0.0703125 0.0703125
0 0.28515625 0.255859375 0.07421875 0.078125
0 0.375 0.291015625 0.03515625 0.0390625
0 0.3984375 0.25 0.05078125 0.05859375
0 0.37890625 0.171875 0.046875 0.0546875
0 0.236328125 0.09765625 0.08203125 0.0859375
0 0.146484375 0.037109375 0.078125 0.07421875
0 0.376953125 0.06640625 0.1171875 0.06640625
0 0.361328125 0.025390625 0.0859375 0.05078125
0 0.65625 0.4609375 0.03125 0.0390625
0 0.626953125 0.494140625 0.04296875 0.046875
0 0.466796875 0.533203125 0.05859375 0.05859375
0 0.3359375 0.98046875 0.07421875 0.0390625
0 0.330078125 0.943359375 0.0703125 0.046875
0 0.3125 0.837890625 0.078125 0.0390625
0 0.30859375 0.796875 0.0703125 0.046875
0 0.208984375 0.859375 0.0625 0.0625
0 0.603515625 0.5390625 0.0625 0.0546875
0 0.662109375 0.5234375 0.046875 0.046875
0 0.53515625 0.76953125 0.05078125 0.0546875