0 0.86328125 0.44921875 0.12890625 0.10546875
0 0.951171875 0.5703125 0.0625 0.0546875
0 0.96484375 0.521484375 0.0625 0.0625
0 0.7109375 0.318359375 0.0859375 0.08203125
0 0.517578125 0.373046875 0.0625 0.05859375
0 0.4609375 0.4296875 0.1015625 0.0703125
0 0.462890625 0.375 0.06640625 0.06640625
0 0.384765625 0.3203125 0.078125 0.078125
0 0.33203125 0.23828125 0.078125 0.0546875
0 0.427734375 0.236328125 0.0859375 0.0703125
0 0.326171875 0.09375 0.1015625 0.1015625
0 0.3046875 0.197265625 0.0703125 0.0625
0 0.232421875 0.158203125 0.08203125 0.09375
0 0.59375 0.0546875 0.09375 0.08203125
0 0.890625 0.36328125 0.0625 0.0546875
0 0.6484375 0.185546875 0.109375 0.1015625