0 0.76171875 0.46875 0.060546875 0.048828125
0 0.818359375 0.435546875 0.060546875 0.060546875
0 0.80859375 0.30078125 0.05859375 0.076171875
0 0.759765625 0.310546875 0.0625 0.060546875
0 0.759765625 0.158203125 0.056640625 0.06640625
0 0.736328125 0.02734375 0.091796875 0.0546875
0 0.828125 0.55859375 0.076171875 0.05859375
0 0.76953125 0.650390625 0.0625 0.072265625
0 0.84765625 0.6875 0.046875 0.046875
0 0.837890625 0.80078125 0.05078125 0.048828125
0 0.76953125 0.828125 0.0625 0.060546875
0 0.83203125 0.943359375 0.044921875 0.05078125