0 0.80078125 0.41015625 0.056640625 0.046875
0 0.8046875 0.369140625 0.052734375 0.048828125
0 0.837890625 0.484375 0.05859375 0.05859375
0 0.880859375 0.7421875 0.052734375 0.046875
0 0.880859375 0.78125 0.060546875 0.0546875
0 0.869140625 0.82421875 0.048828125 0.0546875
0 0.916015625 0.849609375 0.060546875 0.05078125
0 0.859375 0.904296875 0.052734375 0.044921875
0 0.87109375 0.951171875 0.0703125 0.072265625
0 0.7578125 0.275390625 0.05859375 0.060546875
0 0.720703125 0.173828125 0.05859375 0.052734375
0 0.732421875 0.109375 0.064453125 0.0625
0 0.701171875 0.083984375 0.044921875 0.064453125
0 0.751953125 0.04296875 0.03125 0.068359375
0 0.78125 0.04296875 0.03515625 0.05859375
0 0.50390625 0.857421875 0.064453125 0.064453125