0 0.23046875 0.447265625 0.068359375 0.046875
0 0.208984375 0.412109375 0.0546875 0.041015625
0 0.212890625 0.3671875 0.056640625 0.060546875
0 0.193359375 0.314453125 0.052734375 0.060546875
0 0.125 0.234375 0.05078125 0.052734375
0 0.255859375 0.513671875 0.056640625 0.05078125
0 0.3125 0.59765625 0.060546875 0.060546875
0 0.341796875 0.6875 0.06640625 0.0625
0 0.400390625 0.666015625 0.044921875 0.052734375
0 0.36328125 0.556640625 0.048828125 0.0859375
0 0.33203125 0.466796875 0.06640625 0.0546875
0 0.30078125 0.33984375 0.05859375 0.08203125
0 0.267578125 0.23046875 0.08203125 0.0703125
0 0.25 0.1484375 0.05859375 0.05859375
0 0.16796875 0.1796875 0.072265625 0.056640625
0 0.087890625 0.193359375 0.0625 0.052734375
0 0.154296875 0.115234375 0.05859375 0.052734375
0 0.158203125 0.076171875 0.05859375 0.04296875
0 0.1484375 0.037109375 0.052734375 0.0546875
0 0.234375 0.041015625 0.060546875 0.068359375
0 0.427734375 0.759765625 0.046875 0.07421875
0 0.447265625 0.865234375 0.076171875 0.0703125
0 0.4765625 0.958984375 0.0546875 0.0703125
0 0.029296875 0.455078125 0.052734375 0.134765625
0 0.48046875 0.099609375 0.0703125 0.087890625
0 0.517578125 0.201171875 0.083984375 0.076171875
0 0.546875 0.294921875 0.08203125 0.08203125
0 0.57421875 0.384765625 0.05859375 0.07421875
0 0.609375 0.4765625 0.068359375 0.083984375
0 0.6328125 0.55859375 0.078125 0.068359375
0 0.689453125 0.744140625 0.08203125 0.078125
0 0.744140625 0.92578125 0.046875 0.0703125
0 0.736328125 0.078125 0.078125 0.080078125
0 0.880859375 0.169921875 0.072265625 0.08203125
0 0.93359375 0.427734375 0.064453125 0.0703125
0 0.943359375 0.55859375 0.068359375 0.09765625
0 0.955078125 0.521484375 0.08984375 0.060546875
0 0.984375 0.62109375 0.029296875 0.095703125
0 0.9765625 0.251953125 0.046875 0.08203125
0 0.947265625 0.16015625 0.056640625 0.06640625
0 0.978515625 0.12109375 0.04296875 0.078125
0 0.912109375 0.068359375 0.033203125 0.052734375
0 0.724609375 0.017578125 0.10546875 0.03515625
0 0.923828125 0.021484375 0.087890625 0.04296875
0 0.837890625 0.74609375 0.0625 0.068359375
0 0.8125 0.697265625 0.048828125 0.037109375
0 0.6015625 0.89453125 0.064453125 0.033203125
0 0.572265625 0.853515625 0.044921875 0.044921875
0 0.560546875 0.82421875 0.048828125 0.033203125
0 0.5390625 0.798828125 0.046875 0.052734375
0 0.52734375 0.759765625 0.048828125 0.0390625
0 0.41796875 0.185546875 0.05078125 0.048828125
0 0.43359375 0.50390625 0.046875 0.029296875
0 0.443359375 0.5390625 0.044921875 0.052734375
0 0.458984375 0.580078125 0.044921875 0.05078125
0 0.470703125 0.6171875 0.0390625 0.04296875
0 0.484375 0.65625 0.0390625 0.05078125
0 0.419921875 0.474609375 0.044921875 0.046875
0 0.41015625 0.443359375 0.04296875 0.0390625
0 0.3984375 0.408203125 0.041015625 0.041015625
0 0.396484375 0.373046875 0.048828125 0.05078125
0 0.38671875 0.330078125 0.046875 0.0546875
0 0.384765625 0.298828125 0.0390625 0.0546875
0 0.375 0.255859375 0.0390625 0.05078125
0 0.365234375 0.212890625 0.041015625 0.041015625
0 0.369140625 0.1796875 0.046875 0.0546875
0 0.35546875 0.14453125 0.0390625 0.04296875
0 0.345703125 0.107421875 0.037109375 0.029296875
0 0.078125 0.67578125 0.0859375 0.078125
0 0.2578125 0.791015625 0.072265625 0.083984375