0 0.85546875 0.12890625 0.068359375 0.0703125
0 0.876953125 0.20703125 0.06640625 0.05859375
0 0.87890625 0.255859375 0.029296875 0.033203125
0 0.884765625 0.3671875 0.0546875 0.064453125
0 0.8203125 0.28515625 0.056640625 0.05859375
0 0.822265625 0.357421875 0.05078125 0.048828125
0 0.8515625 0.4765625 0.046875 0.072265625
0 0.8515625 0.552734375 0.0625 0.064453125
0 0.875 0.654296875 0.048828125 0.0546875
0 0.951171875 0.697265625 0.064453125 0.0703125
0 0.748046875 0.51171875 0.060546875 0.068359375
0 0.810546875 0.63671875 0.048828125 0.0546875
0 0.9765625 0.603515625 0.046875 0.068359375