0 0.0703125 0.640625 0.068359375 0.041015625
0 0.056640625 0.69140625 0.06640625 0.05859375
0 0.1171875 0.107421875 0.064453125 0.05859375
0 0.111328125 0.01953125 0.05859375 0.0390625
0 0.119140625 0.490234375 0.05078125 0.046875
0 0.095703125 0.439453125 0.0546875 0.04296875
0 0.251953125 0.318359375 0.060546875 0.056640625
0 0.30859375 0.291015625 0.087890625 0.05859375
0 0.03515625 0.9140625 0.068359375 0.064453125
0 0.01953125 0.263671875 0.0390625 0.03515625
0 0.01171875 0.29296875 0.0234375 0.01953125
0 0.013671875 0.345703125 0.025390625 0.017578125
0 0.01171875 0.36328125 0.0234375 0.015625
0 0.01171875 0.3828125 0.015625 0.021484375
0 0.013671875 0.40625 0.025390625 0.03125