0 0.689453125 0.28125 0.0859375 0.078125
0 0.576171875 0.259765625 0.1015625 0.0859375
0 0.455078125 0.193359375 0.09765625 0.078125
0 0.591796875 0.4140625 0.0859375 0.1015625
0 0.478515625 0.4453125 0.078125 0.0859375
0 0.61328125 0.66015625 0.09375 0.10546875
0 0.83984375 0.642578125 0.0703125 0.06640625
0 0.912109375 0.82421875 0.1015625 0.1015625
0 0.8203125 0.890625 0.08203125 0.09375
0 0.73828125 0.76171875 0.0859375 0.0859375
0 0.650390625 0.81640625 0.09375 0.09375
0 0.7109375 0.947265625 0.1171875 0.0859375
0 0.5546875 0.89453125 0.0703125 0.0859375
0 0.478515625 0.8984375 0.08203125 0.0625
0 0.4609375 0.833984375 0.08203125 0.07421875
0 0.455078125 0.767578125 0.09375 0.078125
0 0.509765625 0.69140625 0.0859375 0.09375
0 0.431640625 0.693359375 0.08203125 0.08203125
0 0.2890625 0.458984375 0.0859375 0.078125
0 0.185546875 0.7421875 0.078125 0.0703125
0 0.19140625 0.814453125 0.05859375 0.0703125
0 0.1875 0.896484375 0.0546875 0.046875
0 0.203125 0.9609375 0.0703125 0.0703125
0 0.162109375 0.576171875 0.05859375 0.0703125
0 0.169921875 0.642578125 0.0546875 0.0546875
0 0.119140625 0.494140625 0.0546875 0.0546875
0 0.09375 0.453125 0.04296875 0.046875
0 0.080078125 0.4140625 0.0390625 0.03125
0 0.05078125 0.3671875 0.04296875 0.046875
0 0.025390625 0.32421875 0.0390625 0.046875
0 0.015625 0.259765625 0.03125 0.07421875
0 0.3046875 0.9296875 0.1171875 0.109375
0 0.3203125 0.849609375 0.09375 0.07421875
0 0.0546875 0.197265625 0.046875 0.06640625
0 0.400390625 0.578125 0.05078125 0.046875
0 0.400390625 0.509765625 0.05078125 0.03515625
0 0.396484375 0.48046875 0.046875 0.0234375
0 0.40234375 0.443359375 0.0390625 0.04296875
0 0.3359375 0.8125 0.03125 0.0390625
0 0.33984375 0.779296875 0.0234375 0.03125
0 0.341796875 0.74609375 0.0234375 0.0390625
0 0.34375 0.7109375 0.0234375 0.0390625
0 0.34765625 0.677734375 0.03125 0.03125
0 0.34765625 0.650390625 0.0234375 0.03125
0 0.349609375 0.623046875 0.0234375 0.03125
0 0.3515625 0.5859375 0.0234375 0.03125
0 0.349609375 0.548828125 0.0234375 0.03125
0 0.3515625 0.50390625 0.02734375 0.03125
0 0.349609375 0.470703125 0.03125 0.0234375
0 0.283203125 0.369140625 0.08203125 0.08203125
0 0.400390625 0.384765625 0.0390625 0.03515625
0 0.40625 0.359375 0.0390625 0.03125
0 0.40234375 0.330078125 0.0546875 0.03515625
0 0.40625 0.287109375 0.05078125 0.046875
0 0.380859375 0.013671875 0.0390625 0.0234375
0 0.375 0.046875 0.0390625 0.0234375
0 0.353515625 0.447265625 0.02734375 0.0234375
0 0.353515625 0.412109375 0.03125 0.046875
0 0.35546875 0.37890625 0.0390625 0.03125
0 0.357421875 0.3515625 0.02734375 0.03125
0 0.359375 0.32421875 0.02734375 0.03125
0 0.361328125 0.259765625 0.0390625 0.03125
0 0.365234375 0.220703125 0.0390625 0.0234375
0 0.365234375 0.19140625 0.03125 0.04296875
0 0.3671875 0.154296875 0.0390625 0.0390625
0 0.37109375 0.11328125 0.04296875 0.03515625
0 0.375 0.07421875 0.0546875 0.03125