0 0.873046875 0.55078125 0.09375 0.1015625
0 0.908203125 0.7734375 0.078125 0.0703125
0 0.814453125 0.802734375 0.078125 0.0859375
0 0.7109375 0.869140625 0.0625 0.0546875
0 0.685546875 0.7890625 0.05859375 0.046875
0 0.6953125 0.39453125 0.0859375 0.08984375
0 0.875 0.423828125 0.0546875 0.109375
0 0.80078125 0.267578125 0.1015625 0.08984375
0 0.931640625 0.26171875 0.1171875 0.12109375
0 0.947265625 0.08984375 0.1015625 0.1328125
0 0.853515625 0.12890625 0.09765625 0.0859375
0 0.748046875 0.12890625 0.1015625 0.0859375
0 0.830078125 0.017578125 0.08203125 0.03515625
0 0.716796875 0.04296875 0.08984375 0.0859375
0 0.630859375 0.197265625 0.078125 0.08984375
0 0.51953125 0.333984375 0.1015625 0.09375
0 0.521484375 0.412109375 0.0546875 0.0625
0 0.103515625 0.396484375 0.0859375 0.0625
0 0.095703125 0.33203125 0.078125 0.0625
0 0.05859375 0.259765625 0.0625 0.0703125
0 0.01953125 0.205078125 0.0390625 0.08203125
0 0.19140625 0.73046875 0.078125 0.078125
0 0.228515625 0.900390625 0.0703125 0.05859375
0 0.251953125 0.97265625 0.0703125 0.0546875
0 0.353515625 0.173828125 0.0390625 0.03125
0 0.279296875 0.326171875 0.06640625 0.0546875
0 0.259765625 0.25390625 0.0546875 0.0703125
0 0.234375 0.181640625 0.046875 0.0546875
0 0.216796875 0.126953125 0.0546875 0.0390625
0 0.203125 0.0625 0.078125 0.0546875
0 0.318359375 0.39453125 0.0546875 0.0625
0 0.337890625 0.453125 0.0703125 0.0703125
0 0.494140625 0.447265625 0.03125 0.046875
0 0.50390625 0.470703125 0.046875 0.04296875
0 0.578125 0.57421875 0.04296875 0.0390625
0 0.626953125 0.65625 0.03125 0.0390625
0 0.59765625 0.599609375 0.0390625 0.0390625
0 0.462890625 0.373046875 0.04296875 0.046875
0 0.474609375 0.3984375 0.046875 0.04296875
0 0.435546875 0.318359375 0.0390625 0.0390625
0 0.427734375 0.287109375 0.02734375 0.03515625
0 0.37890625 0.236328125 0.0546875 0.03125
0 0.36328125 0.203125 0.0390625 0.0390625
0 0.33984375 0.138671875 0.0390625 0.0390625
0 0.326171875 0.11328125 0.0390625 0.046875
0 0.5 0.0625 0.06640625 0.0546875
0 0.556640625 0.017578125 0.0859375 0.03515625
0 0.478515625 0.021484375 0.0703125 0.04296875
0 0.525390625 0.939453125 0.05078125 0.0546875
0 0.455078125 0.61328125 0.07421875 0.0703125
0 0.244140625 0.619140625 0.0546875 0.046875
0 0.26171875 0.654296875 0.0390625 0.0546875
0 0.275390625 0.689453125 0.046875 0.0546875
0 0.29296875 0.71875 0.0234375 0.0390625
0 0.29296875 0.619140625 0.05859375 0.046875
0 0.8359375 0.427734375 0.0625 0.1015625
0 0.892578125 0.71875 0.0546875 0.06640625
0 0.7578125 0.62890625 0.0859375 0.0703125
0 0.310546875 0.044921875 0.125 0.0859375
0 0.14453125 0.5625 0.0703125 0.06640625
0 0.125 0.4765625 0.09765625 0.1015625
0 0.0546875 0.693359375 0.0625 0.05859375
0 0.037109375 0.6484375 0.0625 0.046875