0 0.29296875 0.736328125 0.08984375 0.0859375
0 0.35546875 0.8203125 0.05078125 0.0703125
0 0.265625 0.859375 0.078125 0.05078125
0 0.361328125 0.9140625 0.078125 0.0703125
0 0.2890625 0.9609375 0.0859375 0.06640625
0 0.224609375 0.759765625 0.05859375 0.0546875
0 0.15625 0.751953125 0.06640625 0.0703125
0 0.126953125 0.669921875 0.07421875 0.0703125
0 0.193359375 0.65625 0.0703125 0.0625
0 0.234375 0.580078125 0.07421875 0.0859375
0 0.181640625 0.5625 0.05859375 0.0625
0 0.107421875 0.583984375 0.078125 0.0703125
0 0.087890625 0.49609375 0.078125 0.0703125
0 0.150390625 0.482421875 0.06640625 0.0546875
0 0.197265625 0.439453125 0.078125 0.09375
0 0.140625 0.408203125 0.0625 0.0546875
0 0.0703125 0.390625 0.07421875 0.07421875
0 0.12109375 0.353515625 0.0625 0.0546875
0 0.1640625 0.310546875 0.0546875 0.06640625
0 0.109375 0.29296875 0.05078125 0.04296875
0 0.01953125 0.193359375 0.0390625 0.05078125
0 0.916015625 0.181640625 0.0625 0.05859375
0 0.951171875 0.353515625 0.078125 0.09375
0 0.912109375 0.2578125 0.0625 0.05859375
0 0.90234375 0.12109375 0.05078125 0.046875
0 0.892578125 0.060546875 0.05859375 0.0546875
0 0.8828125 0.01953125 0.0703125 0.0390625