0 0.783203125 0.216796875 0.072265625 0.072265625
0 0.849609375 0.109375 0.08984375 0.083984375
0 0.681640625 0.150390625 0.05859375 0.056640625
0 0.630859375 0.146484375 0.0703125 0.060546875
0 0.5703125 0.0625 0.048828125 0.0703125
0 0.87890625 0.275390625 0.091796875 0.08984375
0 0.919921875 0.44921875 0.09375 0.103515625
0 0.912109375 0.62890625 0.083984375 0.0703125
0 0.927734375 0.78515625 0.08984375 0.08984375
0 0.9375 0.92578125 0.08203125 0.1015625
0 0.638671875 0.044921875 0.05078125 0.044921875
0 0.626953125 0.091796875 0.060546875 0.0390625