0 0.884765625 0.3671875 0.060546875 0.05859375
0 0.892578125 0.4609375 0.064453125 0.087890625
0 0.884765625 0.546875 0.07421875 0.06640625
0 0.873046875 0.625 0.06640625 0.06640625
0 0.865234375 0.7109375 0.06640625 0.078125
0 0.857421875 0.796875 0.072265625 0.060546875
0 0.841796875 0.853515625 0.0625 0.068359375
0 0.841796875 0.951171875 0.05859375 0.056640625
0 0.87890625 0.025390625 0.0546875 0.05078125
0 0.88671875 0.08203125 0.0546875 0.060546875
0 0.8984375 0.150390625 0.056640625 0.041015625