0 0.314453125 0.46875 0.0703125 0.05859375
0 0.361328125 0.541015625 0.0703125 0.0625
0 0.41015625 0.6171875 0.0703125 0.0625
0 0.828125 0.375 0.09375 0.08203125
0 0.970703125 0.46484375 0.05859375 0.078125
0 0.9375 0.369140625 0.06640625 0.05859375
0 0.919921875 0.427734375 0.0546875 0.0546875
0 0.892578125 0.453125 0.0625 0.05859375
0 0.564453125 0.287109375 0.08203125 0.078125
0 0.625 0.30078125 0.0625 0.0703125
0 0.693359375 0.345703125 0.078125 0.07421875
0 0.4375 0.234375 0.1015625 0.0859375
0 0.302734375 0.189453125 0.10546875 0.078125
0 0.26171875 0.38671875 0.08203125 0.0703125
0 0.1796875 0.271484375 0.0859375 0.0859375
0 0.095703125 0.236328125 0.0859375 0.07421875
0 0.1328125 0.158203125 0.0859375 0.0703125
0 0.03515625 0.1484375 0.0625 0.09375
0 0.1796875 0.048828125 0.078125 0.06640625
0 0.466796875 0.650390625 0.078125 0.0390625
0 0.97265625 0.958984375 0.0546875 0.07421875
0 0.9296875 0.970703125 0.046875 0.03515625
0 0.9296875 0.58984375 0.09375 0.08984375
0 0.8046875 0.595703125 0.0546875 0.0546875
0 0.19921875 0.525390625 0.0625 0.0546875