0 0.81640625 0.140625 0.0625 0.068359375
0 0.853515625 0.0390625 0.072265625 0.06640625
0 0.978515625 0.072265625 0.04296875 0.078125
0 0.9375 0.138671875 0.08203125 0.0703125
0 0.888671875 0.19921875 0.0859375 0.083984375
0 0.96875 0.265625 0.0625 0.0625
0 0.9296875 0.353515625 0.0625 0.060546875
0 0.884765625 0.4375 0.060546875 0.056640625
0 0.833984375 0.521484375 0.072265625 0.068359375
0 0.890625 0.521484375 0.060546875 0.060546875
0 0.90234375 0.5859375 0.056640625 0.05078125
0 0.890625 0.66015625 0.05859375 0.048828125
0 0.880859375 0.728515625 0.056640625 0.052734375
0 0.841796875 0.794921875 0.0546875 0.05078125
0 0.78515625 0.85546875 0.05078125 0.05078125
0 0.736328125 0.875 0.072265625 0.05859375
0 0.640625 0.947265625 0.078125 0.080078125
0 0.57421875 0.939453125 0.060546875 0.056640625
0 0.6015625 0.875 0.056640625 0.0546875
0 0.673828125 0.8671875 0.060546875 0.0703125
0 0.6328125 0.806640625 0.056640625 0.056640625
0 0.720703125 0.78125 0.083984375 0.095703125
0 0.65625 0.734375 0.060546875 0.05078125
0 0.69140625 0.662109375 0.060546875 0.05078125
0 0.759765625 0.685546875 0.08203125 0.08984375
0 0.80078125 0.6015625 0.080078125 0.080078125
0 0.71875 0.59375 0.06640625 0.068359375
0 0.755859375 0.509765625 0.0625 0.072265625
0 0.79296875 0.4375 0.0625 0.05078125
0 0.8203125 0.359375 0.10546875 0.0703125
0 0.728515625 0.396484375 0.05078125 0.060546875
0 0.78515625 0.279296875 0.06640625 0.068359375
0 0.853515625 0.2734375 0.080078125 0.08203125
0 0.392578125 0.96875 0.0625 0.05859375
0 0.318359375 0.9296875 0.0859375 0.072265625
0 0.328125 0.8203125 0.07421875 0.072265625
0 0.29296875 0.98046875 0.041015625 0.037109375
0 0.154296875 0.984375 0.064453125 0.029296875
0 0.130859375 0.859375 0.052734375 0.0546875
0 0.34765625 0.705078125 0.0703125 0.078125
0 0.37109375 0.603515625 0.076171875 0.0625
0 0.365234375 0.544921875 0.068359375 0.05859375
0 0.416015625 0.498046875 0.068359375 0.0546875
0 0.474609375 0.466796875 0.060546875 0.091796875
0 0.451171875 0.37890625 0.0703125 0.06640625
0 0.494140625 0.255859375 0.078125 0.068359375
0 0.546875 0.154296875 0.076171875 0.07421875
0 0.59765625 0.0625 0.06640625 0.072265625
0 0.40625 0.248046875 0.04296875 0.04296875
0 0.451171875 0.216796875 0.0703125 0.068359375
0 0.22265625 0.740234375 0.04296875 0.048828125
0 0.013671875 0.697265625 0.02734375 0.046875
0 0.013671875 0.7890625 0.025390625 0.04296875
0 0.013671875 0.74609375 0.02734375 0.0390625