0 0.791015625 0.033203125 0.080078125 0.052734375
0 0.833984375 0.099609375 0.064453125 0.052734375
0 0.85546875 0.15234375 0.064453125 0.052734375
0 0.876953125 0.19921875 0.07421875 0.0625
0 0.880859375 0.236328125 0.046875 0.037109375
0 0.90234375 0.275390625 0.0703125 0.052734375
0 0.916015625 0.3203125 0.07421875 0.046875
0 0.92578125 0.361328125 0.064453125 0.060546875
0 0.94140625 0.396484375 0.0703125 0.060546875
0 0.955078125 0.435546875 0.0390625 0.03515625
0 0.9609375 0.474609375 0.044921875 0.044921875
0 0.97265625 0.517578125 0.052734375 0.044921875
0 0.9765625 0.556640625 0.046875 0.05078125
0 0.986328125 0.59765625 0.02734375 0.046875
0 0.9921875 0.65625 0.015625 0.048828125