0 0.33203125 0.734375 0.046875 0.0546875
0 0.30859375 0.78515625 0.05078125 0.05078125
0 0.244140625 0.92578125 0.0546875 0.046875
0 0.48046875 0.509765625 0.0625 0.046875
0 0.455078125 0.544921875 0.0390625 0.03515625
0 0.427734375 0.6015625 0.0546875 0.02734375
0 0.365234375 0.65234375 0.05078125 0.0390625
0 0.490234375 0.474609375 0.0546875 0.03125
0 0.5078125 0.447265625 0.0625 0.03125
0 0.666015625 0.1328125 0.046875 0.0390625
0 0.3515625 0.689453125 0.04296875 0.04296875
0 0.6875 0.091796875 0.05859375 0.0390625