0 0.078125 0.705078125 0.078125 0.07421875
0 0.05078125 0.962890625 0.0703125 0.0625
0 0.1015625 0.43359375 0.05078125 0.0703125
0 0.1484375 0.427734375 0.05859375 0.0390625
0 0.154296875 0.220703125 0.0625 0.05078125
0 0.1328125 0.1796875 0.05078125 0.046875
0 0.060546875 0.1015625 0.04296875 0.05078125
0 0.068359375 0.056640625 0.046875 0.0390625
0 0.080078125 0.0234375 0.05859375 0.046875
0 0.138671875 0.681640625 0.046875 0.0546875
0 0.361328125 0.626953125 0.0390625 0.0546875
0 0.244140625 0.982421875 0.0546875 0.03515625
0 0.20703125 0.970703125 0.046875 0.046875
0 0.55859375 0.751953125 0.046875 0.0390625
0 0.556640625 0.830078125 0.0390625 0.04296875
0 0.556640625 0.888671875 0.0546875 0.03125
0 0.552734375 0.94921875 0.05078125 0.05078125