0 0.677734375 0.685546875 0.0703125 0.0625
0 0.658203125 0.58203125 0.0859375 0.0703125
0 0.634765625 0.4921875 0.07421875 0.0625
0 0.634765625 0.419921875 0.06640625 0.05859375
0 0.65234375 0.1953125 0.046875 0.0390625
0 0.853515625 0.36328125 0.0703125 0.0625
0 0.75 0.3046875 0.09375 0.07421875
0 0.759765625 0.44921875 0.0546875 0.0546875
0 0.595703125 0.16796875 0.0546875 0.0546875
0 0.650390625 0.13671875 0.078125 0.0703125
0 0.669921875 0.068359375 0.05078125 0.0390625
0 0.650390625 0.017578125 0.08984375 0.03125
0 0.60546875 0.0859375 0.05859375 0.0546875
0 0.55859375 0.05859375 0.0625 0.046875
0 0.64453125 0.240234375 0.05078125 0.0546875
0 0.677734375 0.333984375 0.046875 0.0546875
0 0.59765625 0.30859375 0.07421875 0.0546875
0 0.630859375 0.34375 0.0546875 0.0390625
0 0.896484375 0.53125 0.06640625 0.046875
0 0.9375 0.650390625 0.10546875 0.0625
0 0.951171875 0.818359375 0.09375 0.08984375
0 0.97265625 0.94921875 0.0546875 0.09375
0 0.5859375 0.939453125 0.078125 0.078125
0 0.9453125 0.4375 0.109375 0.109375
0 0.921875 0.28125 0.0703125 0.0546875
0 0.85546875 0.267578125 0.09375 0.0703125
0 0.806640625 0.189453125 0.06640625 0.046875
0 0.73046875 0.166015625 0.05859375 0.05859375
0 0.78515625 0.056640625 0.1015625 0.08203125
0 0.923828125 0.0625 0.0546875 0.04296875
0 0.947265625 0.04296875 0.0546875 0.0546875
0 0.947265625 0.095703125 0.1015625 0.046875
0 0.572265625 0.849609375 0.0703125 0.0703125
0 0.54296875 0.787109375 0.06640625 0.06640625
0 0.470703125 0.513671875 0.0625 0.05078125
0 0.470703125 0.345703125 0.046875 0.046875
0 0.51953125 0.34765625 0.0546875 0.05078125
0 0.517578125 0.298828125 0.05859375 0.0625
0 0.5 0.251953125 0.0546875 0.03515625
0 0.46875 0.216796875 0.0625 0.06640625
0 0.380859375 0.234375 0.04296875 0.04296875
0 0.3671875 0.12109375 0.0546875 0.046875
0 0.3515625 0.015625 0.08203125 0.03125
0 0.45703125 0.068359375 0.0546875 0.0390625
0 0.453125 0.09375 0.07421875 0.03125
0 0.462890625 0.11328125 0.0703125 0.03515625
0 0.45703125 0.12890625 0.08984375 0.02734375
0 0.462890625 0.158203125 0.0546875 0.04296875
0 0.390625 0.169921875 0.0859375 0.05859375
0 0.375 0.20703125 0.0546875 0.04296875
0 0.373046875 0.068359375 0.078125 0.0625
0 0.42578125 0.033203125 0.0859375 0.0390625
0 0.26953125 0.267578125 0.05078125 0.0390625
0 0.42578125 0.328125 0.0625 0.08203125
0 0.46484375 0.412109375 0.078125 0.0625
0 0.509765625 0.392578125 0.0390625 0.0390625
0 0.412109375 0.40625 0.046875 0.05859375
0 0.3359375 0.396484375 0.08203125 0.0625
0 0.244140625 0.150390625 0.07421875 0.078125
0 0.0390625 0.3828125 0.078125 0.07421875
0 0.07421875 0.361328125 0.046875 0.0390625
0 0.0859375 0.546875 0.109375 0.078125
0 0.146484375 0.599609375 0.0703125 0.0625
0 0.03125 0.859375 0.0625 0.078125
0 0.46484375 0.626953125 0.0703125 0.0546875
0 0.4765625 0.56640625 0.0546875 0.0390625
0 0.43359375 0.56640625 0.0546875 0.04296875
0 0.47265625 0.689453125 0.0625 0.0625
0 0.4765625 0.7421875 0.0546875 0.0546875
0 0.47265625 0.791015625 0.0625 0.0546875
0 0.4765625 0.849609375 0.0546875 0.05078125
0 0.470703125 0.90234375 0.06640625 0.046875
0 0.466796875 0.958984375 0.07421875 0.05078125
0 0.66015625 0.853515625 0.0546875 0.0546875
0 0.521484375 0.470703125 0.046875 0.0546875
0 0.46875 0.470703125 0.078125 0.0546875