0 0.658203125 0.0625 0.056640625 0.048828125
0 0.66015625 0.134765625 0.044921875 0.048828125
0 0.66796875 0.216796875 0.060546875 0.04296875
0 0.671875 0.302734375 0.052734375 0.056640625
0 0.681640625 0.380859375 0.048828125 0.046875
0 0.69140625 0.46484375 0.064453125 0.037109375
0 0.689453125 0.5078125 0.041015625 0.044921875
0 0.6875 0.59375 0.046875 0.05078125
0 0.693359375 0.677734375 0.048828125 0.048828125
0 0.6953125 0.755859375 0.056640625 0.05078125
0 0.849609375 0.830078125 0.052734375 0.04296875
0 0.83984375 0.93359375 0.041015625 0.044921875
0 0.9375 0.9140625 0.0390625 0.033203125
0 0.951171875 0.978515625 0.046875 0.04296875
0 0.830078125 0.974609375 0.041015625 0.041015625
0 0.908203125 0.828125 0.046875 0.046875
0 0.845703125 0.79296875 0.056640625 0.04296875
0 0.8515625 0.75 0.046875 0.03515625
0 0.86328125 0.71484375 0.041015625 0.03515625
0 0.88671875 0.681640625 0.048828125 0.046875
0 0.896484375 0.650390625 0.052734375 0.0390625
0 0.939453125 0.541015625 0.05078125 0.041015625
0 0.91796875 0.57421875 0.048828125 0.03515625
0 0.947265625 0.380859375 0.05859375 0.044921875
0 0.9296875 0.34765625 0.0546875 0.0546875
0 0.916015625 0.310546875 0.052734375 0.041015625
0 0.91796875 0.275390625 0.0625 0.046875
0 0.90625 0.244140625 0.04296875 0.037109375
0 0.890625 0.17578125 0.052734375 0.041015625
0 0.875 0.130859375 0.052734375 0.02734375
0 0.869140625 0.091796875 0.056640625 0.044921875
0 0.87109375 0.052734375 0.0625 0.048828125
0 0.8671875 0.021484375 0.0703125 0.041015625
0 0.85546875 0.533203125 0.044921875 0.046875
0 0.76953125 0.85546875 0.04296875 0.044921875
0 0.771484375 0.322265625 0.0546875 0.0546875
0 0.783203125 0.271484375 0.0703125 0.04296875
0 0.759765625 0.244140625 0.04296875 0.02734375
0 0.744140625 0.216796875 0.05859375 0.046875
0 0.763671875 0.171875 0.05859375 0.0390625
0 0.78515625 0.103515625 0.064453125 0.056640625
0 0.78515625 0.05078125 0.048828125 0.052734375
0 0.779296875 0.013671875 0.080078125 0.02734375