0 0.705078125 0.080078125 0.078125 0.08203125
0 0.69921875 0.267578125 0.078125 0.0859375
0 0.693359375 0.435546875 0.0703125 0.078125
0 0.67578125 0.603515625 0.0625 0.0625
0 0.685546875 0.544921875 0.05859375 0.04296875
0 0.642578125 0.533203125 0.046875 0.046875
0 0.6953125 0.7890625 0.0703125 0.0859375
0 0.69921875 0.96484375 0.07421875 0.0703125
0 0.978515625 0.58984375 0.04296875 0.0546875
0 0.966796875 0.748046875 0.0625 0.06640625
0 0.30078125 0.90625 0.0546875 0.0625
0 0.33203125 0.81640625 0.05078125 0.0546875
0 0.189453125 0.611328125 0.0625 0.05859375
0 0.90625 0.0546875 0.046875 0.0625
0 0.939453125 0.021484375 0.06640625 0.04296875
0 0.9140625 0.2109375 0.0625 0.0625