0 0.849609375 0.205078125 0.041015625 0.041015625
0 0.8828125 0.228515625 0.056640625 0.037109375
0 0.87890625 0.29296875 0.044921875 0.041015625
0 0.87890625 0.341796875 0.046875 0.046875
0 0.947265625 0.3515625 0.048828125 0.046875
0 0.923828125 0.306640625 0.044921875 0.04296875
0 0.8359375 0.162109375 0.046875 0.0390625
0 0.794921875 0.123046875 0.06640625 0.048828125
0 0.74609375 0.072265625 0.0546875 0.05859375
0 0.71484375 0.029296875 0.0546875 0.05859375
0 0.876953125 0.462890625 0.0546875 0.04296875
0 0.9140625 0.4921875 0.06640625 0.068359375
0 0.880859375 0.943359375 0.046875 0.05859375
0 0.98046875 0.87890625 0.0390625 0.05859375
0 0.96484375 0.9375 0.0703125 0.052734375
0 0.982421875 0.978515625 0.03515625 0.041015625
0 0.869140625 0.65234375 0.05859375 0.048828125
0 0.8359375 0.6015625 0.064453125 0.05859375
0 0.80859375 0.705078125 0.052734375 0.056640625
0 0.84375 0.80859375 0.048828125 0.044921875
0 0.857421875 0.724609375 0.046875 0.052734375
0 0.8828125 0.8203125 0.02734375 0.033203125
0 0.84765625 0.8828125 0.044921875 0.033203125
0 0.796875 0.94921875 0.0625 0.052734375
0 0.796875 0.990234375 0.044921875 0.01953125
0 0.82421875 0.9296875 0.05078125 0.052734375