0 0.43359375 0.306640625 0.09375 0.076171875
0 0.509765625 0.30078125 0.076171875 0.068359375
0 0.509765625 0.4375 0.09375 0.087890625
0 0.55078125 0.548828125 0.1171875 0.09375
0 0.603515625 0.7265625 0.099609375 0.095703125
0 0.6640625 0.8515625 0.09375 0.078125
0 0.59765625 0.91015625 0.09375 0.08984375
0 0.630859375 0.978515625 0.091796875 0.04296875
0 0.708984375 0.951171875 0.083984375 0.087890625
0 0.4609375 0.833984375 0.07421875 0.076171875
0 0.3359375 0.740234375 0.0859375 0.078125
0 0.1953125 0.66796875 0.083984375 0.064453125
0 0.04296875 0.62109375 0.0859375 0.07421875
0 0.33984375 0.208984375 0.0859375 0.07421875
0 0.22265625 0.13671875 0.08203125 0.083984375
0 0.0859375 0.017578125 0.1015625 0.03515625
0 0.02734375 0.25 0.0546875 0.05859375
0 0.966796875 0.767578125 0.06640625 0.05859375
0 0.8203125 0.830078125 0.068359375 0.07421875