0 0.908203125 0.421875 0.07421875 0.05859375
0 0.953125 0.470703125 0.0703125 0.046875
0 0.962890625 0.513671875 0.0625 0.04296875
0 0.97265625 0.5546875 0.0546875 0.0390625
0 0.96875 0.58984375 0.0546875 0.046875
0 0.9765625 0.642578125 0.046875 0.078125
0 0.876953125 0.34765625 0.078125 0.0546875
0 0.888671875 0.298828125 0.0703125 0.0625
0 0.896484375 0.2578125 0.0859375 0.06640625
0 0.876953125 0.205078125 0.0859375 0.0625
0 0.861328125 0.1640625 0.0625 0.046875
0 0.837890625 0.12890625 0.0703125 0.0546875
0 0.822265625 0.091796875 0.07421875 0.0546875
0 0.8046875 0.048828125 0.06640625 0.05078125
0 0.80078125 0.017578125 0.0703125 0.03515625
0 0.9453125 0.3359375 0.046875 0.03515625
0 0.962890625 0.3046875 0.0546875 0.0546875
0 0.95703125 0.3671875 0.0625 0.05078125