0 0.84375 0.3046875 0.0703125 0.0703125
0 0.77734375 0.361328125 0.06640625 0.07421875
0 0.83203125 0.380859375 0.056640625 0.0625
0 0.779296875 0.46484375 0.080078125 0.068359375
0 0.7890625 0.55078125 0.06640625 0.05859375
0 0.818359375 0.640625 0.076171875 0.072265625
0 0.841796875 0.7421875 0.08984375 0.083984375
0 0.865234375 0.84765625 0.0703125 0.072265625
0 0.896484375 0.966796875 0.06640625 0.056640625
0 0.859375 0.9609375 0.037109375 0.05078125
0 0.763671875 0.255859375 0.064453125 0.068359375
0 0.7578125 0.12890625 0.076171875 0.07421875
0 0.748046875 0.025390625 0.06640625 0.05078125
0 0.107421875 0.25390625 0.060546875 0.0390625
0 0.052734375 0.23046875 0.0546875 0.05078125
0 0.052734375 0.26953125 0.0546875 0.03125
0 0.0859375 0.2890625 0.072265625 0.037109375
0 0.109375 0.224609375 0.044921875 0.02734375