0 0.08203125 0.810546875 0.06640625 0.0703125
0 0.169921875 0.50390625 0.05078125 0.0546875
0 0.146484375 0.544921875 0.0546875 0.046875
0 0.12890625 0.498046875 0.0546875 0.0625
0 0.19921875 0.314453125 0.04296875 0.03515625
0 0.1640625 0.322265625 0.0546875 0.0546875
0 0.087890625 0.177734375 0.046875 0.046875
0 0.130859375 0.287109375 0.05859375 0.046875
0 0.12109375 0.39453125 0.08984375 0.0546875
0 0.296875 0.703125 0.06640625 0.0546875
0 0.322265625 0.818359375 0.0859375 0.06640625
0 0.259765625 0.865234375 0.0703125 0.09375
0 0.330078125 0.904296875 0.09375 0.046875
0 0.314453125 0.94140625 0.06640625 0.03125
0 0.146484375 0.099609375 0.0703125 0.05859375
0 0.16796875 0.6640625 0.08203125 0.0625
0 0.18359375 0.70703125 0.0703125 0.046875