0 0.271484375 0.45703125 0.05078125 0.0546875
0 0.23828125 0.509765625 0.0703125 0.0546875
0 0.28515625 0.595703125 0.0625 0.0546875
0 0.28125 0.67578125 0.06640625 0.0625
0 0.22265625 0.44140625 0.0625 0.046875
0 0.259765625 0.38671875 0.0625 0.04296875
0 0.548828125 0.314453125 0.078125 0.0859375
0 0.52734375 0.2265625 0.09375 0.07421875
0 0.5078125 0.138671875 0.05078125 0.0625
0 0.46875 0.119140625 0.046875 0.04296875
0 0.42578125 0.0546875 0.0625 0.0625
0 0.3828125 0.01953125 0.0703125 0.0390625
0 0.353515625 0.115234375 0.0546875 0.0625
0 0.400390625 0.15234375 0.0546875 0.0625
0 0.37890625 0.203125 0.05859375 0.06640625
0 0.3515625 0.236328125 0.0546875 0.046875
0 0.44921875 0.232421875 0.0546875 0.05078125
0 0.2578125 0.32421875 0.0546875 0.0390625
0 0.212890625 0.3671875 0.06640625 0.0625
0 0.248046875 0.26171875 0.0546875 0.0546875
0 0.236328125 0.185546875 0.0703125 0.0703125
0 0.28515625 0.125 0.0703125 0.0546875
0 0.349609375 0.15234375 0.0625 0.0625
0 0.29296875 0.171875 0.06640625 0.0546875
0 0.359375 0.06640625 0.0625 0.0546875
0 0.58984375 0.4140625 0.0546875 0.0546875
0 0.794921875 0.3359375 0.0703125 0.0625
0 0.783203125 0.24609375 0.07421875 0.06640625