0 0.220703125 0.54296875 0.072265625 0.05078125
0 0.2421875 0.591796875 0.072265625 0.046875
0 0.11328125 0.37890625 0.072265625 0.068359375
0 0.2578125 0.671875 0.078125 0.060546875
0 0.19140625 0.470703125 0.072265625 0.05078125
0 0.1484375 0.326171875 0.072265625 0.056640625
0 0.13671875 0.421875 0.068359375 0.060546875
0 0.1015625 0.2890625 0.056640625 0.060546875
0 0.1640625 0.37890625 0.068359375 0.05078125
0 0.12109375 0.228515625 0.078125 0.060546875
0 0.126953125 0.26171875 0.064453125 0.0390625
0 0.19921875 0.5 0.072265625 0.060546875
0 0.30859375 0.787109375 0.078125 0.07421875
0 0.251953125 0.640625 0.064453125 0.029296875
0 0.3828125 0.96484375 0.078125 0.05078125
0 0.35546875 0.90234375 0.068359375 0.07421875