0 0.796875 0.435546875 0.0703125 0.0703125
0 0.8203125 0.564453125 0.07421875 0.0625
0 0.8671875 0.712890625 0.0546875 0.0703125
0 0.8671875 0.81640625 0.08984375 0.0625
0 0.89453125 0.857421875 0.0546875 0.046875
0 0.90234375 0.953125 0.0390625 0.0625
0 0.865234375 0.96875 0.05859375 0.0625
0 0.919921875 0.830078125 0.0390625 0.0390625
0 0.982421875 0.85546875 0.03515625 0.0703125
0 0.75390625 0.283203125 0.0625 0.07421875
0 0.728515625 0.15234375 0.0703125 0.05859375
0 0.763671875 0.015625 0.046875 0.03125
0 0.9296875 0.1484375 0.07421875 0.06640625
0 0.68359375 0.0234375 0.0625 0.046875
0 0.923828125 0.443359375 0.0546875 0.0625
0 0.97265625 0.421875 0.0546875 0.078125
0 0.958984375 0.466796875 0.04296875 0.0390625