0 0.771484375 0.859375 0.0703125 0.0625
0 0.77734375 0.96484375 0.08984375 0.0703125
0 0.67578125 0.970703125 0.05078125 0.03515625
0 0.65625 0.90234375 0.08203125 0.0625
0 0.642578125 0.82421875 0.06640625 0.06640625
0 0.5078125 0.359375 0.0859375 0.07421875
0 0.474609375 0.26953125 0.0703125 0.0546875
0 0.462890625 0.21875 0.0625 0.0546875
0 0.375 0.20703125 0.08203125 0.08203125
0 0.283203125 0.189453125 0.0625 0.0546875
0 0.259765625 0.11328125 0.0625 0.0546875
0 0.21484375 0.078125 0.046875 0.046875
0 0.326171875 0.029296875 0.0546875 0.05859375
0 0.4296875 0.126953125 0.078125 0.046875
0 0.431640625 0.166015625 0.0859375 0.04296875
0 0.3359375 0.12109375 0.09375 0.0859375
0 0.396484375 0.021484375 0.08984375 0.04296875
0 0.57421875 0.892578125 0.0546875 0.0703125
0 0.607421875 0.98046875 0.0703125 0.0390625
0 0.5234375 0.912109375 0.06640625 0.0625
0 0.322265625 0.708984375 0.078125 0.0625
0 0.3359375 0.78125 0.0625 0.0625
0 0.359375 0.87890625 0.07421875 0.046875
0 0.375 0.970703125 0.0625 0.0546875
0 0.392578125 0.73828125 0.0546875 0.046875
0 0.4296875 0.71484375 0.046875 0.0390625
0 0.466796875 0.78515625 0.0546875 0.05078125
0 0.45703125 0.931640625 0.046875 0.0625
0 0.462890625 0.974609375 0.05859375 0.0390625
0 0.458984375 0.8828125 0.04296875 0.046875
0 0.421875 0.892578125 0.0546875 0.0625
0 0.3984375 0.783203125 0.0546875 0.046875
0 0.376953125 0.69140625 0.0546875 0.05078125
0 0.361328125 0.65234375 0.0703125 0.046875
0 0.34375 0.609375 0.078125 0.0390625
0 0.3671875 0.552734375 0.046875 0.046875
0 0.32421875 0.568359375 0.0703125 0.0625
0 0.298828125 0.517578125 0.05859375 0.0625
0 0.291015625 0.47265625 0.0703125 0.0625
0 0.2734375 0.42578125 0.0625 0.05078125
0 0.259765625 0.3828125 0.05078125 0.0546875
0 0.25 0.3359375 0.0546875 0.0546875
0 0.240234375 0.30078125 0.05078125 0.046875
0 0.22265625 0.259765625 0.046875 0.05078125
0 0.21875 0.224609375 0.046875 0.0390625
0 0.212890625 0.1796875 0.05078125 0.05078125
0 0.1875 0.1328125 0.0703125 0.0625
0 0.294921875 0.34375 0.046875 0.046875
0 0.337890625 0.46875 0.03515625 0.046875
0 0.3515625 0.509765625 0.0546875 0.046875
0 0.2734375 0.0546875 0.046875 0.0390625
0 0.302734375 0.064453125 0.0390625 0.03515625
0 0.28515625 0.021484375 0.04296875 0.04296875
0 0.20703125 0.03515625 0.03125 0.0546875
0 0.169921875 0.037109375 0.046875 0.046875
0 0.298828125 0.98046875 0.0703125 0.0390625
0 0.283203125 0.880859375 0.0546875 0.0390625
0 0.154296875 0.197265625 0.0625 0.05859375
0 0.62109375 0.701171875 0.0703125 0.0625
0 0.779296875 0.666015625 0.0390625 0.0625
0 0.8359375 0.72265625 0.0625 0.0546875