0 0.90625 0.1171875 0.0703125 0.078125
0 0.923828125 0.181640625 0.06640625 0.056640625
0 0.923828125 0.26171875 0.060546875 0.064453125
0 0.4375 0.466796875 0.033203125 0.029296875
0 0.4375 0.4375 0.03515625 0.037109375
0 0.431640625 0.498046875 0.02734375 0.025390625
0 0.419921875 0.52734375 0.037109375 0.029296875
0 0.40234375 0.615234375 0.041015625 0.04296875
0 0.408203125 0.580078125 0.04296875 0.03125
0 0.416015625 0.55078125 0.041015625 0.037109375
0 0.361328125 0.802734375 0.03125 0.03125
0 0.349609375 0.837890625 0.041015625 0.04296875
0 0.34375 0.873046875 0.033203125 0.052734375