0 0.828125 0.10546875 0.05078125 0.046875
0 0.828125 0.0703125 0.052734375 0.0390625
0 0.841796875 0.033203125 0.060546875 0.04296875
0 0.943359375 0.017578125 0.06640625 0.03515625
0 0.951171875 0.08203125 0.056640625 0.0546875
0 0.94140625 0.150390625 0.0546875 0.05078125
0 0.814453125 0.177734375 0.044921875 0.03125
0 0.8203125 0.146484375 0.05078125 0.048828125
0 0.80859375 0.27734375 0.052734375 0.044921875
0 0.80859375 0.240234375 0.044921875 0.037109375
0 0.80859375 0.205078125 0.04296875 0.033203125
0 0.923828125 0.21484375 0.0390625 0.041015625
0 0.798828125 0.33203125 0.044921875 0.03515625
0 0.80078125 0.361328125 0.048828125 0.04296875
0 0.7890625 0.46484375 0.060546875 0.041015625
0 0.89453125 0.431640625 0.044921875 0.0390625
0 0.916015625 0.302734375 0.04296875 0.0390625