0 0.537109375 0.029296875 0.0625 0.0546875
0 0.583984375 0.12109375 0.080078125 0.05859375
0 0.630859375 0.212890625 0.076171875 0.060546875
0 0.685546875 0.314453125 0.06640625 0.064453125
0 0.73046875 0.40625 0.0625 0.056640625
0 0.787109375 0.5 0.056640625 0.060546875
0 0.8359375 0.603515625 0.068359375 0.05859375
0 0.884765625 0.7109375 0.064453125 0.060546875
0 0.91796875 0.810546875 0.06640625 0.060546875
0 0.9609375 0.89453125 0.072265625 0.0625
0 0.953125 0.962890625 0.060546875 0.05859375
0 0.228515625 0.650390625 0.07421875 0.0625
0 0.283203125 0.583984375 0.072265625 0.0625
0 0.337890625 0.51953125 0.0703125 0.064453125
0 0.392578125 0.4453125 0.068359375 0.0625
0 0.447265625 0.384765625 0.064453125 0.0625
0 0.49609375 0.30859375 0.078125 0.068359375
0 0.548828125 0.23046875 0.076171875 0.0625
0 0.72265625 0.044921875 0.07421875 0.052734375
0 0.77734375 0.01171875 0.060546875 0.021484375
0 0.703125 0.01171875 0.0625 0.0234375
0 0.65625 0.115234375 0.064453125 0.072265625
0 0.740234375 0.1171875 0.068359375 0.048828125
0 0.759765625 0.15234375 0.064453125 0.046875
0 0.775390625 0.181640625 0.0703125 0.052734375
0 0.79296875 0.21875 0.078125 0.05078125
0 0.814453125 0.263671875 0.056640625 0.06640625
0 0.83203125 0.298828125 0.05078125 0.046875
0 0.869140625 0.333984375 0.060546875 0.05078125
0 0.890625 0.375 0.0546875 0.048828125
0 0.908203125 0.400390625 0.068359375 0.048828125
0 0.92578125 0.44921875 0.060546875 0.048828125
0 0.93359375 0.501953125 0.068359375 0.060546875
0 0.9765625 0.521484375 0.046875 0.05078125
0 0.9765625 0.5625 0.046875 0.060546875
0 0.982421875 0.626953125 0.033203125 0.068359375
0 0.1796875 0.697265625 0.09375 0.09375
0 0.841796875 0.0546875 0.05078125 0.05078125
0 0.919921875 0.041015625 0.08203125 0.0625