0 0.8828125 0.05078125 0.060546875 0.06640625
0 0.90234375 0.130859375 0.041015625 0.0703125
0 0.810546875 0.322265625 0.0390625 0.0546875
0 0.859375 0.251953125 0.05859375 0.0546875
0 0.81640625 0.2421875 0.037109375 0.037109375
0 0.857421875 0.138671875 0.0546875 0.0546875
0 0.845703125 0.099609375 0.0390625 0.03515625
0 0.732421875 0.529296875 0.05078125 0.046875
0 0.763671875 0.568359375 0.076171875 0.0625
0 0.712890625 0.640625 0.03515625 0.044921875
0 0.609375 0.80078125 0.046875 0.048828125
0 0.640625 0.76171875 0.0546875 0.044921875
0 0.671875 0.71484375 0.0546875 0.048828125
0 0.69921875 0.673828125 0.046875 0.03515625
0 0.576171875 0.87890625 0.0546875 0.03125
0 0.58203125 0.83203125 0.05078125 0.0546875
0 0.560546875 0.908203125 0.044921875 0.048828125
0 0.75 0.50390625 0.048828125 0.029296875
0 0.76953125 0.470703125 0.04296875 0.05078125
0 0.802734375 0.3671875 0.048828125 0.041015625
0 0.79296875 0.41015625 0.0390625 0.064453125
0 0.8203125 0.439453125 0.05078125 0.052734375
0 0.8125 0.1953125 0.021484375 0.041015625
0 0.83203125 0.20703125 0.02734375 0.03515625
0 0.568359375 0.9375 0.041015625 0.01953125
0 0.568359375 0.958984375 0.03125 0.017578125
0 0.56640625 0.978515625 0.0390625 0.015625
0 0.560546875 0.9921875 0.060546875 0.015625