0 0.021484375 0.751953125 0.04296875 0.05078125
0 0.046875 0.8046875 0.080078125 0.064453125
0 0.052734375 0.861328125 0.0703125 0.0625
0 0.087890625 0.919921875 0.0859375 0.04296875
0 0.109375 0.96484375 0.08984375 0.068359375
0 0.90234375 0.861328125 0.078125 0.0546875
0 0.96484375 0.970703125 0.0625 0.05859375
0 0.833984375 0.759765625 0.08203125 0.076171875
0 0.755859375 0.6328125 0.07421875 0.072265625
0 0.724609375 0.423828125 0.068359375 0.0703125
0 0.650390625 0.490234375 0.078125 0.072265625
0 0.521484375 0.41796875 0.07421875 0.072265625
0 0.55078125 0.328125 0.056640625 0.052734375
0 0.453125 0.306640625 0.072265625 0.064453125
0 0.40625 0.07421875 0.0625 0.0703125
0 0.453125 0.166015625 0.05859375 0.060546875
0 0.521484375 0.125 0.076171875 0.072265625
0 0.353515625 0.015625 0.068359375 0.029296875