0 0.849609375 0.7890625 0.06640625 0.056640625
0 0.861328125 0.642578125 0.048828125 0.05859375
0 0.857421875 0.91796875 0.056640625 0.072265625
0 0.59765625 0.845703125 0.080078125 0.08984375
0 0.5703125 0.60546875 0.072265625 0.052734375
0 0.595703125 0.525390625 0.080078125 0.083984375
0 0.63671875 0.416015625 0.068359375 0.0625
0 0.591796875 0.392578125 0.0546875 0.052734375
0 0.59765625 0.064453125 0.060546875 0.068359375
0 0.525390625 0.1328125 0.052734375 0.04296875
0 0.59765625 0.244140625 0.060546875 0.0625
0 0.529296875 0.654296875 0.044921875 0.046875
0 0.537109375 0.96875 0.0625 0.0625
0 0.521484375 0.498046875 0.044921875 0.048828125
0 0.1640625 0.75390625 0.099609375 0.078125
0 0.1171875 0.453125 0.0859375 0.076171875
0 0.111328125 0.154296875 0.099609375 0.087890625
0 0.03125 0.048828125 0.0625 0.060546875
0 0.0625 0.693359375 0.05859375 0.048828125
0 0.03125 0.73046875 0.05078125 0.04296875
0 0.3125 0.453125 0.05859375 0.060546875
0 0.30859375 0.123046875 0.044921875 0.048828125
0 0.2890625 0.083984375 0.048828125 0.0390625
0 0.337890625 0.166015625 0.041015625 0.05078125
0 0.361328125 0.125 0.046875 0.044921875
0 0.33203125 0.052734375 0.044921875 0.048828125
0 0.3671875 0.07421875 0.056640625 0.041015625
0 0.39453125 0.1015625 0.052734375 0.04296875
0 0.390625 0.041015625 0.03515625 0.04296875
0 0.41796875 0.4375 0.078125 0.072265625
0 0.427734375 0.537109375 0.078125 0.06640625
0 0.4296875 0.625 0.06640625 0.0625
0 0.302734375 0.73046875 0.08203125 0.064453125
0 0.421875 0.720703125 0.076171875 0.056640625
0 0.42578125 0.783203125 0.060546875 0.04296875
0 0.427734375 0.83203125 0.07421875 0.0546875
0 0.419921875 0.89453125 0.072265625 0.060546875
0 0.423828125 0.953125 0.072265625 0.041015625
0 0.431640625 0.984375 0.052734375 0.03125
0 0.763671875 0.177734375 0.056640625 0.048828125