0 0.68359375 0.462890625 0.078125 0.046875
0 0.720703125 0.505859375 0.078125 0.0625
0 0.751953125 0.5546875 0.06640625 0.046875
0 0.779296875 0.607421875 0.0625 0.0625
0 0.822265625 0.677734375 0.09375 0.0703125
0 0.859375 0.74609375 0.0703125 0.0625
0 0.916015625 0.82421875 0.0703125 0.06640625
0 0.947265625 0.884765625 0.05859375 0.0703125
0 0.66015625 0.41796875 0.05859375 0.0546875
0 0.6328125 0.36328125 0.05859375 0.046875
0 0.595703125 0.30859375 0.0625 0.046875
0 0.564453125 0.25 0.0546875 0.05859375
0 0.546875 0.173828125 0.046875 0.0703125
0 0.529296875 0.12109375 0.0546875 0.046875
0 0.619140625 0.08203125 0.046875 0.046875