0 0.091796875 0.578125 0.07421875 0.05859375
0 0.046875 0.529296875 0.0703125 0.048828125
0 0.037109375 0.486328125 0.0625 0.04296875
0 0.02734375 0.4453125 0.0546875 0.041015625
0 0.03125 0.41015625 0.0546875 0.048828125
0 0.0234375 0.357421875 0.044921875 0.078125
0 0.123046875 0.65234375 0.078125 0.056640625
0 0.111328125 0.701171875 0.0703125 0.060546875
0 0.103515625 0.7421875 0.083984375 0.06640625
0 0.123046875 0.794921875 0.083984375 0.064453125
0 0.138671875 0.8359375 0.0625 0.044921875
0 0.162109375 0.87109375 0.072265625 0.0546875
0 0.177734375 0.908203125 0.07421875 0.056640625
0 0.1953125 0.951171875 0.06640625 0.05078125
0 0.19921875 0.982421875 0.068359375 0.03515625
0 0.0546875 0.6640625 0.046875 0.03515625
0 0.037109375 0.6953125 0.056640625 0.052734375
0 0.04296875 0.6328125 0.060546875 0.05078125