0 0.234375 0.6875 0.046875 0.0625
0 0.234375 0.83984375 0.05078125 0.0703125
0 0.2578125 0.9765625 0.0625 0.046875
0 0.185546875 0.685546875 0.0546875 0.0703125
0 0.162109375 0.5546875 0.0859375 0.0859375
0 0.162109375 0.435546875 0.05078125 0.0703125
0 0.150390625 0.318359375 0.0625 0.046875
0 0.1484375 0.193359375 0.05078125 0.0390625
0 0.16015625 0.046875 0.0625 0.0390625
0 0.220703125 0.16796875 0.05859375 0.06640625
0 0.224609375 0.01171875 0.0625 0.0234375
0 0.2265625 0.341796875 0.0703125 0.078125
0 0.23828125 0.51953125 0.0546875 0.0703125
0 0.4609375 0.75390625 0.04296875 0.046875
0 0.142578125 0.6953125 0.0546875 0.0625