0 0.330078125 0.552734375 0.0703125 0.078125
0 0.873046875 0.39453125 0.078125 0.0625
0 0.884765625 0.47265625 0.0703125 0.078125
0 0.916015625 0.560546875 0.04296875 0.0546875
0 0.892578125 0.33203125 0.0703125 0.0703125
0 0.87109375 0.263671875 0.078125 0.0703125
0 0.859375 0.185546875 0.078125 0.078125
0 0.84375 0.12890625 0.0859375 0.046875
0 0.87890625 0.09375 0.078125 0.046875
0 0.873046875 0.056640625 0.06640625 0.0546875
0 0.861328125 0.015625 0.0625 0.03125
0 0.8125 0.078125 0.0546875 0.046875
0 0.796875 0.02734375 0.0703125 0.0546875
0 0.37890625 0.826171875 0.078125 0.078125
0 0.318359375 0.822265625 0.06640625 0.06640625
0 0.248046875 0.75390625 0.06640625 0.078125
0 0.302734375 0.716796875 0.0625 0.0625
0 0.384765625 0.9140625 0.0546875 0.0703125
0 0.427734375 0.94921875 0.06640625 0.05859375
0 0.365234375 0.97265625 0.07421875 0.0546875
0 0.306640625 0.4140625 0.0703125 0.078125
0 0.255859375 0.052734375 0.07421875 0.0703125
0 0.3125 0.0859375 0.0546875 0.0703125
0 0.26171875 0.12109375 0.0703125 0.0546875
0 0.314453125 0.017578125 0.0390625 0.03515625
0 0.236328125 0.921875 0.08984375 0.09375
0 0.4296875 0.990234375 0.078125 0.01953125