0 0.513671875 0.865234375 0.0625 0.072265625
0 0.880859375 0.953125 0.064453125 0.07421875
0 0.8828125 0.8359375 0.0625 0.0625
0 0.892578125 0.794921875 0.0625 0.041015625
0 0.892578125 0.751953125 0.06640625 0.060546875
0 0.84765625 0.48828125 0.07421875 0.06640625
0 0.8125 0.41796875 0.056640625 0.05859375
0 0.814453125 0.373046875 0.064453125 0.041015625
0 0.802734375 0.33984375 0.041015625 0.029296875
0 0.767578125 0.279296875 0.052734375 0.048828125
0 0.75 0.11328125 0.052734375 0.07421875
0 0.779296875 0.05078125 0.072265625 0.072265625
0 0.728515625 0.173828125 0.044921875 0.044921875
0 0.94140625 0.859375 0.0703125 0.0703125