0 0.69921875 0.560546875 0.0625 0.05859375
0 0.712890625 0.453125 0.046875 0.046875
0 0.744140625 0.296875 0.0625 0.07421875
0 0.7421875 0.08984375 0.046875 0.06640625
0 0.724609375 0.171875 0.04296875 0.03515625
0 0.91796875 0.099609375 0.05078125 0.0546875
0 0.98046875 0.41796875 0.0390625 0.05859375
0 0.98046875 0.69921875 0.03125 0.046875
0 0.697265625 0.6953125 0.03515625 0.0546875
0 0.666015625 0.849609375 0.046875 0.046875
0 0.6875 0.083984375 0.04296875 0.0546875
0 0.986328125 0.798828125 0.02734375 0.05078125