0 0.8671875 0.080078125 0.08984375 0.0859375
0 0.91015625 0.01953125 0.0859375 0.0390625
0 0.7890625 0.041015625 0.046875 0.04296875
0 0.9375 0.390625 0.07421875 0.07421875
0 0.845703125 0.427734375 0.078125 0.0625
0 0.9296875 0.216796875 0.0390625 0.0390625
0 0.974609375 0.1796875 0.0390625 0.0390625
0 0.9375 0.146484375 0.0625 0.046875
0 0.93359375 0.185546875 0.046875 0.0390625
0 0.890625 0.205078125 0.046875 0.0546875
0 0.908203125 0.255859375 0.0625 0.0546875
0 0.96484375 0.220703125 0.0546875 0.05078125
0 0.7734375 0.33203125 0.0546875 0.046875
0 0.986328125 0.462890625 0.02734375 0.0625
0 0.978515625 0.5078125 0.0390625 0.03515625
0 0.9453125 0.513671875 0.04296875 0.046875
0 0.98046875 0.32421875 0.03515625 0.0390625
0 0.939453125 0.28125 0.0546875 0.0546875
0 0.916015625 0.6953125 0.06640625 0.046875
0 0.828125 0.943359375 0.05078125 0.04296875
0 0.93359375 0.900390625 0.0546875 0.0390625
0 0.962890625 0.810546875 0.0546875 0.0390625
0 0.935546875 0.84765625 0.03125 0.046875
0 0.904296875 0.84765625 0.046875 0.046875
0 0.884765625 0.64453125 0.07421875 0.05078125