0 0.380859375 0.6328125 0.04296875 0.0390625
0 0.3828125 0.513671875 0.0546875 0.07421875
0 0.44921875 0.345703125 0.0390625 0.0546875
0 0.365234375 0.978515625 0.04296875 0.03125
0 0.37109375 0.93359375 0.0390625 0.0390625
0 0.37109375 0.896484375 0.03125 0.0234375
0 0.369140625 0.86328125 0.046875 0.0390625
0 0.3671875 0.814453125 0.0625 0.046875
0 0.36328125 0.77734375 0.0625 0.05078125
0 0.365234375 0.740234375 0.06640625 0.0390625
0 0.359375 0.697265625 0.0703125 0.0546875
0 0.3359375 0.5078125 0.0625 0.05859375
0 0.3359375 0.46875 0.05078125 0.0390625
0 0.322265625 0.568359375 0.046875 0.0546875
0 0.365234375 0.43359375 0.078125 0.0703125
0 0.392578125 0.39453125 0.05859375 0.0546875
0 0.4140625 0.353515625 0.0390625 0.046875
0 0.435546875 0.31640625 0.0546875 0.05078125
0 0.46484375 0.27734375 0.03125 0.0390625
0 0.482421875 0.234375 0.05078125 0.046875
0 0.494140625 0.185546875 0.05078125 0.05859375
0 0.515625 0.15234375 0.0546875 0.046875
0 0.53125 0.11328125 0.0546875 0.04296875
0 0.544921875 0.080078125 0.0546875 0.046875
0 0.5625 0.04296875 0.04296875 0.03515625
0 0.576171875 0.017578125 0.05078125 0.03515625