0 0.048828125 0.6796875 0.09375 0.154296875
0 0.09375 0.0390625 0.0703125 0.0625
0 0.125 0.07421875 0.068359375 0.052734375
0 0.158203125 0.146484375 0.0859375 0.07421875
0 0.1953125 0.1953125 0.08203125 0.060546875
0 0.216796875 0.265625 0.078125 0.056640625
0 0.42578125 0.205078125 0.091796875 0.072265625
0 0.072265625 0.294921875 0.07421875 0.076171875
0 0.01953125 0.208984375 0.0390625 0.09765625
0 0.037109375 0.349609375 0.07421875 0.10546875
0 0.0546875 0.44921875 0.07421875 0.08984375
0 0.11328125 0.412109375 0.052734375 0.08203125
0 0.1640625 0.388671875 0.087890625 0.078125
0 0.169921875 0.46875 0.06640625 0.076171875
0 0.2265625 0.474609375 0.0625 0.05078125
0 0.21484375 0.5390625 0.0859375 0.064453125
0 0.2109375 0.603515625 0.09765625 0.0859375
0 0.171875 0.662109375 0.08203125 0.08984375
0 0.08984375 0.5390625 0.076171875 0.103515625
0 0.12890625 0.501953125 0.060546875 0.0859375
0 0.162109375 0.736328125 0.078125 0.07421875
0 0.236328125 0.708984375 0.06640625 0.080078125
0 0.3046875 0.70703125 0.080078125 0.10546875
0 0.234375 0.791015625 0.083984375 0.080078125
0 0.326171875 0.541015625 0.076171875 0.080078125
0 0.439453125 0.634765625 0.087890625 0.080078125
0 0.548828125 0.568359375 0.087890625 0.072265625
0 0.52734375 0.650390625 0.068359375 0.072265625
0 0.375 0.814453125 0.09375 0.08984375
0 0.4296875 0.75 0.08203125 0.08203125
0 0.3046875 0.896484375 0.08984375 0.068359375
0 0.28515625 0.97265625 0.078125 0.052734375
0 0.353515625 0.974609375 0.064453125 0.05078125
0 0.466796875 0.90625 0.076171875 0.0625
0 0.509765625 0.970703125 0.08203125 0.05859375
0 0.55859375 0.89453125 0.087890625 0.099609375
0 0.505859375 0.77734375 0.091796875 0.083984375
0 0.595703125 0.673828125 0.06640625 0.0703125
0 0.599609375 0.75390625 0.072265625 0.078125
0 0.673828125 0.849609375 0.1171875 0.091796875
0 0.62890625 0.900390625 0.0703125 0.0625
0 0.65625 0.94921875 0.080078125 0.078125
0 0.76171875 0.830078125 0.056640625 0.052734375
0 0.755859375 0.87890625 0.060546875 0.0625
0 0.708984375 0.732421875 0.05859375 0.076171875
0 0.6328125 0.62890625 0.076171875 0.064453125
0 0.37109375 0.462890625 0.068359375 0.0625
0 0.6484375 0.470703125 0.083984375 0.1015625
0 0.7265625 0.44140625 0.087890625 0.095703125
0 0.755859375 0.51171875 0.068359375 0.056640625
0 0.876953125 0.61328125 0.09765625 0.09765625
0 0.8203125 0.69140625 0.087890625 0.107421875
0 0.927734375 0.853515625 0.0859375 0.103515625
0 0.986328125 0.83203125 0.02734375 0.109375
0 0.6796875 0.119140625 0.0859375 0.103515625
0 0.736328125 0.0703125 0.087890625 0.078125
0 0.841796875 0.32421875 0.083984375 0.10546875
0 0.755859375 0.228515625 0.07421875 0.07421875
0 0.958984375 0.3359375 0.08203125 0.109375
0 0.88671875 0.236328125 0.080078125 0.068359375
0 0.84765625 0.17578125 0.08203125 0.064453125
0 0.79296875 0.134765625 0.08203125 0.076171875
0 0.916015625 0.1171875 0.07421875 0.076171875
0 0.96875 0.224609375 0.0625 0.08203125
0 0.939453125 0.03515625 0.0625 0.0625
0 0.978515625 0.080078125 0.04296875 0.076171875
0 0.6953125 0.025390625 0.1015625 0.05078125
0 0.177734375 0.98046875 0.05078125 0.0390625
0 0.521484375 0.314453125 0.0625 0.099609375
0 0.25 0.30859375 0.048828125 0.048828125
0 0.287109375 0.357421875 0.068359375 0.056640625
0 0.2578125 0.93359375 0.07421875 0.0546875
0 0.974609375 0.97265625 0.05078125 0.0546875
0 0.87890625 0.94921875 0.068359375 0.072265625
0 0.861328125 0.51171875 0.0703125 0.08203125
0 0.896484375 0.47265625 0.0625 0.07421875