0 0.337890625 0.587890625 0.056640625 0.056640625
0 0.30859375 0.546875 0.052734375 0.046875
0 0.283203125 0.501953125 0.072265625 0.056640625
0 0.248046875 0.455078125 0.0625 0.056640625
0 0.21875 0.396484375 0.0625 0.0625
0 0.1796875 0.32421875 0.078125 0.068359375
0 0.13671875 0.259765625 0.0625 0.060546875
0 0.08984375 0.177734375 0.099609375 0.09765625
0 0.0546875 0.31640625 0.056640625 0.03515625
0 0.046875 0.3515625 0.072265625 0.046875
0 0.45703125 0.833984375 0.05859375 0.060546875
0 0.51171875 0.8359375 0.080078125 0.056640625
0 0.97265625 0.0546875 0.048828125 0.05859375
0 0.048828125 0.5703125 0.064453125 0.048828125
0 0.224609375 0.671875 0.0859375 0.068359375
0 0.044921875 0.87890625 0.064453125 0.0546875
0 0.08984375 0.923828125 0.0703125 0.052734375
0 0.162109375 0.9765625 0.07421875 0.046875
0 0.015625 0.943359375 0.029296875 0.05859375
0 0.01953125 0.80078125 0.0390625 0.0625
0 0.03515625 0.431640625 0.05859375 0.052734375
0 0.064453125 0.45703125 0.044921875 0.046875
0 0.08984375 0.431640625 0.060546875 0.05859375
0 0.1171875 0.509765625 0.060546875 0.046875
0 0.15234375 0.576171875 0.056640625 0.041015625
0 0.140625 0.544921875 0.0625 0.05078125
0 0.177734375 0.51171875 0.0625 0.064453125
0 0.138671875 0.458984375 0.05078125 0.048828125
0 0.865234375 0.5546875 0.056640625 0.060546875