0 0.841796875 0.166015625 0.078125 0.08203125
0 0.16015625 0.05078125 0.08203125 0.068359375
0 0.18359375 0.1015625 0.068359375 0.046875
0 0.1015625 0.638671875 0.064453125 0.060546875
0 0.18359375 0.3046875 0.078125 0.056640625
0 0.19140625 0.359375 0.064453125 0.056640625
0 0.634765625 0.017578125 0.078125 0.03515625
0 0.181640625 0.419921875 0.064453125 0.056640625
0 0.1953125 0.1875 0.056640625 0.046875
0 0.197265625 0.244140625 0.060546875 0.056640625
0 0.08984375 0.69140625 0.060546875 0.056640625
0 0.189453125 0.142578125 0.068359375 0.05078125
0 0.673828125 0.08203125 0.068359375 0.05078125
0 0.7734375 0.03515625 0.046875 0.052734375
0 0.697265625 0.126953125 0.044921875 0.037109375
0 0.71875 0.14453125 0.037109375 0.044921875
0 0.748046875 0.16015625 0.044921875 0.05078125
0 0.849609375 0.333984375 0.041015625 0.044921875
0 0.86328125 0.404296875 0.03515625 0.037109375
0 0.8671875 0.490234375 0.044921875 0.04296875
0 0.837890625 0.044921875 0.0546875 0.0625
0 0.908203125 0.064453125 0.037109375 0.044921875
0 0.912109375 0.140625 0.03125 0.044921875
0 0.171875 0.482421875 0.05078125 0.041015625
0 0.0703125 0.7421875 0.041015625 0.048828125