0 0.2109375 0.505859375 0.0703125 0.05078125
0 0.767578125 0.16015625 0.1015625 0.09375
0 0.765625 0.037109375 0.080078125 0.068359375
0 0.78125 0.3515625 0.08984375 0.091796875
0 0.7890625 0.50390625 0.07421875 0.0703125
0 0.79296875 0.56640625 0.09375 0.068359375
0 0.82421875 0.720703125 0.076171875 0.0703125
0 0.755859375 0.7109375 0.080078125 0.072265625
0 0.845703125 0.876953125 0.0859375 0.08984375
0 0.861328125 0.98828125 0.06640625 0.0234375
0 0.640625 0.78515625 0.064453125 0.056640625
0 0.619140625 0.740234375 0.05859375 0.0546875
0 0.427734375 0.03125 0.05859375 0.056640625
0 0.404296875 0.203125 0.05859375 0.0546875
0 0.37109375 0.1484375 0.05078125 0.060546875
0 0.419921875 0.412109375 0.041015625 0.046875
0 0.349609375 0.443359375 0.044921875 0.037109375
0 0.400390625 0.4765625 0.05859375 0.064453125
0 0.1953125 0.7265625 0.0703125 0.06640625
0 0.30078125 0.072265625 0.048828125 0.046875
0 0.49609375 0.115234375 0.05078125 0.0546875
0 0.498046875 0.041015625 0.06640625 0.08203125
0 0.494140625 0.275390625 0.046875 0.056640625
0 0.529296875 0.318359375 0.048828125 0.05078125
0 0.076171875 0.771484375 0.048828125 0.046875
0 0.13671875 0.3828125 0.052734375 0.052734375
0 0.0546875 0.328125 0.0546875 0.05078125
0 0.16015625 0.576171875 0.05078125 0.048828125
0 0.09765625 0.83984375 0.060546875 0.03515625
0 0.12109375 0.8984375 0.056640625 0.041015625
0 0.208984375 0.625 0.05859375 0.04296875
0 0.22265625 0.578125 0.05078125 0.0390625
0 0.240234375 0.5546875 0.0546875 0.046875
0 0.21875 0.681640625 0.052734375 0.04296875
0 0.1640625 0.677734375 0.046875 0.033203125
0 0.111328125 0.71875 0.044921875 0.05078125
0 0.140625 0.94921875 0.04296875 0.037109375
0 0.05859375 0.61328125 0.0546875 0.056640625
0 0.0234375 0.634765625 0.044921875 0.046875
0 0.041015625 0.52734375 0.044921875 0.046875
0 0.0859375 0.484375 0.048828125 0.044921875
0 0.2890625 0.390625 0.048828125 0.04296875
0 0.359375 0.408203125 0.060546875 0.046875
0 0.576171875 0.97265625 0.048828125 0.04296875
0 0.51171875 0.189453125 0.099609375 0.0703125