0 0.5078125 0.5078125 0.078125 0.06640625
0 0.607421875 0.6640625 0.078125 0.07421875
0 0.69140625 0.814453125 0.0703125 0.0703125
0 0.421875 0.349609375 0.078125 0.07421875
0 0.2890625 0.146484375 0.0703125 0.0703125
0 0.3515625 0.142578125 0.078125 0.078125
0 0.044921875 0.037109375 0.08203125 0.07421875
0 0.154296875 0.220703125 0.0703125 0.078125
0 0.244140625 0.39453125 0.078125 0.0703125
0 0.337890625 0.5546875 0.0703125 0.0703125
0 0.072265625 0.603515625 0.078125 0.078125
0 0.05078125 0.9140625 0.0546875 0.0546875
0 0.09765625 0.984375 0.05078125 0.03125
0 0.28125 0.791015625 0.078125 0.0859375
0 0.44921875 0.71875 0.08203125 0.0703125
0 0.515625 0.830078125 0.08984375 0.0859375
0 0.603515625 0.9765625 0.08984375 0.046875
0 0.849609375 0.8046875 0.09375 0.0703125
0 0.982421875 0.90625 0.03515625 0.0703125
0 0.7265625 0.57421875 0.1171875 0.1015625
0 0.69140625 0.34765625 0.1015625 0.09375
0 0.568359375 0.3046875 0.09375 0.0703125
0 0.4296875 0.087890625 0.140625 0.13671875
0 0.5859375 0.1015625 0.1015625 0.10546875
0 0.76171875 0.19921875 0.1015625 0.1015625
0 0.845703125 0.130859375 0.09765625 0.1015625
0 0.927734375 0.13671875 0.0703125 0.07421875
0 0.986328125 0.3203125 0.02734375 0.0546875
0 0.935546875 0.359375 0.09375 0.09375
0 0.939453125 0.44921875 0.078125 0.09375
0 0.986328125 0.564453125 0.0234375 0.0859375
0 0.927734375 0.619140625 0.09375 0.09375
0 0.83203125 0.61328125 0.06640625 0.0625
0 0.8515625 0.873046875 0.05859375 0.0546875
0 0.783203125 0.7421875 0.0625 0.0390625
0 0.80078125 0.7734375 0.0546875 0.0390625
0 0.755859375 0.708984375 0.0703125 0.0390625
0 0.734375 0.677734375 0.0625 0.0390625
0 0.66796875 0.54296875 0.0703125 0.04296875
0 0.64453125 0.5078125 0.0625 0.046875
0 0.626953125 0.474609375 0.0625 0.0390625
0 0.619140625 0.435546875 0.0546875 0.05078125
0 0.59375 0.462890625 0.0546875 0.04296875
0 0.58203125 0.4296875 0.0625 0.046875
0 0.56640625 0.37109375 0.0625 0.0390625
0 0.529296875 0.2890625 0.046875 0.03515625
0 0.490234375 0.255859375 0.078125 0.03125
0 0.486328125 0.22265625 0.07421875 0.046875
0 0.46484375 0.18359375 0.08203125 0.0625