0 0.412109375 0.060546875 0.068359375 0.072265625
0 0.4375 0.12890625 0.060546875 0.0625
0 0.455078125 0.193359375 0.060546875 0.048828125
0 0.48046875 0.263671875 0.0625 0.0625
0 0.513671875 0.3359375 0.068359375 0.060546875
0 0.53515625 0.40234375 0.060546875 0.056640625
0 0.57421875 0.474609375 0.060546875 0.05078125
0 0.58984375 0.5390625 0.06640625 0.076171875
0 0.5625 0.583984375 0.05859375 0.0546875
0 0.61328125 0.609375 0.05859375 0.080078125
0 0.642578125 0.560546875 0.048828125 0.0625
0 0.68359375 0.587890625 0.046875 0.064453125
0 0.734375 0.61328125 0.060546875 0.04296875
0 0.763671875 0.654296875 0.072265625 0.060546875
0 0.767578125 0.705078125 0.06640625 0.052734375
0 0.779296875 0.751953125 0.0546875 0.046875
0 0.787109375 0.79296875 0.0625 0.05078125
0 0.791015625 0.833984375 0.0546875 0.0546875
0 0.787109375 0.88671875 0.05078125 0.056640625
0 0.84765625 0.892578125 0.060546875 0.046875
0 0.529296875 0.65234375 0.060546875 0.0625
0 0.634765625 0.689453125 0.115234375 0.087890625
0 0.591796875 0.837890625 0.052734375 0.044921875
0 0.546875 0.74609375 0.064453125 0.068359375
0 0.623046875 0.91015625 0.05859375 0.060546875
0 0.662109375 0.982421875 0.0703125 0.03515625
0 0.71875 0.908203125 0.064453125 0.056640625
0 0.744140625 0.96484375 0.080078125 0.0703125
0 0.296875 0.794921875 0.072265625 0.0546875
0 0.26171875 0.7578125 0.05859375 0.041015625
0 0.23828125 0.69140625 0.052734375 0.029296875
0 0.2109375 0.63671875 0.068359375 0.0546875
0 0.185546875 0.595703125 0.10546875 0.0625
0 0.158203125 0.544921875 0.07421875 0.064453125
0 0.140625 0.48828125 0.056640625 0.05078125
0 0.103515625 0.43359375 0.033203125 0.02734375
0 0.0546875 0.8828125 0.091796875 0.0703125
0 0.078125 0.955078125 0.060546875 0.0703125
0 0.310546875 0.85546875 0.08203125 0.0625
0 0.412109375 0.9765625 0.064453125 0.046875
0 0.689453125 0.794921875 0.1328125 0.158203125
0 0.015625 0.650390625 0.029296875 0.076171875
0 0.353515625 0.912109375 0.125 0.146484375