0 0.14453125 0.3125 0.0703125 0.0703125
0 0.154296875 0.03125 0.05859375 0.0625
0 0.072265625 0.12890625 0.046875 0.046875
0 0.13671875 0.1796875 0.0625 0.0625
0 0.076171875 0.255859375 0.046875 0.05859375
0 0.1015625 0.54296875 0.0546875 0.0546875
0 0.1171875 0.453125 0.04296875 0.0625
0 0.126953125 0.36328125 0.046875 0.0625
0 0.09375 0.625 0.05078125 0.0625
0 0.0703125 0.7109375 0.0546875 0.0625
0 0.060546875 0.7734375 0.06640625 0.0625
0 0.052734375 0.826171875 0.05859375 0.0546875
0 0.0859375 0.955078125 0.0703125 0.07421875
0 0.076171875 0.19140625 0.046875 0.05859375
0 0.744140625 0.373046875 0.0546875 0.046875
0 0.75 0.6484375 0.0625 0.0625
0 0.734375 0.921875 0.06640625 0.0625
0 0.888671875 0.939453125 0.046875 0.046875
0 0.080078125 0.345703125 0.0546875 0.05078125
0 0.15625 0.25390625 0.08203125 0.0546875
0 0.12109375 0.408203125 0.07421875 0.03125