0 0.41796875 0.736328125 0.08984375 0.0859375
0 0.546875 0.796875 0.0625 0.0625
0 0.30859375 0.708984375 0.0703125 0.0859375
0 0.39453125 0.58203125 0.0859375 0.08984375
0 0.521484375 0.548828125 0.078125 0.078125
0 0.591796875 0.556640625 0.0546875 0.0546875
0 0.5859375 0.509765625 0.078125 0.046875
0 0.7109375 0.53515625 0.08203125 0.0859375
0 0.705078125 0.6328125 0.07421875 0.0859375
0 0.716796875 0.861328125 0.046875 0.046875
0 0.15234375 0.359375 0.08203125 0.0703125
0 0.09765625 0.3125 0.07421875 0.0625
0 0.083984375 0.171875 0.1015625 0.09375
0 0.177734375 0.11328125 0.08984375 0.0859375
0 0.283203125 0.04296875 0.09375 0.07421875
0 0.33203125 0.16796875 0.09375 0.0859375
0 0.259765625 0.224609375 0.0859375 0.0703125
0 0.37890625 0.32421875 0.0859375 0.09765625
0 0.48046875 0.3046875 0.07421875 0.08203125
0 0.443359375 0.1015625 0.078125 0.078125
0 0.498046875 0.021484375 0.05859375 0.0390625
0 0.794921875 0.029296875 0.0625 0.0546875
0 0.814453125 0.095703125 0.05078125 0.04296875
0 0.521484375 0.095703125 0.0625 0.0703125
0 0.53515625 0.16015625 0.078125 0.0546875
0 0.54296875 0.2265625 0.1015625 0.0625
0 0.568359375 0.298828125 0.07421875 0.0703125
0 0.814453125 0.1796875 0.0625 0.078125
0 0.8125 0.26171875 0.078125 0.0703125
0 0.826171875 0.345703125 0.0546875 0.0390625
0 0.841796875 0.427734375 0.0546875 0.07421875
0 0.865234375 0.498046875 0.0546875 0.0390625
0 0.8984375 0.541015625 0.0625 0.05078125
0 0.91796875 0.58203125 0.0546875 0.0546875
0 0.943359375 0.626953125 0.0546875 0.046875
0 0.96484375 0.6796875 0.046875 0.0625
0 0.59375 0.41796875 0.046875 0.0390625
0 0.57421875 0.357421875 0.04296875 0.046875
0 0.62109375 0.982421875 0.046875 0.03125
0 0.625 0.951171875 0.0546875 0.046875
0 0.625 0.91015625 0.046875 0.03515625
0 0.626953125 0.88671875 0.05078125 0.03515625
0 0.626953125 0.84765625 0.05078125 0.046875
0 0.62890625 0.810546875 0.046875 0.0390625
0 0.638671875 0.77734375 0.0546875 0.0390625
0 0.638671875 0.744140625 0.0546875 0.046875
0 0.64453125 0.705078125 0.0390625 0.02734375
0 0.634765625 0.677734375 0.046875 0.03515625
0 0.64453125 0.65234375 0.03125 0.02734375
0 0.642578125 0.6171875 0.0390625 0.04296875
0 0.640625 0.580078125 0.0390625 0.03125
0 0.646484375 0.48828125 0.03125 0.03515625
0 0.646484375 0.451171875 0.0390625 0.03515625
0 0.64453125 0.41796875 0.04296875 0.03125
0 0.646484375 0.37890625 0.0390625 0.046875
0 0.650390625 0.3359375 0.04296875 0.0546875
0 0.662109375 0.28515625 0.0390625 0.046875
0 0.64453125 0.2421875 0.03125 0.0390625
0 0.658203125 0.185546875 0.03515625 0.046875
0 0.6796875 0.142578125 0.0859375 0.0625
0 0.689453125 0.056640625 0.1171875 0.109375
0 0.560546875 0.87890625 0.0625 0.05078125
0 0.595703125 0.712890625 0.0546875 0.04296875
0 0.583984375 0.75 0.04296875 0.03515625
0 0.59765625 0.671875 0.046875 0.0390625