0 0.5 0.578125 0.0859375 0.0859375
0 0.572265625 0.69140625 0.0859375 0.07421875
0 0.666015625 0.802734375 0.09375 0.08203125
0 0.771484375 0.865234375 0.0859375 0.078125
0 0.970703125 0.751953125 0.05859375 0.06640625
0 0.96484375 0.38671875 0.0703125 0.0859375
0 0.802734375 0.333984375 0.0859375 0.09375
0 0.662109375 0.259765625 0.10546875 0.08203125
0 0.533203125 0.16796875 0.0859375 0.0859375
0 0.4453125 0.455078125 0.08984375 0.09375
0 0.39453125 0.29296875 0.07421875 0.0703125
0 0.3984375 0.1015625 0.09765625 0.08984375
0 0.333984375 0.1640625 0.0625 0.078125
0 0.291015625 0.060546875 0.0859375 0.08203125
0 0.37109375 0.021484375 0.0859375 0.04296875
0 0.6015625 0.830078125 0.07421875 0.078125
0 0.7109375 0.87890625 0.0546875 0.0625
0 0.646484375 0.16015625 0.0859375 0.0703125
0 0.908203125 0.978515625 0.1328125 0.0390625