0 0.5078125 0.19140625 0.076171875 0.06640625
0 0.796875 0.494140625 0.064453125 0.05859375
0 0.765625 0.455078125 0.056640625 0.05859375
0 0.744140625 0.208984375 0.05859375 0.080078125
0 0.783203125 0.1875 0.0625 0.06640625
0 0.779296875 0.021484375 0.05859375 0.04296875
0 0.703125 0.03515625 0.052734375 0.044921875
0 0.6171875 0.08984375 0.09765625 0.0546875
0 0.66015625 0.060546875 0.033203125 0.046875
0 0.69921875 0.1171875 0.044921875 0.046875
0 0.716796875 0.072265625 0.06640625 0.060546875
0 0.787109375 0.36328125 0.0625 0.06640625
0 0.767578125 0.2734375 0.0625 0.05859375
0 0.390625 0.2421875 0.068359375 0.064453125
0 0.431640625 0.189453125 0.078125 0.07421875