0 0.587890625 0.4453125 0.0625 0.05078125
0 0.583984375 0.48046875 0.0546875 0.046875
0 0.595703125 0.517578125 0.0625 0.046875
0 0.591796875 0.55859375 0.0625 0.05859375
0 0.607421875 0.611328125 0.0625 0.0625
0 0.587890625 0.794921875 0.046875 0.046875
0 0.5859375 0.84765625 0.078125 0.06640625
0 0.5546875 0.36328125 0.046875 0.0625
0 0.501953125 0.3046875 0.0546875 0.03515625
0 0.458984375 0.255859375 0.0625 0.05078125
0 0.265625 0.181640625 0.0625 0.06640625
0 0.447265625 0.201171875 0.046875 0.046875
0 0.35546875 0.228515625 0.05859375 0.0390625
0 0.3984375 0.212890625 0.0546875 0.04296875
0 0.197265625 0.142578125 0.0703125 0.06640625
0 0.142578125 0.0859375 0.0625 0.06640625
0 0.171875 0.21484375 0.05859375 0.0390625
0 0.287109375 0.34765625 0.05078125 0.0546875
0 0.4765625 0.4453125 0.0703125 0.08203125
0 0.515625 0.359375 0.03515625 0.03515625
0 0.59765625 0.6953125 0.0546875 0.0390625
0 0.578125 0.72265625 0.03125 0.0390625
0 0.611328125 0.7265625 0.03125 0.03125
0 0.607421875 0.75390625 0.04296875 0.046875
0 0.572265625 0.892578125 0.04296875 0.03125
0 0.5703125 0.921875 0.046875 0.03125
0 0.55859375 0.951171875 0.05078125 0.02734375
0 0.548828125 0.970703125 0.0625 0.02734375
0 0.5234375 0.98828125 0.0703125 0.0234375
0 0.1015625 0.162109375 0.0546875 0.0390625
0 0.47265625 0.205078125 0.0546875 0.03515625