0 0.080078125 0.083984375 0.078125 0.08203125
0 0.1640625 0.1015625 0.078125 0.07421875
0 0.14453125 0.21875 0.078125 0.0859375
0 0.25390625 0.22265625 0.05859375 0.046875
0 0.185546875 0.365234375 0.078125 0.06640625
0 0.140625 0.361328125 0.04296875 0.046875
0 0.203125 0.291015625 0.07421875 0.05859375
0 0.115234375 0.021484375 0.0703125 0.04296875
0 0.267578125 0.359375 0.078125 0.1015625
0 0.236328125 0.453125 0.0625 0.078125
0 0.3359375 0.484375 0.078125 0.09375
0 0.13671875 0.458984375 0.0703125 0.0859375
0 0.361328125 0.712890625 0.09375 0.09765625
0 0.39453125 0.544921875 0.05859375 0.07421875
0 0.296875 0.580078125 0.05859375 0.0703125
0 0.470703125 0.880859375 0.0546875 0.0625
0 0.515625 0.82421875 0.08203125 0.09375
0 0.294921875 0.84765625 0.0546875 0.046875
0 0.45703125 0.9765625 0.05078125 0.046875
0 0.357421875 0.818359375 0.05859375 0.0546875
0 0.36328125 0.77734375 0.0625 0.06640625
0 0.537109375 0.921875 0.05859375 0.06640625
0 0.56640625 0.97265625 0.0546875 0.0546875