0 0.291015625 0.60546875 0.0625 0.05859375
0 0.283203125 0.69140625 0.0625 0.05859375
0 0.28125 0.73046875 0.05078125 0.0390625
0 0.25 0.65234375 0.05078125 0.05859375
0 0.236328125 0.517578125 0.078125 0.0625
0 0.28125 0.537109375 0.05859375 0.046875
0 0.28125 0.46875 0.0625 0.0703125
0 0.220703125 0.443359375 0.07421875 0.0625
0 0.271484375 0.40234375 0.0625 0.0625
0 0.21484375 0.3828125 0.0625 0.046875
0 0.18359375 0.34765625 0.0625 0.03515625
0 0.251953125 0.33203125 0.05859375 0.06640625
0 0.2890625 0.3125 0.0390625 0.05078125
0 0.248046875 0.26953125 0.05859375 0.0546875
0 0.185546875 0.29296875 0.0546875 0.0546875
0 0.189453125 0.232421875 0.0625 0.0703125
0 0.240234375 0.197265625 0.0625 0.05859375
0 0.291015625 0.1875 0.04296875 0.0390625
0 0.291015625 0.134765625 0.06640625 0.0625
0 0.349609375 0.251953125 0.046875 0.0390625
0 0.345703125 0.287109375 0.0546875 0.03125
0 0.384765625 0.21484375 0.06640625 0.046875
0 0.451171875 0.248046875 0.0625 0.0625
0 0.52734375 0.240234375 0.0703125 0.0625
0 0.5546875 0.322265625 0.0625 0.05078125
0 0.505859375 0.15625 0.05078125 0.046875
0 0.4609375 0.126953125 0.06640625 0.05859375
0 0.396484375 0.16796875 0.05859375 0.0546875
0 0.357421875 0.12109375 0.0546875 0.05078125
0 0.345703125 0.169921875 0.046875 0.046875
0 0.42578125 0.05859375 0.05859375 0.0703125
0 0.38671875 0.0234375 0.0546875 0.046875
0 0.361328125 0.0703125 0.078125 0.0546875
0 0.3359375 0.015625 0.046875 0.03125
0 0.2421875 0.03515625 0.0625 0.0703125
0 0.296875 0.259765625 0.046875 0.03515625
0 0.2265625 0.109375 0.046875 0.03125