0 0.212890625 0.6640625 0.0703125 0.05859375
0 0.1640625 0.3984375 0.08203125 0.078125
0 0.25390625 0.07421875 0.07421875 0.05859375
0 0.9609375 0.126953125 0.078125 0.0859375
0 0.91015625 0.236328125 0.07421875 0.0625
0 0.828125 0.359375 0.0703125 0.08203125
0 0.75 0.49609375 0.078125 0.06640625
0 0.884765625 0.615234375 0.0859375 0.0859375
0 0.84375 0.7890625 0.078125 0.078125
0 0.794921875 0.96875 0.09765625 0.0625
0 0.578125 0.923828125 0.08984375 0.078125
0 0.603515625 0.85546875 0.07421875 0.06640625
0 0.634765625 0.787109375 0.0859375 0.0703125
0 0.6796875 0.6875 0.078125 0.0703125
0 0.916015625 0.904296875 0.05859375 0.05859375
0 0.974609375 0.654296875 0.05078125 0.08203125
0 0.94140625 0.43359375 0.1171875 0.1015625