0 0.3203125 0.98046875 0.0625 0.0390625
0 0.318359375 0.9453125 0.0546875 0.0390625
0 0.318359375 0.912109375 0.046875 0.03125
0 0.302734375 0.87890625 0.0390625 0.0390625
0 0.302734375 0.83984375 0.07421875 0.0390625
0 0.298828125 0.80078125 0.06640625 0.05078125
0 0.240234375 0.828125 0.03515625 0.0390625
0 0.234375 0.740234375 0.04296875 0.046875
0 0.291015625 0.734375 0.0625 0.0390625
0 0.279296875 0.697265625 0.06640625 0.04296875
0 0.27734375 0.666015625 0.0546875 0.03125
0 0.267578125 0.638671875 0.0703125 0.0390625
0 0.259765625 0.603515625 0.0703125 0.04296875
0 0.2578125 0.56640625 0.0703125 0.0390625
0 0.25 0.52734375 0.06640625 0.046875
0 0.32421875 0.603515625 0.0546875 0.046875
0 0.275390625 0.431640625 0.0625 0.05078125
0 0.265625 0.361328125 0.07421875 0.0703125
0 0.21875 0.384765625 0.0625 0.0625
0 0.341796875 0.265625 0.0625 0.0546875
0 0.271484375 0.263671875 0.05078125 0.0546875
0 0.216796875 0.1953125 0.046875 0.0546875
0 0.21484375 0.23828125 0.046875 0.0390625
0 0.32421875 0.37109375 0.0546875 0.046875
0 0.326171875 0.447265625 0.046875 0.046875
0 0.326171875 0.51953125 0.0546875 0.046875
0 0.322265625 0.572265625 0.046875 0.0390625
0 0.38671875 0.255859375 0.0546875 0.0546875
0 0.365234375 0.3046875 0.0546875 0.046875
0 0.3671875 0.189453125 0.0546875 0.0546875
0 0.353515625 0.111328125 0.04296875 0.046875
0 0.34765625 0.033203125 0.05078125 0.0546875
0 0.279296875 0.19921875 0.06640625 0.05078125
0 0.265625 0.15625 0.0546875 0.046875
0 0.2265625 0.103515625 0.078125 0.0703125
0 0.21875 0.154296875 0.0546875 0.046875
0 0.216796875 0.048828125 0.0546875 0.0546875
0 0.21484375 0.015625 0.06640625 0.03125
0 0.12890625 0.044921875 0.0625 0.0546875
0 0.1484375 0.111328125 0.06640625 0.1171875
0 0.12890625 0.015625 0.0625 0.03125