0 0.724609375 0.451171875 0.08203125 0.08203125
0 0.716796875 0.248046875 0.078125 0.0859375
0 0.70703125 0.044921875 0.07421875 0.0703125
0 0.77734375 0.021484375 0.0546875 0.04296875
0 0.52734375 0.4296875 0.0625 0.05859375
0 0.53515625 0.296875 0.0625 0.046875
0 0.53125 0.3515625 0.046875 0.0546875
0 0.529296875 0.212890625 0.0546875 0.046875
0 0.5234375 0.181640625 0.0390625 0.05078125
0 0.529296875 0.126953125 0.03125 0.03125
0 0.53125 0.4921875 0.0390625 0.05078125
0 0.53125 0.599609375 0.05078125 0.046875