0 0.763671875 0.033203125 0.0546875 0.0546875
0 0.763671875 0.115234375 0.0546875 0.06640625
0 0.7578125 0.1953125 0.0546875 0.0546875
0 0.751953125 0.2734375 0.0546875 0.0546875
0 0.75390625 0.3359375 0.05859375 0.04296875
0 0.744140625 0.404296875 0.0625 0.0546875
0 0.751953125 0.48046875 0.0546875 0.0546875
0 0.79296875 0.373046875 0.0546875 0.0625
0 0.736328125 0.56640625 0.0546875 0.05859375
0 0.7265625 0.6171875 0.05859375 0.05859375
0 0.716796875 0.68359375 0.078125 0.0625
0 0.74609375 0.880859375 0.0546875 0.05859375
0 0.802734375 0.568359375 0.0546875 0.0546875
0 0.78515625 0.611328125 0.046875 0.0625
0 0.751953125 0.966796875 0.0546875 0.06640625