0 0.48046875 0.830078125 0.078125 0.064453125
0 0.51171875 0.763671875 0.05859375 0.044921875
0 0.515625 0.71875 0.044921875 0.048828125
0 0.162109375 0.6328125 0.078125 0.087890625
0 0.158203125 0.74609375 0.083984375 0.08203125
0 0.20703125 0.919921875 0.103515625 0.099609375
0 0.15625 0.4375 0.080078125 0.072265625
0 0.19921875 0.318359375 0.076171875 0.06640625
0 0.22265625 0.19921875 0.083984375 0.07421875
0 0.25 0.083984375 0.083984375 0.078125
0 0.427734375 0.966796875 0.08984375 0.06640625
0 0.55078125 0.8828125 0.068359375 0.07421875
0 0.662109375 0.82421875 0.076171875 0.068359375
0 0.763671875 0.744140625 0.07421875 0.0625
0 0.8671875 0.658203125 0.078125 0.083984375
0 0.95703125 0.32421875 0.083984375 0.087890625
0 0.96484375 0.51953125 0.068359375 0.060546875