0 0.39453125 0.1484375 0.076171875 0.056640625
0 0.427734375 0.064453125 0.072265625 0.06640625
0 0.314453125 0.046875 0.0546875 0.064453125
0 0.416015625 0.244140625 0.056640625 0.04296875
0 0.427734375 0.310546875 0.060546875 0.02734375
0 0.443359375 0.44140625 0.072265625 0.05859375
0 0.443359375 0.390625 0.05859375 0.056640625
0 0.384765625 0.287109375 0.04296875 0.046875
0 0.435546875 0.48046875 0.046875 0.033203125
0 0.458984375 0.525390625 0.076171875 0.072265625
0 0.474609375 0.603515625 0.056640625 0.044921875
0 0.419921875 0.650390625 0.044921875 0.041015625
0 0.48046875 0.6640625 0.06640625 0.041015625
0 0.4765625 0.705078125 0.048828125 0.052734375
0 0.482421875 0.76171875 0.056640625 0.056640625
0 0.49609375 0.810546875 0.046875 0.05078125
0 0.5 0.87890625 0.0546875 0.044921875
0 0.53125 0.974609375 0.0625 0.05078125
0 0.509765625 0.943359375 0.046875 0.04296875
0 0.44921875 0.34375 0.083984375 0.0546875
0 0.4296875 0.17578125 0.04296875 0.052734375