0 0.119140625 0.55078125 0.1171875 0.1015625
0 0.26953125 0.65625 0.07421875 0.052734375
0 0.28125 0.71484375 0.052734375 0.0546875
0 0.345703125 0.822265625 0.087890625 0.08984375
0 0.39453125 0.92578125 0.078125 0.080078125
0 0.037109375 0.373046875 0.0546875 0.04296875
0 0.041015625 0.431640625 0.080078125 0.05859375
0 0.537109375 0.57421875 0.06640625 0.068359375
0 0.568359375 0.625 0.130859375 0.0546875
0 0.625 0.671875 0.09765625 0.068359375
0 0.572265625 0.748046875 0.087890625 0.07421875
0 0.759765625 0.83984375 0.083984375 0.0859375
0 0.669921875 0.912109375 0.09375 0.080078125
0 0.7890625 0.93359375 0.064453125 0.0703125
0 0.642578125 0.98046875 0.11328125 0.0390625
0 0.7421875 0.982421875 0.08984375 0.033203125
0 0.470703125 0.982421875 0.076171875 0.03515625
0 0.53125 0.97265625 0.064453125 0.046875
0 0.60546875 0.951171875 0.052734375 0.044921875
0 0.603515625 0.814453125 0.04296875 0.048828125
0 0.63671875 0.82421875 0.04296875 0.044921875
0 0.64453125 0.720703125 0.0703125 0.064453125
0 0.697265625 0.72265625 0.048828125 0.060546875
0 0.6953125 0.78125 0.134765625 0.10546875