0 0.208984375 0.431640625 0.0703125 0.07421875
0 0.158203125 0.373046875 0.078125 0.078125
0 0.09765625 0.36328125 0.046875 0.04296875
0 0.087890625 0.306640625 0.078125 0.0625
0 0.02734375 0.3828125 0.0546875 0.09765625
0 0.080078125 0.451171875 0.0625 0.0625
0 0.12109375 0.423828125 0.046875 0.04296875
0 0.076171875 0.54296875 0.078125 0.078125
0 0.146484375 0.509765625 0.06640625 0.078125
0 0.140625 0.62890625 0.08203125 0.0859375
0 0.21484375 0.71875 0.0859375 0.08203125
0 0.298828125 0.83984375 0.0703125 0.0625
0 0.421875 0.716796875 0.0546875 0.0703125
0 0.466796875 0.78125 0.05859375 0.0625
0 0.564453125 0.921875 0.0625 0.0703125
0 0.40234375 0.96875 0.0703125 0.0625
0 0.337890625 0.875 0.06640625 0.0546875
0 0.396484375 0.828125 0.0703125 0.078125
0 0.625 0.986328125 0.0625 0.02734375
0 0.275390625 0.5 0.06640625 0.0625
0 0.396484375 0.921875 0.0625 0.04296875
0 0.455078125 0.912109375 0.0703125 0.0546875
0 0.5078125 0.98046875 0.0625 0.0390625
0 0.267578125 0.6875 0.0703125 0.0703125
0 0.328125 0.74609375 0.078125 0.0703125
0 0.919921875 0.236328125 0.08984375 0.08984375
0 0.974609375 0.33984375 0.05078125 0.07421875
0 0.015625 0.263671875 0.03125 0.05859375