0 0.171875 0.89453125 0.05078125 0.046875
0 0.171875 0.9296875 0.0546875 0.0390625
0 0.158203125 0.966796875 0.0625 0.04296875
0 0.056640625 0.982421875 0.06640625 0.03515625
0 0.048828125 0.91796875 0.05859375 0.0546875
0 0.05859375 0.849609375 0.0546875 0.05078125
0 0.185546875 0.822265625 0.046875 0.03125
0 0.1796875 0.853515625 0.05078125 0.046875
0 0.19140625 0.72265625 0.0546875 0.046875
0 0.19140625 0.759765625 0.046875 0.0390625
0 0.19140625 0.794921875 0.04296875 0.03125
0 0.076171875 0.78515625 0.0390625 0.0390625
0 0.201171875 0.66796875 0.046875 0.03515625
0 0.19921875 0.638671875 0.046875 0.04296875
0 0.2109375 0.53515625 0.0625 0.0390625
0 0.10546875 0.568359375 0.046875 0.0390625
0 0.083984375 0.697265625 0.04296875 0.0390625