0 0.8046875 0.623046875 0.0625 0.0546875
0 0.80078125 0.54296875 0.0625 0.0625
0 0.796875 0.458984375 0.0703125 0.0703125
0 0.79296875 0.388671875 0.0625 0.06640625
0 0.787109375 0.326171875 0.05859375 0.05859375
0 0.728515625 0.125 0.0703125 0.0546875
0 0.814453125 0.720703125 0.0703125 0.06640625
0 0.7890625 0.669921875 0.0546875 0.0625
0 0.82421875 0.6640625 0.0546875 0.0546875
0 0.880859375 0.654296875 0.0625 0.0625
0 0.525390625 0.203125 0.0859375 0.078125
0 0.705078125 0.046875 0.06640625 0.0546875
0 0.5390625 0.056640625 0.078125 0.0546875