0 0.86328125 0.814453125 0.08203125 0.064453125
0 0.955078125 0.91015625 0.052734375 0.0625
0 0.9140625 0.865234375 0.0625 0.0546875
0 0.888671875 0.7421875 0.05859375 0.060546875
0 0.953125 0.0625 0.046875 0.052734375
0 0.24609375 0.453125 0.09375 0.052734375
0 0.962890625 0.71875 0.06640625 0.056640625
0 0.951171875 0.609375 0.08984375 0.056640625
0 0.95703125 0.642578125 0.0703125 0.0546875
0 0.96484375 0.548828125 0.0546875 0.048828125
0 0.96484375 0.482421875 0.068359375 0.064453125
0 0.91015625 0.15234375 0.05859375 0.0625
0 0.939453125 0.11328125 0.068359375 0.05859375
0 0.90234375 0.23046875 0.068359375 0.08203125
0 0.95703125 0.21484375 0.080078125 0.072265625
0 0.953125 0.162109375 0.060546875 0.05078125
0 0.98828125 0.087890625 0.0234375 0.0625
0 0.955078125 0.015625 0.0703125 0.03125
0 0.326171875 0.392578125 0.0703125 0.072265625
0 0.4453125 0.3671875 0.05078125 0.060546875
0 0.75390625 0.376953125 0.0625 0.044921875
0 0.96875 0.34765625 0.0625 0.05078125
0 0.873046875 0.37890625 0.0625 0.05078125
0 0.97265625 0.267578125 0.0546875 0.0546875
0 0.251953125 0.392578125 0.064453125 0.07421875