0 0.873046875 0.4296875 0.05859375 0.0703125
0 0.8828125 0.30859375 0.0625 0.052734375
0 0.88671875 0.578125 0.048828125 0.0546875
0 0.890625 0.712890625 0.06640625 0.064453125
0 0.900390625 0.85546875 0.068359375 0.05078125
0 0.90625 0.798828125 0.056640625 0.044921875
0 0.869140625 0.173828125 0.060546875 0.0703125
0 0.56640625 0.1484375 0.07421875 0.060546875
0 0.5390625 0.072265625 0.076171875 0.0703125
0 0.513671875 0.37109375 0.052734375 0.044921875
0 0.55078125 0.37890625 0.046875 0.048828125
0 0.541015625 0.509765625 0.048828125 0.04296875
0 0.59375 0.5234375 0.080078125 0.078125
0 0.56640625 0.552734375 0.044921875 0.03515625
0 0.537109375 0.6171875 0.060546875 0.05859375
0 0.525390625 0.7109375 0.06640625 0.060546875
0 0.517578125 0.8125 0.068359375 0.0546875
0 0.541015625 0.873046875 0.091796875 0.0703125
0 0.515625 0.92578125 0.060546875 0.0625
0 0.595703125 0.798828125 0.080078125 0.068359375
0 0.29296875 0.703125 0.0703125 0.0703125
0 0.263671875 0.953125 0.0625 0.05859375
0 0.435546875 0.96875 0.060546875 0.0625
0 0.43359375 0.92578125 0.0390625 0.0390625
0 0.431640625 0.890625 0.048828125 0.037109375
0 0.427734375 0.841796875 0.044921875 0.052734375
0 0.458984375 0.826171875 0.04296875 0.037109375
0 0.431640625 0.794921875 0.037109375 0.033203125
0 0.4296875 0.744140625 0.041015625 0.0390625
0 0.458984375 0.703125 0.076171875 0.0703125
0 0.4765625 0.662109375 0.03125 0.033203125
0 0.4453125 0.65625 0.04296875 0.029296875
0 0.4375 0.6171875 0.046875 0.041015625
0 0.443359375 0.583984375 0.048828125 0.0390625
0 0.443359375 0.52734375 0.048828125 0.04296875
0 0.439453125 0.482421875 0.044921875 0.046875
0 0.4375 0.4296875 0.037109375 0.046875
0 0.44140625 0.388671875 0.0703125 0.056640625
0 0.544921875 0.23046875 0.05078125 0.05859375
0 0.646484375 0.359375 0.037109375 0.041015625
0 0.646484375 0.32421875 0.052734375 0.044921875
0 0.646484375 0.28515625 0.052734375 0.037109375
0 0.642578125 0.251953125 0.048828125 0.033203125
0 0.638671875 0.19921875 0.046875 0.046875
0 0.439453125 0.337890625 0.076171875 0.044921875
0 0.439453125 0.294921875 0.060546875 0.041015625
0 0.44140625 0.248046875 0.068359375 0.052734375
0 0.44140625 0.1953125 0.0546875 0.044921875
0 0.44140625 0.15234375 0.046875 0.044921875
0 0.431640625 0.095703125 0.04296875 0.046875
0 0.4296875 0.052734375 0.044921875 0.048828125
0 0.62109375 0.984375 0.0703125 0.03125
0 0.615234375 0.95703125 0.052734375 0.02734375
0 0.609375 0.9296875 0.05078125 0.041015625
0 0.61328125 0.890625 0.056640625 0.03515625
0 0.6015625 0.85546875 0.0390625 0.0390625
0 0.66015625 0.84765625 0.068359375 0.05859375
0 0.611328125 0.736328125 0.05078125 0.060546875
0 0.609375 0.681640625 0.03515625 0.0390625
0 0.619140625 0.65234375 0.048828125 0.037109375
0 0.62890625 0.615234375 0.04296875 0.03125
0 0.6328125 0.583984375 0.052734375 0.041015625
0 0.646484375 0.3984375 0.04296875 0.048828125
0 0.6875 0.169921875 0.033203125 0.041015625
0 0.29296875 0.44921875 0.056640625 0.03515625
0 0.173828125 0.546875 0.076171875 0.080078125
0 0.1171875 0.736328125 0.08203125 0.068359375
0 0.1484375 0.2109375 0.080078125 0.091796875
0 0.291015625 0.1953125 0.076171875 0.06640625
0 0.212890625 0.216796875 0.05859375 0.044921875
0 0.228515625 0.255859375 0.064453125 0.04296875
0 0.234375 0.3046875 0.044921875 0.033203125
0 0.21875 0.34765625 0.056640625 0.029296875
0 0.23046875 0.408203125 0.048828125 0.0390625
0 0.1484375 0.400390625 0.0625 0.056640625
0 0.017578125 0.337890625 0.03515625 0.044921875
0 0.025390625 0.39453125 0.05078125 0.0390625
0 0.0234375 0.455078125 0.046875 0.0390625
0 0.0234375 0.232421875 0.046875 0.037109375
0 0.02734375 0.171875 0.0546875 0.0390625
0 0.275390625 0.1171875 0.068359375 0.060546875
0 0.21875 0.142578125 0.046875 0.064453125
0 0.19140625 0.107421875 0.05078125 0.0390625
0 0.32421875 0.146484375 0.03515625 0.033203125
0 0.228515625 0.498046875 0.046875 0.046875
0 0.228515625 0.443359375 0.05078125 0.0390625
0 0.162109375 0.453125 0.056640625 0.05078125
0 0.24609375 0.5625 0.05078125 0.0390625
0 0.224609375 0.58984375 0.046875 0.029296875
0 0.23046875 0.677734375 0.044921875 0.041015625
0 0.220703125 0.6328125 0.052734375 0.04296875
0 0.234375 0.705078125 0.04296875 0.02734375
0 0.255859375 0.755859375 0.068359375 0.046875
0 0.236328125 0.787109375 0.052734375 0.03515625
0 0.23828125 0.828125 0.046875 0.03125
0 0.25 0.88671875 0.056640625 0.06640625
0 0.201171875 0.865234375 0.05078125 0.033203125
0 0.20703125 0.90625 0.0546875 0.048828125
0 0.96875 0.55078125 0.04296875 0.04296875
0 0.943359375 0.53125 0.0390625 0.017578125
0 0.029296875 0.279296875 0.05859375 0.0390625
0 0.232421875 0.068359375 0.0625 0.05078125
0 0.189453125 0.056640625 0.060546875 0.02734375
0 0.228515625 0.03125 0.056640625 0.033203125
0 0.275390625 0.04296875 0.0546875 0.064453125
0 0.02734375 0.119140625 0.0546875 0.03515625
0 0.69140625 0.90625 0.060546875 0.04296875
0 0.65234375 0.44140625 0.0546875 0.041015625
0 0.859375 0.02734375 0.09375 0.0546875