0 0.388671875 0.359375 0.083984375 0.060546875
0 0.451171875 0.462890625 0.0703125 0.0546875
0 0.46875 0.29296875 0.060546875 0.072265625
0 0.505859375 0.23046875 0.078125 0.056640625
0 0.541015625 0.169921875 0.0546875 0.05859375
0 0.591796875 0.158203125 0.072265625 0.072265625
0 0.5234375 0.32421875 0.060546875 0.07421875
0 0.369140625 0.455078125 0.083984375 0.0625
0 0.326171875 0.521484375 0.07421875 0.064453125
0 0.30859375 0.65234375 0.06640625 0.068359375
0 0.265625 0.70703125 0.056640625 0.046875
0 0.2421875 0.78125 0.0625 0.0546875
0 0.375 0.71484375 0.048828125 0.060546875
0 0.625 0.0625 0.056640625 0.04296875
0 0.54296875 0.078125 0.076171875 0.041015625
0 0.58203125 0.03125 0.046875 0.041015625