0 0.66796875 0.36328125 0.0546875 0.05078125
0 0.548828125 0.474609375 0.05078125 0.046875
0 0.466796875 0.4921875 0.0546875 0.05859375
0 0.501953125 0.380859375 0.0703125 0.0546875
0 0.576171875 0.533203125 0.0625 0.05859375
0 0.681640625 0.703125 0.046875 0.05078125
0 0.642578125 0.666015625 0.05078125 0.05078125
0 0.66796875 0.7734375 0.06640625 0.0625
0 0.671875 0.892578125 0.0546875 0.046875
0 0.69140625 0.962890625 0.0625 0.0546875
0 0.638671875 0.255859375 0.078125 0.0625
0 0.6484375 0.306640625 0.0625 0.0546875
0 0.587890625 0.109375 0.0703125 0.046875
0 0.5546875 0.015625 0.0703125 0.03125
0 0.58984375 0.064453125 0.06640625 0.0625
0 0.625 0.19921875 0.0546875 0.0390625
0 0.609375 0.158203125 0.05859375 0.0390625
0 0.66015625 0.423828125 0.07421875 0.078125
0 0.61328125 0.61328125 0.05078125 0.046875
0 0.744140625 0.796875 0.05859375 0.05078125
0 0.7265625 0.841796875 0.0546875 0.046875
0 0.751953125 0.716796875 0.05078125 0.05859375
0 0.728515625 0.6484375 0.046875 0.0390625
0 0.72265625 0.599609375 0.07421875 0.05859375
0 0.986328125 0.09765625 0.0234375 0.09375
0 0.9375 0.037109375 0.08984375 0.046875
0 0.880859375 0.009765625 0.0625 0.01953125