0 0.728515625 0.54296875 0.05078125 0.056640625
0 0.76171875 0.490234375 0.0703125 0.0546875
0 0.71484375 0.404296875 0.0625 0.056640625
0 0.71875 0.32421875 0.06640625 0.060546875
0 0.77734375 0.55859375 0.060546875 0.048828125
0 0.740234375 0.61328125 0.0625 0.04296875
0 0.451171875 0.685546875 0.078125 0.0859375
0 0.47265625 0.7734375 0.091796875 0.07421875
0 0.4921875 0.861328125 0.05078125 0.064453125
0 0.53125 0.880859375 0.048828125 0.04296875
0 0.57421875 0.9453125 0.0625 0.060546875
0 0.6171875 0.98046875 0.068359375 0.0390625
0 0.646484375 0.884765625 0.056640625 0.0625
0 0.599609375 0.84765625 0.052734375 0.060546875
0 0.62109375 0.796875 0.05859375 0.06640625
0 0.6484375 0.763671875 0.0546875 0.048828125
0 0.55078125 0.767578125 0.0546875 0.05078125
0 0.7421875 0.67578125 0.052734375 0.041015625
0 0.787109375 0.6328125 0.064453125 0.064453125
0 0.751953125 0.73828125 0.052734375 0.0546875
0 0.763671875 0.814453125 0.0703125 0.068359375
0 0.71484375 0.875 0.068359375 0.0546875
0 0.650390625 0.84765625 0.064453125 0.0625
0 0.70703125 0.828125 0.06640625 0.056640625
0 0.640625 0.93359375 0.0625 0.0546875
0 0.41015625 0.5859375 0.056640625 0.056640625
0 0.205078125 0.6640625 0.072265625 0.060546875
0 0.216796875 0.75390625 0.07421875 0.06640625