0 0.130859375 0.462890625 0.05859375 0.05078125
0 0.13671875 0.376953125 0.05859375 0.0546875
0 0.15234375 0.298828125 0.06640625 0.0703125
0 0.15625 0.2109375 0.0703125 0.0625
0 0.16796875 0.15234375 0.0703125 0.0625
0 0.171875 0.076171875 0.0703125 0.0703125
0 0.166015625 0.017578125 0.08203125 0.03515625
0 0.1171875 0.546875 0.0625 0.046875
0 0.189453125 0.544921875 0.046875 0.0390625
0 0.1171875 0.63671875 0.0625 0.05078125
0 0.125 0.71875 0.0546875 0.046875
0 0.134765625 0.6796875 0.0625 0.0390625
0 0.111328125 0.85546875 0.06640625 0.0625
0 0.123046875 0.92578125 0.0546875 0.05078125
0 0.1328125 0.978515625 0.0625 0.04296875