0 0.76953125 0.28515625 0.05078125 0.0625
0 0.77734375 0.095703125 0.0625 0.05078125
0 0.83984375 0.04296875 0.0546875 0.0546875
0 0.826171875 0.25390625 0.0546875 0.078125
0 0.806640625 0.404296875 0.078125 0.06640625
0 0.751953125 0.458984375 0.0625 0.0546875
0 0.8046875 0.5234375 0.0859375 0.08984375
0 0.736328125 0.6171875 0.0546875 0.0625
0 0.798828125 0.6328125 0.0859375 0.08984375
0 0.7890625 0.740234375 0.05859375 0.0625
0 0.775390625 0.8671875 0.0703125 0.05078125
0 0.806640625 0.900390625 0.0625 0.046875
0 0.6953125 0.939453125 0.07421875 0.046875
0 0.720703125 0.91015625 0.0546875 0.046875