0 0.953125 0.240234375 0.060546875 0.060546875
0 0.96484375 0.03125 0.05859375 0.052734375
0 0.98046875 0.083984375 0.0390625 0.0390625
0 0.873046875 0.041015625 0.046875 0.0546875
0 0.794921875 0.052734375 0.05859375 0.046875
0 0.966796875 0.341796875 0.060546875 0.052734375
0 0.9375 0.701171875 0.044921875 0.046875
0 0.771484375 0.98046875 0.05859375 0.037109375
0 0.7734375 0.92578125 0.0546875 0.046875
0 0.595703125 0.9453125 0.04296875 0.041015625
0 0.57421875 0.873046875 0.044921875 0.03515625
0 0.572265625 0.904296875 0.044921875 0.048828125
0 0.560546875 0.751953125 0.041015625 0.048828125
0 0.58984375 0.78125 0.048828125 0.052734375
0 0.529296875 0.71484375 0.037109375 0.03515625
0 0.5078125 0.677734375 0.046875 0.05078125
0 0.6328125 0.705078125 0.04296875 0.046875
0 0.736328125 0.8125 0.041015625 0.044921875
0 0.787109375 0.80078125 0.052734375 0.048828125
0 0.78515625 0.87109375 0.052734375 0.04296875
0 0.638671875 0.853515625 0.0703125 0.046875
0 0.775390625 0.744140625 0.033203125 0.04296875
0 0.771484375 0.689453125 0.046875 0.05078125
0 0.685546875 0.62109375 0.052734375 0.056640625
0 0.765625 0.63671875 0.05078125 0.041015625
0 0.767578125 0.583984375 0.044921875 0.041015625
0 0.951171875 0.947265625 0.09375 0.0859375
0 0.953125 0.87890625 0.064453125 0.04296875
0 0.81640625 0.3046875 0.0390625 0.0390625
0 0.845703125 0.248046875 0.03125 0.041015625
0 0.919921875 0.779296875 0.0859375 0.0625
0 0.958984375 0.455078125 0.080078125 0.07421875
0 0.705078125 0.556640625 0.046875 0.0390625
0 0.734375 0.494140625 0.046875 0.041015625
0 0.951171875 0.193359375 0.048828125 0.044921875
0 0.94140625 0.14453125 0.03515625 0.029296875
0 0.927734375 0.10546875 0.02734375 0.0390625