0 0.216796875 0.53515625 0.05078125 0.04296875
0 0.2109375 0.498046875 0.06640625 0.0390625
0 0.20703125 0.453125 0.05859375 0.05078125
0 0.203125 0.421875 0.05859375 0.044921875
0 0.19140625 0.380859375 0.052734375 0.04296875
0 0.189453125 0.34375 0.048828125 0.0390625
0 0.177734375 0.3046875 0.0546875 0.04296875
0 0.15625 0.228515625 0.044921875 0.05078125
0 0.150390625 0.189453125 0.05078125 0.0390625
0 0.13671875 0.154296875 0.044921875 0.044921875
0 0.125 0.119140625 0.0390625 0.037109375
0 0.119140625 0.087890625 0.044921875 0.04296875
0 0.10546875 0.052734375 0.037109375 0.03515625
0 0.1015625 0.021484375 0.041015625 0.03515625
0 0.232421875 0.59375 0.046875 0.041015625
0 0.23828125 0.6328125 0.052734375 0.044921875
0 0.240234375 0.66796875 0.0390625 0.044921875
0 0.2421875 0.70703125 0.05078125 0.041015625
0 0.25390625 0.736328125 0.046875 0.0390625
0 0.259765625 0.7734375 0.046875 0.046875
0 0.265625 0.80859375 0.05859375 0.044921875
0 0.271484375 0.837890625 0.052734375 0.033203125
0 0.28125 0.8671875 0.048828125 0.025390625
0 0.701171875 0.87890625 0.048828125 0.044921875
0 0.65625 0.724609375 0.03515625 0.04296875
0 0.6328125 0.61328125 0.048828125 0.052734375
0 0.603515625 0.462890625 0.052734375 0.060546875
0 0.572265625 0.32421875 0.046875 0.068359375
0 0.515625 0.16796875 0.05078125 0.0703125
0 0.466796875 0.041015625 0.037109375 0.064453125
0 0.51171875 0.009765625 0.064453125 0.01953125
0 0.513671875 0.03515625 0.05859375 0.046875
0 0.525390625 0.068359375 0.064453125 0.025390625
0 0.544921875 0.09765625 0.0703125 0.03515625
0 0.5703125 0.123046875 0.056640625 0.041015625
0 0.587890625 0.1484375 0.044921875 0.0234375
0 0.60546875 0.173828125 0.052734375 0.029296875
0 0.615234375 0.201171875 0.068359375 0.03515625
0 0.62890625 0.234375 0.06640625 0.041015625
0 0.6328125 0.271484375 0.04296875 0.04296875
0 0.640625 0.3046875 0.05859375 0.02734375
0 0.640625 0.341796875 0.05859375 0.048828125
0 0.646484375 0.3671875 0.05859375 0.037109375
0 0.65234375 0.40625 0.05078125 0.05078125
0 0.5859375 0.412109375 0.0546875 0.048828125
0 0.623046875 0.560546875 0.033203125 0.05859375
0 0.658203125 0.509765625 0.05859375 0.05078125
0 0.666015625 0.54296875 0.05859375 0.03125
0 0.65625 0.47265625 0.064453125 0.048828125
0 0.6484375 0.435546875 0.05078125 0.041015625
0 0.669921875 0.576171875 0.052734375 0.044921875
0 0.6640625 0.615234375 0.044921875 0.03515625
0 0.671875 0.64453125 0.04296875 0.037109375
0 0.685546875 0.677734375 0.056640625 0.044921875
0 0.68359375 0.712890625 0.048828125 0.044921875
0 0.697265625 0.748046875 0.05078125 0.046875
0 0.7109375 0.79296875 0.044921875 0.041015625
0 0.72265625 0.83984375 0.0625 0.05078125
0 0.74609375 0.888671875 0.05859375 0.05078125
0 0.748046875 0.9375 0.0625 0.048828125
0 0.7734375 0.9765625 0.06640625 0.046875
0 0.83203125 0.205078125 0.064453125 0.048828125
0 0.876953125 0.31640625 0.056640625 0.056640625
0 0.8984375 0.390625 0.04296875 0.0390625
0 0.98046875 0.603515625 0.037109375 0.05078125
0 0.935546875 0.49609375 0.04296875 0.044921875
0 0.796875 0.09765625 0.05078125 0.044921875