0 0.4140625 0.158203125 0.056640625 0.064453125
0 0.400390625 0.34765625 0.060546875 0.068359375
0 0.388671875 0.474609375 0.076171875 0.072265625
0 0.39453125 0.59375 0.06640625 0.060546875
0 0.39453125 0.6796875 0.076171875 0.072265625
0 0.404296875 0.78515625 0.052734375 0.0625
0 0.419921875 0.984375 0.0546875 0.029296875
0 0.419921875 0.921875 0.072265625 0.0625
0 0.48046875 0.8203125 0.037109375 0.0390625
0 0.484375 0.849609375 0.04296875 0.033203125
0 0.484375 0.666015625 0.064453125 0.05859375
0 0.48828125 0.712890625 0.0703125 0.056640625
0 0.48046875 0.205078125 0.0703125 0.056640625
0 0.48046875 0.373046875 0.0625 0.05859375
0 0.48046875 0.521484375 0.06640625 0.052734375
0 0.4765625 0.62109375 0.048828125 0.037109375
0 0.4765625 0.58984375 0.056640625 0.05078125
0 0.4609375 0.966796875 0.05078125 0.046875
0 0.41015625 0.236328125 0.05078125 0.0546875