0 0.64453125 0.3046875 0.046875 0.052734375
0 0.625 0.26953125 0.05859375 0.0390625
0 0.630859375 0.2265625 0.048828125 0.041015625
0 0.6328125 0.13671875 0.0546875 0.04296875
0 0.626953125 0.099609375 0.048828125 0.048828125
0 0.623046875 0.064453125 0.04296875 0.05078125
0 0.630859375 0.029296875 0.05859375 0.033203125
0 0.634765625 0.185546875 0.06640625 0.0546875
0 0.6171875 0.48046875 0.060546875 0.0390625
0 0.58203125 0.646484375 0.048828125 0.052734375
0 0.599609375 0.609375 0.05859375 0.052734375
0 0.5625 0.693359375 0.048828125 0.044921875
0 0.533203125 0.728515625 0.04296875 0.04296875
0 0.515625 0.76171875 0.0390625 0.04296875
0 0.50390625 0.80859375 0.072265625 0.048828125
0 0.482421875 0.8515625 0.05078125 0.0546875
0 0.466796875 0.888671875 0.048828125 0.03515625
0 0.455078125 0.92578125 0.0390625 0.0390625
0 0.43359375 0.955078125 0.05859375 0.044921875
0 0.3984375 0.978515625 0.060546875 0.04296875
0 0.4296875 0.896484375 0.03515625 0.041015625