0 0.515625 0.8359375 0.046875 0.046875
0 0.46484375 0.845703125 0.0703125 0.0546875
0 0.84375 0.05078125 0.07421875 0.0546875
0 0.916015625 0.162109375 0.0703125 0.06640625
0 0.779296875 0.173828125 0.046875 0.04296875
0 0.771484375 0.482421875 0.046875 0.05078125
0 0.259765625 0.982421875 0.0703125 0.03515625
0 0.748046875 0.5859375 0.0625 0.046875
0 0.765625 0.427734375 0.0546875 0.0390625
0 0.767578125 0.37109375 0.0546875 0.046875
0 0.69921875 0.775390625 0.0546875 0.0546875
0 0.6953125 0.865234375 0.0625 0.0546875