0 0.853515625 0.470703125 0.05078125 0.052734375
0 0.87890625 0.5 0.046875 0.041015625
0 0.908203125 0.52734375 0.046875 0.0390625
0 0.92578125 0.5625 0.052734375 0.037109375
0 0.9453125 0.595703125 0.0390625 0.037109375
0 0.96875 0.626953125 0.048828125 0.03125
0 0.98828125 0.654296875 0.0234375 0.05078125
0 0.171875 0.03515625 0.064453125 0.052734375
0 0.212890625 0.08203125 0.05078125 0.052734375
0 0.38671875 0.28125 0.0546875 0.048828125
0 0.291015625 0.166015625 0.068359375 0.05859375
0 0.4765625 0.404296875 0.0546875 0.05859375
0 0.501953125 0.439453125 0.04296875 0.046875
0 0.576171875 0.533203125 0.052734375 0.048828125
0 0.56640625 0.60546875 0.056640625 0.05859375
0 0.7265625 0.697265625 0.06640625 0.0546875
0 0.810546875 0.876953125 0.064453125 0.0546875
0 0.76171875 0.740234375 0.064453125 0.060546875
0 0.076171875 0.1796875 0.078125 0.078125
0 0.1640625 0.28125 0.080078125 0.0625
0 0.248046875 0.39453125 0.08203125 0.068359375
0 0.322265625 0.416015625 0.052734375 0.04296875
0 0.228515625 0.212890625 0.052734375 0.04296875
0 0.279296875 0.3046875 0.052734375 0.046875
0 0.333984375 0.494140625 0.09375 0.083984375
0 0.42578125 0.59765625 0.107421875 0.1015625
0 0.513671875 0.68359375 0.0859375 0.078125
0 0.552734375 0.740234375 0.087890625 0.087890625
0 0.595703125 0.787109375 0.072265625 0.064453125
0 0.654296875 0.794921875 0.060546875 0.033203125
0 0.58984375 0.85546875 0.064453125 0.052734375
0 0.64453125 0.84375 0.095703125 0.0625
0 0.689453125 0.904296875 0.123046875 0.080078125
0 0.291015625 0.8984375 0.09375 0.0859375
0 0.140625 0.94140625 0.068359375 0.0546875
0 0.107421875 0.9765625 0.09765625 0.046875
0 0.08984375 0.9375 0.068359375 0.05859375
0 0.0703125 0.8984375 0.041015625 0.05078125
0 0.046875 0.923828125 0.052734375 0.03515625
0 0.041015625 0.873046875 0.08203125 0.05859375
0 0.0234375 0.84375 0.046875 0.068359375
0 0.099609375 0.63671875 0.111328125 0.130859375
0 0.98046875 0.9765625 0.0390625 0.046875
0 0.693359375 0.984375 0.10546875 0.03125
0 0.20703125 0.541015625 0.05078125 0.03515625
0 0.197265625 0.60546875 0.072265625 0.05859375
0 0.1875 0.5078125 0.046875 0.046875
0 0.169921875 0.490234375 0.048828125 0.041015625
0 0.138671875 0.46484375 0.060546875 0.060546875
0 0.123046875 0.44140625 0.05859375 0.068359375
0 0.107421875 0.41015625 0.0625 0.0703125
0 0.087890625 0.384765625 0.05859375 0.0546875
0 0.056640625 0.359375 0.048828125 0.064453125
0 0.037109375 0.33203125 0.048828125 0.064453125
0 0.025390625 0.306640625 0.05078125 0.064453125