0 0.1953125 0.376953125 0.0625 0.0546875
0 0.19921875 0.45703125 0.0625 0.0625
0 0.203125 0.541015625 0.0703125 0.0703125
0 0.20703125 0.611328125 0.06640625 0.06640625
0 0.212890625 0.673828125 0.05859375 0.05859375
0 0.271484375 0.875 0.0703125 0.0546875
0 0.185546875 0.279296875 0.0703125 0.06640625
0 0.2109375 0.330078125 0.0546875 0.0625
0 0.17578125 0.3359375 0.0546875 0.0546875
0 0.119140625 0.345703125 0.0625 0.0625
0 0.474609375 0.796875 0.08203125 0.078125
0 0.294921875 0.953125 0.06640625 0.0546875
0 0.4609375 0.943359375 0.078125 0.0546875