0 0.748046875 0.068359375 0.041015625 0.0546875
0 0.7421875 0.12109375 0.044921875 0.046875
0 0.744140625 0.1640625 0.05078125 0.04296875
0 0.75390625 0.2265625 0.044921875 0.044921875
0 0.748046875 0.271484375 0.048828125 0.044921875
0 0.73828125 0.31640625 0.05078125 0.05078125
0 0.736328125 0.375 0.048828125 0.044921875
0 0.748046875 0.46875 0.048828125 0.04296875
0 0.728515625 0.52734375 0.046875 0.033203125
0 0.7421875 0.59375 0.0625 0.044921875
0 0.734375 0.6328125 0.056640625 0.048828125
0 0.767578125 0.01171875 0.03515625 0.021484375
0 0.740234375 0.806640625 0.06640625 0.046875
0 0.728515625 0.853515625 0.06640625 0.04296875
0 0.17578125 0.09375 0.076171875 0.072265625