0 0.716796875 0.01171875 0.05078125 0.0234375
0 0.728515625 0.037109375 0.0625 0.052734375
0 0.755859375 0.064453125 0.041015625 0.03125
0 0.78125 0.095703125 0.044921875 0.033203125
0 0.76953125 0.1484375 0.0703125 0.06640625
0 0.80859375 0.169921875 0.033203125 0.02734375
0 0.82421875 0.201171875 0.044921875 0.03515625
0 0.81640625 0.220703125 0.046875 0.02734375
0 0.828125 0.2578125 0.0546875 0.037109375
0 0.828125 0.28515625 0.0390625 0.03515625
0 0.83203125 0.318359375 0.03515625 0.029296875
0 0.837890625 0.349609375 0.046875 0.041015625
0 0.84375 0.375 0.044921875 0.03515625
0 0.845703125 0.40625 0.046875 0.029296875
0 0.84765625 0.43359375 0.04296875 0.03515625
0 0.841796875 0.478515625 0.080078125 0.072265625
0 0.845703125 0.5234375 0.04296875 0.041015625
0 0.841796875 0.552734375 0.05078125 0.0390625
0 0.837890625 0.591796875 0.046875 0.0390625
0 0.830078125 0.619140625 0.048828125 0.03125
0 0.826171875 0.650390625 0.04296875 0.033203125
0 0.826171875 0.681640625 0.041015625 0.03515625
0 0.81640625 0.7109375 0.044921875 0.037109375
0 0.8046875 0.74609375 0.0390625 0.041015625
0 0.78125 0.783203125 0.0703125 0.060546875
0 0.796875 0.814453125 0.037109375 0.033203125
0 0.783203125 0.87109375 0.04296875 0.04296875
0 0.787109375 0.923828125 0.0625 0.0546875
0 0.775390625 0.98046875 0.072265625 0.0390625
0 0.91015625 0.953125 0.05078125 0.05078125
0 0.416015625 0.09375 0.05078125 0.05859375
0 0.341796875 0.06640625 0.044921875 0.056640625
0 0.388671875 0.048828125 0.05859375 0.03515625
0 0.375 0.091796875 0.05078125 0.052734375
0 0.41015625 0.1328125 0.056640625 0.04296875
0 0.416015625 0.166015625 0.04296875 0.037109375
0 0.419921875 0.20703125 0.0390625 0.04296875
0 0.423828125 0.255859375 0.048828125 0.03515625
0 0.4296875 0.294921875 0.052734375 0.041015625
0 0.4375 0.34375 0.041015625 0.04296875
0 0.435546875 0.37890625 0.03515625 0.041015625
0 0.439453125 0.41796875 0.05078125 0.04296875
0 0.435546875 0.458984375 0.052734375 0.046875
0 0.439453125 0.5 0.0546875 0.0390625
0 0.44140625 0.52734375 0.0390625 0.033203125
0 0.447265625 0.56640625 0.037109375 0.046875
0 0.44921875 0.609375 0.048828125 0.04296875
0 0.453125 0.64453125 0.05078125 0.041015625
0 0.455078125 0.68359375 0.05078125 0.04296875
0 0.458984375 0.712890625 0.05078125 0.03515625
0 0.458984375 0.744140625 0.0546875 0.041015625
0 0.466796875 0.783203125 0.05078125 0.04296875
0 0.466796875 0.82421875 0.0546875 0.044921875
0 0.470703125 0.853515625 0.05078125 0.0390625
0 0.48046875 0.892578125 0.05078125 0.041015625
0 0.474609375 0.927734375 0.044921875 0.029296875
0 0.48046875 0.9609375 0.056640625 0.046875
0 0.482421875 0.986328125 0.05078125 0.02734375
0 0.14453125 0.1875 0.0390625 0.03515625
0 0.14453125 0.224609375 0.044921875 0.0234375
0 0.1484375 0.2734375 0.046875 0.037109375
0 0.134765625 0.310546875 0.048828125 0.02734375
0 0.158203125 0.345703125 0.0546875 0.04296875
0 0.15625 0.419921875 0.05078125 0.041015625
0 0.138671875 0.447265625 0.029296875 0.029296875
0 0.140625 0.490234375 0.044921875 0.02734375
0 0.224609375 0.560546875 0.056640625 0.041015625
0 0.220703125 0.611328125 0.0546875 0.04296875
0 0.1875 0.77734375 0.03125 0.029296875
0 0.1484375 0.73046875 0.04296875 0.033203125
0 0.12890625 0.869140625 0.08203125 0.11328125
0 0.19140625 0.865234375 0.05859375 0.068359375
0 0.18359375 0.927734375 0.064453125 0.06640625
0 0.1171875 0.9765625 0.03515625 0.029296875
0 0.166015625 0.97265625 0.0390625 0.0390625
0 0.04296875 0.91796875 0.0859375 0.13671875
0 0.05859375 0.7734375 0.076171875 0.068359375
0 0.009765625 0.767578125 0.01953125 0.0390625
0 0.029296875 0.638671875 0.05859375 0.08984375
0 0.05859375 0.44140625 0.0859375 0.103515625
0 0.1171875 0.42578125 0.046875 0.052734375
0 0.0546875 0.330078125 0.080078125 0.11328125
0 0.0546875 0.14453125 0.052734375 0.044921875
0 0.0546875 0.0859375 0.08203125 0.07421875
0 0.173828125 0.02734375 0.046875 0.052734375
0 0.220703125 0.052734375 0.044921875 0.033203125
0 0.26171875 0.068359375 0.056640625 0.041015625
0 0.302734375 0.099609375 0.044921875 0.04296875
0 0.251953125 0.2109375 0.091796875 0.072265625
0 0.298828125 0.41796875 0.078125 0.09375
0 0.267578125 0.490234375 0.044921875 0.046875
0 0.31640625 0.658203125 0.095703125 0.083984375
0 0.302734375 0.9375 0.08203125 0.07421875
0 0.234375 0.705078125 0.03125 0.033203125
0 0.123046875 0.6484375 0.080078125 0.0703125
0 0.123046875 0.546875 0.095703125 0.091796875
0 0.2265625 0.32421875 0.046875 0.03515625
0 0.1953125 0.298828125 0.0390625 0.037109375
0 0.357421875 0.2265625 0.044921875 0.046875
0 0.568359375 0.0859375 0.0546875 0.052734375
0 0.609375 0.1015625 0.052734375 0.029296875
0 0.587890625 0.173828125 0.06640625 0.068359375
0 0.611328125 0.302734375 0.064453125 0.060546875
0 0.609375 0.37890625 0.05859375 0.048828125
0 0.619140625 0.498046875 0.072265625 0.0703125
0 0.66015625 0.49609375 0.044921875 0.05078125
0 0.716796875 0.478515625 0.0546875 0.048828125
0 0.626953125 0.572265625 0.060546875 0.048828125
0 0.587890625 0.62890625 0.0546875 0.0546875
0 0.6796875 0.20703125 0.046875 0.044921875
0 0.625 0.68359375 0.05859375 0.060546875
0 0.62890625 0.765625 0.064453125 0.064453125
0 0.623046875 0.884765625 0.068359375 0.07421875
0 0.630859375 0.96484375 0.07421875 0.0703125
0 0.09375 0.1796875 0.056640625 0.04296875