0 0.083984375 0.5859375 0.064453125 0.06640625
0 0.03125 0.529296875 0.0625 0.06640625
0 0.033203125 0.4921875 0.064453125 0.044921875
0 0.02734375 0.453125 0.052734375 0.03125
0 0.025390625 0.4140625 0.05078125 0.0625
0 0.119140625 0.67578125 0.08203125 0.076171875
0 0.107421875 0.75390625 0.0859375 0.0625
0 0.12109375 0.80078125 0.064453125 0.052734375
0 0.1484375 0.8828125 0.05859375 0.076171875
0 0.03125 0.62890625 0.060546875 0.056640625
0 0.05859375 0.708984375 0.046875 0.05078125
0 0.037109375 0.689453125 0.04296875 0.041015625
0 0.068359375 0.66796875 0.048828125 0.041015625
0 0.189453125 0.984375 0.08203125 0.03125