0 0.6328125 0.73046875 0.1015625 0.1015625
0 0.591796875 0.494140625 0.109375 0.11328125
0 0.517578125 0.220703125 0.109375 0.109375
0 0.95703125 0.0859375 0.08203125 0.10546875
0 0.650390625 0.1640625 0.0390625 0.046875
0 0.603515625 0.12109375 0.0703125 0.05078125
0 0.587890625 0.06640625 0.078125 0.0625
0 0.56640625 0.0234375 0.08203125 0.046875
0 0.3046875 0.5859375 0.09375 0.09765625
0 0.384765625 0.859375 0.0859375 0.0859375
0 0.1953125 0.35546875 0.06640625 0.0703125
0 0.123046875 0.1640625 0.08984375 0.0859375