0 0.345703125 0.88671875 0.0625 0.0546875
0 0.36328125 0.95703125 0.0625 0.046875
0 0.408203125 0.91015625 0.05859375 0.06640625
0 0.328125 0.78515625 0.04296875 0.0390625
0 0.359375 0.794921875 0.0390625 0.046875
0 0.341796875 0.8359375 0.0625 0.0625
0 0.119140625 0.931640625 0.078125 0.0546875
0 0.052734375 0.953125 0.07421875 0.05859375
0 0.046875 0.830078125 0.08984375 0.05859375
0 0.11328125 0.134765625 0.078125 0.0625
0 0.16796875 0.173828125 0.06640625 0.05078125
0 0.564453125 0.63671875 0.06640625 0.06640625
0 0.259765625 0.703125 0.0625 0.05078125
0 0.310546875 0.685546875 0.05078125 0.046875
0 0.3359375 0.033203125 0.078125 0.06640625
0 0.271484375 0.017578125 0.0546875 0.03515625
0 0.3359375 0.736328125 0.02734375 0.02734375
0 0.30859375 0.740234375 0.0390625 0.0390625
0 0.298828125 0.599609375 0.0546875 0.046875
0 0.279296875 0.544921875 0.05859375 0.0390625