0 0.8671875 0.669921875 0.072265625 0.078125
0 0.759765625 0.75390625 0.0703125 0.056640625
0 0.662109375 0.8359375 0.078125 0.068359375
0 0.560546875 0.896484375 0.0703125 0.076171875
0 0.4765625 0.83984375 0.068359375 0.0703125
0 0.5078125 0.77734375 0.0703125 0.06640625
0 0.5390625 0.736328125 0.05078125 0.05859375
0 0.427734375 0.9765625 0.08984375 0.046875
0 0.20703125 0.931640625 0.107421875 0.087890625
0 0.1640625 0.748046875 0.080078125 0.07421875
0 0.16796875 0.64453125 0.078125 0.080078125
0 0.171875 0.447265625 0.08984375 0.0859375
0 0.193359375 0.333984375 0.078125 0.06640625
0 0.21875 0.20703125 0.08203125 0.07421875
0 0.25390625 0.0859375 0.08984375 0.072265625