0 0.693359375 0.2265625 0.052734375 0.05078125
0 0.681640625 0.138671875 0.02734375 0.06640625
0 0.693359375 0.0859375 0.0546875 0.06640625
0 0.69921875 0.04296875 0.05859375 0.05078125
0 0.685546875 0.2734375 0.046875 0.041015625
0 0.6875 0.32421875 0.044921875 0.044921875
0 0.685546875 0.373046875 0.05078125 0.04296875
0 0.6875 0.41796875 0.044921875 0.0390625
0 0.673828125 0.884765625 0.064453125 0.04296875
0 0.65234375 0.9140625 0.046875 0.033203125
0 0.64453125 0.986328125 0.046875 0.02734375
0 0.66796875 0.67578125 0.041015625 0.048828125
0 0.625 0.767578125 0.05078125 0.04296875
0 0.6640625 0.8046875 0.087890625 0.06640625