0 0.11328125 0.109375 0.07421875 0.0703125
0 0.04296875 0.115234375 0.08203125 0.10546875
0 0.17578125 0.248046875 0.083984375 0.083984375
0 0.107421875 0.251953125 0.072265625 0.072265625
0 0.05078125 0.2890625 0.095703125 0.10546875
0 0.150390625 0.36328125 0.07421875 0.07421875
0 0.23046875 0.365234375 0.08203125 0.072265625
0 0.0625 0.41015625 0.0859375 0.076171875
0 0.091796875 0.509765625 0.111328125 0.103515625
0 0.1796875 0.4765625 0.08984375 0.08984375
0 0.244140625 0.615234375 0.083984375 0.087890625
0 0.17578125 0.681640625 0.123046875 0.10546875
0 0.13671875 0.591796875 0.107421875 0.087890625
0 0.330078125 0.51953125 0.083984375 0.083984375
0 0.392578125 0.62890625 0.080078125 0.068359375
0 0.421875 0.703125 0.08203125 0.076171875
0 0.31640625 0.7421875 0.0859375 0.076171875
0 0.212890625 0.76171875 0.076171875 0.04296875
0 0.220703125 0.8046875 0.06640625 0.044921875
0 0.267578125 0.841796875 0.076171875 0.072265625
0 0.359375 0.849609375 0.076171875 0.0703125
0 0.517578125 0.845703125 0.072265625 0.068359375
0 0.453125 0.90234375 0.078125 0.0625
0 0.376953125 0.966796875 0.06640625 0.06640625
0 0.33203125 0.931640625 0.05078125 0.0546875
0 0.43359375 0.9765625 0.060546875 0.044921875
0 0.46484375 0.95703125 0.060546875 0.0546875
0 0.517578125 0.986328125 0.0625 0.02734375
0 0.587890625 0.9609375 0.064453125 0.0625