0 0.240234375 0.2578125 0.0625 0.05078125
0 0.22265625 0.306640625 0.03515625 0.0546875
0 0.22265625 0.359375 0.04296875 0.044921875
0 0.236328125 0.205078125 0.060546875 0.0546875
0 0.22265625 0.16015625 0.06640625 0.05078125
0 0.21875 0.109375 0.046875 0.04296875
0 0.20703125 0.080078125 0.060546875 0.03515625
0 0.203125 0.052734375 0.0546875 0.03125
0 0.1953125 0.017578125 0.0625 0.03515625
0 0.669921875 0.119140625 0.05859375 0.044921875
0 0.671875 0.1796875 0.05078125 0.0546875
0 0.677734375 0.212890625 0.048828125 0.03515625
0 0.6796875 0.2578125 0.041015625 0.048828125
0 0.6875 0.30078125 0.0390625 0.048828125
0 0.673828125 0.361328125 0.044921875 0.056640625
0 0.708984375 0.451171875 0.06640625 0.041015625
0 0.7109375 0.501953125 0.072265625 0.052734375
0 0.720703125 0.544921875 0.0390625 0.04296875
0 0.759765625 0.576171875 0.04296875 0.052734375
0 0.693359375 0.07421875 0.037109375 0.03515625
0 0.73046875 0.66796875 0.052734375 0.041015625
0 0.755859375 0.71875 0.044921875 0.046875
0 0.771484375 0.767578125 0.048828125 0.05078125
0 0.744140625 0.830078125 0.05078125 0.06640625
0 0.71875 0.88671875 0.04296875 0.029296875
0 0.69921875 0.9375 0.04296875 0.0390625
0 0.80078125 0.8515625 0.037109375 0.05078125
0 0.849609375 0.85546875 0.06640625 0.056640625
0 0.7890625 0.8125 0.048828125 0.064453125
0 0.81640625 0.904296875 0.048828125 0.048828125
0 0.876953125 0.912109375 0.060546875 0.076171875
0 0.826171875 0.759765625 0.044921875 0.0390625
0 0.84765625 0.8046875 0.06640625 0.052734375
0 0.12890625 0.033203125 0.0546875 0.05078125
0 0.138671875 0.080078125 0.060546875 0.05078125
0 0.146484375 0.1328125 0.05859375 0.048828125
0 0.15234375 0.173828125 0.046875 0.04296875
0 0.171875 0.287109375 0.05859375 0.0546875
0 0.177734375 0.23046875 0.083984375 0.080078125
0 0.181640625 0.337890625 0.052734375 0.052734375
0 0.193359375 0.3984375 0.060546875 0.0546875
0 0.1953125 0.453125 0.056640625 0.060546875
0 0.2109375 0.5078125 0.060546875 0.0546875
0 0.208984375 0.556640625 0.060546875 0.041015625
0 0.21875 0.59375 0.060546875 0.046875
0 0.2265625 0.642578125 0.064453125 0.05859375
0 0.23828125 0.689453125 0.0546875 0.044921875
0 0.25390625 0.736328125 0.052734375 0.05078125
0 0.259765625 0.787109375 0.05859375 0.05859375
0 0.267578125 0.841796875 0.0546875 0.052734375
0 0.306640625 0.94140625 0.048828125 0.056640625
0 0.2890625 0.890625 0.060546875 0.046875
0 0.330078125 0.98828125 0.08203125 0.0234375
0 0.74609375 0.166015625 0.052734375 0.048828125
0 0.759765625 0.109375 0.041015625 0.04296875
0 0.724609375 0.212890625 0.044921875 0.0390625
0 0.73046875 0.32421875 0.029296875 0.052734375
0 0.734375 0.390625 0.0390625 0.037109375
0 0.75 0.45703125 0.0390625 0.041015625
0 0.7578125 0.51171875 0.052734375 0.048828125
0 0.740234375 0.029296875 0.0546875 0.056640625