0 0.779296875 0.626953125 0.0703125 0.08203125
0 0.8125 0.482421875 0.05859375 0.05859375
0 0.849609375 0.53125 0.064453125 0.060546875
0 0.845703125 0.310546875 0.083984375 0.08203125
0 0.892578125 0.134765625 0.068359375 0.064453125
0 0.83203125 0.017578125 0.0703125 0.03515625
0 0.486328125 0.376953125 0.0625 0.0546875
0 0.734375 0.916015625 0.064453125 0.0546875
0 0.755859375 0.759765625 0.046875 0.046875
0 0.94921875 0.6875 0.064453125 0.060546875
0 0.890625 0.5859375 0.05859375 0.0546875
0 0.921875 0.541015625 0.052734375 0.05859375
0 0.951171875 0.61328125 0.041015625 0.046875
0 0.96875 0.578125 0.052734375 0.052734375