0 0.65625 0.5390625 0.0625 0.0546875
0 0.73046875 0.392578125 0.09375 0.09375
0 0.771484375 0.521484375 0.1171875 0.10546875
0 0.71875 0.2421875 0.0703125 0.0625
0 0.634765625 0.2109375 0.11328125 0.07421875
0 0.650390625 0.318359375 0.0625 0.0546875
0 0.53125 0.462890625 0.09375 0.078125
0 0.49609375 0.357421875 0.09375 0.078125
0 0.47265625 0.2734375 0.078125 0.0546875
0 0.447265625 0.21875 0.07421875 0.046875
0 0.373046875 0.220703125 0.0703125 0.0546875
0 0.439453125 0.1796875 0.05078125 0.0390625
0 0.404296875 0.13671875 0.09765625 0.0625
0 0.375 0.080078125 0.0703125 0.0546875
0 0.375 0.0234375 0.109375 0.046875
0 0.45703125 0.029296875 0.0625 0.05859375
0 0.53125 0.11328125 0.07421875 0.078125
0 0.583984375 0.1484375 0.0546875 0.046875
0 0.599609375 0.046875 0.08984375 0.078125
0 0.654296875 0.904296875 0.0625 0.0546875
0 0.63671875 0.84375 0.0546875 0.0625
0 0.61328125 0.75390625 0.06640625 0.0625
0 0.76953125 0.658203125 0.0625 0.0625
0 0.826171875 0.720703125 0.06640625 0.046875
0 0.779296875 0.861328125 0.046875 0.0390625
0 0.78125 0.962890625 0.0859375 0.0703125
0 0.951171875 0.94921875 0.0546875 0.0625
0 0.921875 0.96484375 0.0546875 0.0625
0 0.875 0.791015625 0.0546875 0.0390625
0 0.73046875 0.787109375 0.06640625 0.078125
0 0.69140625 0.66796875 0.0546875 0.05859375
0 0.5546875 0.53515625 0.0625 0.046875
0 0.462890625 0.544921875 0.0546875 0.046875
0 0.548828125 0.84765625 0.06640625 0.046875
0 0.572265625 0.904296875 0.06640625 0.0625
0 0.521484375 0.904296875 0.0625 0.0625
0 0.564453125 0.9609375 0.0625 0.0546875
0 0.6640625 0.962890625 0.05078125 0.04296875
0 0.564453125 0.6171875 0.06640625 0.0546875
0 0.365234375 0.55859375 0.0546875 0.046875
0 0.3515625 0.890625 0.0546875 0.0546875
0 0.375 0.970703125 0.0703125 0.05859375
0 0.296875 0.515625 0.0703125 0.0546875
0 0.283203125 0.474609375 0.0546875 0.046875
0 0.318359375 0.43359375 0.04296875 0.046875
0 0.28515625 0.189453125 0.05859375 0.0546875
0 0.255859375 0.11328125 0.06640625 0.05859375
0 0.2109375 0.078125 0.0703125 0.0625
0 0.171875 0.03515625 0.0625 0.0703125
0 0.267578125 0.27734375 0.03515625 0.0390625
0 0.19921875 0.169921875 0.06640625 0.0546875
0 0.162109375 0.1953125 0.0546875 0.0546875
0 0.248046875 0.185546875 0.04296875 0.0546875
0 0.21484375 0.220703125 0.05859375 0.0546875
0 0.21484375 0.2578125 0.0546875 0.0390625
0 0.248046875 0.376953125 0.0546875 0.04296875
0 0.2421875 0.3359375 0.046875 0.03125
0 0.23046875 0.296875 0.0546875 0.046875
0 0.28515625 0.34765625 0.0625 0.03125
0 0.302734375 0.3828125 0.0546875 0.05078125
0 0.265625 0.423828125 0.0625 0.0625
0 0.3203125 0.560546875 0.046875 0.04296875
0 0.33984375 0.775390625 0.078125 0.05859375
0 0.322265625 0.708984375 0.06640625 0.0546875
0 0.34765625 0.650390625 0.07421875 0.04296875
0 0.333984375 0.615234375 0.05859375 0.0546875
0 0.392578125 0.634765625 0.0546875 0.04296875
0 0.37890625 0.734375 0.07421875 0.05078125
0 0.853515625 0.869140625 0.078125 0.0859375
0 0.29296875 0.98046875 0.046875 0.0390625
0 0.279296875 0.908203125 0.0546875 0.03125
0 0.28125 0.88671875 0.046875 0.02734375