0 0.232421875 0.193359375 0.05859375 0.052734375
0 0.119140625 0.10546875 0.072265625 0.052734375
0 0.0625 0.05859375 0.08203125 0.060546875
0 0.3984375 0.3125 0.05078125 0.046875
0 0.439453125 0.361328125 0.05859375 0.052734375
0 0.49609375 0.32421875 0.05859375 0.0859375
0 0.44140625 0.08203125 0.052734375 0.056640625
0 0.58203125 0.427734375 0.04296875 0.04296875
0 0.515625 0.455078125 0.0546875 0.048828125
0 0.484375 0.412109375 0.0703125 0.05859375
0 0.646484375 0.693359375 0.05078125 0.046875
0 0.697265625 0.9296875 0.05859375 0.05078125
0 0.55859375 0.384765625 0.046875 0.056640625
0 0.28515625 0.22265625 0.080078125 0.078125
0 0.17578125 0.181640625 0.05859375 0.05859375
0 0.494140625 0.201171875 0.044921875 0.052734375
0 0.533203125 0.267578125 0.046875 0.03515625
0 0.4140625 0.02734375 0.056640625 0.0390625
0 0.611328125 0.583984375 0.052734375 0.044921875
0 0.5625 0.521484375 0.0546875 0.064453125
0 0.638671875 0.625 0.06640625 0.05078125
0 0.64453125 0.662109375 0.0390625 0.037109375
0 0.65234375 0.78125 0.05078125 0.0390625
0 0.693359375 0.873046875 0.046875 0.046875
0 0.65234375 0.849609375 0.05078125 0.048828125