0 0.3828125 0.966796875 0.05859375 0.0625
0 0.439453125 0.927734375 0.078125 0.05078125
0 0.48828125 0.84375 0.0703125 0.046875
0 0.546875 0.744140625 0.0859375 0.0625
0 0.65234375 0.779296875 0.0703125 0.0703125
0 0.60546875 0.646484375 0.0625 0.0703125
0 0.51953125 0.318359375 0.0546875 0.05078125
0 0.6328125 0.02734375 0.08203125 0.0546875
0 0.802734375 0.55859375 0.06640625 0.0625
0 0.841796875 0.650390625 0.06640625 0.0546875
0 0.857421875 0.73828125 0.0625 0.0546875
0 0.81640625 0.767578125 0.08203125 0.0703125
0 0.8984375 0.84375 0.08203125 0.05078125
0 0.931640625 0.96484375 0.07421875 0.05078125
0 0.78125 0.470703125 0.0625 0.0625
0 0.4921875 0.24609375 0.046875 0.0546875
0 0.5703125 0.53515625 0.0546875 0.046875
0 0.5390625 0.587890625 0.07421875 0.046875