0 0.359375 0.154296875 0.046875 0.046875
0 0.357421875 0.103515625 0.0546875 0.0546875
0 0.330078125 0.04296875 0.046875 0.046875
0 0.3046875 0.01171875 0.0390625 0.0234375
0 0.376953125 0.189453125 0.0390625 0.046875
0 0.384765625 0.23828125 0.0703125 0.05078125
0 0.400390625 0.291015625 0.0546875 0.046875
0 0.4140625 0.34375 0.05078125 0.04296875
0 0.44921875 0.609375 0.05859375 0.0546875
0 0.44921875 0.552734375 0.0625 0.046875
0 0.451171875 0.662109375 0.0546875 0.046875
0 0.443359375 0.759765625 0.05859375 0.046875
0 0.443359375 0.7109375 0.0625 0.0625
0 0.455078125 0.814453125 0.046875 0.0546875
0 0.462890625 0.875 0.05078125 0.0546875
0 0.47265625 0.921875 0.0390625 0.0390625
0 0.482421875 0.955078125 0.05078125 0.03125
0 0.59765625 0.91796875 0.0546875 0.046875
0 0.765625 0.552734375 0.0546875 0.0625
0 0.787109375 0.607421875 0.06640625 0.0390625
0 0.96484375 0.34375 0.0546875 0.046875
0 0.09375 0.025390625 0.0703125 0.046875
0 0.10546875 0.078125 0.0703125 0.0625
0 0.17578125 0.251953125 0.06640625 0.07421875
0 0.142578125 0.173828125 0.08203125 0.1015625
0 0.224609375 0.05859375 0.046875 0.05078125
0 0.35546875 0.47265625 0.04296875 0.046875
0 0.310546875 0.6953125 0.046875 0.046875
0 0.30859375 0.662109375 0.05078125 0.046875
0 0.3203125 0.59765625 0.0390625 0.02734375
0 0.31640625 0.568359375 0.0390625 0.0546875
0 0.306640625 0.52734375 0.0546875 0.0390625
0 0.3046875 0.47265625 0.0390625 0.046875
0 0.310546875 0.72265625 0.04296875 0.02734375
0 0.32421875 0.74609375 0.05859375 0.0390625
0 0.328125 0.78125 0.0546875 0.0390625
0 0.3359375 0.822265625 0.0625 0.03515625
0 0.439453125 0.5 0.0625 0.046875
0 0.427734375 0.439453125 0.0546875 0.04296875
0 0.359375 0.42578125 0.046875 0.0390625
0 0.3828125 0.396484375 0.046875 0.046875
0 0.419921875 0.388671875 0.04296875 0.0390625
0 0.345703125 0.658203125 0.04296875 0.0390625