0 0.671875 0.048828125 0.05078125 0.0546875
0 0.69140625 0.08984375 0.0546875 0.0390625
0 0.693359375 0.1171875 0.0390625 0.03515625
0 0.703125 0.15234375 0.046875 0.0546875
0 0.96484375 0.208984375 0.0390625 0.0390625
0 0.953125 0.1640625 0.0546875 0.0546875
0 0.841796875 0.23046875 0.0390625 0.03125
0 0.853515625 0.73046875 0.0546875 0.046875
0 0.732421875 0.30859375 0.0625 0.05078125
0 0.732421875 0.248046875 0.05078125 0.05078125
0 0.7578125 0.40625 0.0703125 0.05859375
0 0.767578125 0.462890625 0.0625 0.046875
0 0.75 0.5234375 0.046875 0.046875
0 0.806640625 0.533203125 0.0546875 0.05078125
0 0.736328125 0.357421875 0.06640625 0.0546875