0 0.5 0.421875 0.087890625 0.0859375
0 0.427734375 0.30859375 0.0859375 0.07421875
0 0.333984375 0.197265625 0.091796875 0.08203125
0 0.228515625 0.134765625 0.083984375 0.078125
0 0.029296875 0.248046875 0.05859375 0.06640625
0 0.03515625 0.61328125 0.068359375 0.087890625
0 0.197265625 0.666015625 0.0859375 0.091796875
0 0.337890625 0.740234375 0.10546875 0.08203125
0 0.466796875 0.83203125 0.083984375 0.083984375
0 0.5546875 0.544921875 0.08984375 0.091796875
0 0.60546875 0.70703125 0.072265625 0.068359375
0 0.6015625 0.8984375 0.09765625 0.08984375
0 0.666015625 0.8359375 0.064453125 0.078125
0 0.708984375 0.939453125 0.083984375 0.08203125
0 0.62890625 0.978515625 0.0859375 0.04296875
0 0.3984375 0.169921875 0.07421875 0.078125
0 0.2890625 0.12109375 0.052734375 0.060546875
0 0.353515625 0.83984375 0.0859375 0.0703125
0 0.091796875 0.021484375 0.1328125 0.041015625