0 0.3984375 0.4765625 0.08203125 0.08203125
0 0.45703125 0.482421875 0.0546875 0.0546875
0 0.46875 0.390625 0.0546875 0.0546875
0 0.466796875 0.29296875 0.07421875 0.0703125
0 0.412109375 0.203125 0.078125 0.0703125
0 0.458984375 0.130859375 0.0859375 0.07421875
0 0.490234375 0.0703125 0.0546875 0.0546875
0 0.478515625 0.19140625 0.0546875 0.0625
0 0.462890625 0.775390625 0.05078125 0.0625
0 0.13671875 0.55859375 0.0703125 0.0625
0 0.115234375 0.291015625 0.0703125 0.05859375
0 0.095703125 0.142578125 0.05859375 0.08203125
0 0.1015625 0.205078125 0.0390625 0.0546875
0 0.455078125 0.9296875 0.06640625 0.06640625
0 0.44140625 0.84765625 0.0625 0.0703125
0 0.580078125 0.94921875 0.046875 0.0390625
0 0.56640625 0.9140625 0.04296875 0.02734375
0 0.56640625 0.84765625 0.046875 0.03515625
0 0.556640625 0.796875 0.0546875 0.05078125
0 0.556640625 0.75 0.046875 0.046875
0 0.5625 0.708984375 0.046875 0.04296875
0 0.560546875 0.66015625 0.0546875 0.046875
0 0.560546875 0.609375 0.0546875 0.04296875
0 0.568359375 0.5703125 0.0390625 0.046875
0 0.564453125 0.517578125 0.046875 0.046875
0 0.5625 0.474609375 0.04296875 0.04296875
0 0.564453125 0.435546875 0.03125 0.03125
0 0.5625 0.3828125 0.046875 0.0390625
0 0.568359375 0.345703125 0.05078125 0.0390625
0 0.57421875 0.251953125 0.05078125 0.0390625
0 0.541015625 0.302734375 0.08203125 0.0625
0 0.697265625 0.5390625 0.0546875 0.0546875
0 0.708984375 0.8125 0.078125 0.07421875
0 0.783203125 0.82421875 0.0390625 0.046875
0 0.78125 0.78515625 0.04296875 0.04296875
0 0.763671875 0.74609375 0.0546875 0.0546875
0 0.771484375 0.69140625 0.0703125 0.046875
0 0.85546875 0.787109375 0.078125 0.10546875
0 0.71484375 0.294921875 0.0703125 0.06640625
0 0.740234375 0.052734375 0.07421875 0.0703125
0 0.876953125 0.263671875 0.06640625 0.078125
0 0.767578125 0.119140625 0.046875 0.0546875
0 0.767578125 0.220703125 0.05859375 0.0546875
0 0.763671875 0.16796875 0.0546875 0.046875
0 0.85546875 0.603515625 0.0390625 0.0546875
0 0.82421875 0.439453125 0.078125 0.1015625
0 0.349609375 0.70703125 0.0625 0.0390625
0 0.359375 0.677734375 0.046875 0.0390625
0 0.357421875 0.63671875 0.046875 0.04296875
0 0.353515625 0.73046875 0.05078125 0.06640625
0 0.375 0.376953125 0.04296875 0.0390625
0 0.3671875 0.412109375 0.046875 0.0390625
0 0.380859375 0.34375 0.0390625 0.03125
0 0.423828125 0.32421875 0.046875 0.0625
0 0.572265625 0.203125 0.04296875 0.046875
0 0.57421875 0.158203125 0.0546875 0.046875
0 0.56640625 0.111328125 0.0546875 0.0546875
0 0.568359375 0.06640625 0.0546875 0.046875
0 0.56640625 0.025390625 0.05078125 0.046875
0 0.392578125 0.0390625 0.05078125 0.03125
0 0.3828125 0.013671875 0.05078125 0.02734375
0 0.39453125 0.0703125 0.0390625 0.0390625
0 0.39453125 0.10546875 0.0390625 0.03125
0 0.39453125 0.140625 0.046875 0.0546875
0 0.49609375 0.623046875 0.0859375 0.09375