0 0.958984375 0.115234375 0.08203125 0.06640625
0 0.958984375 0.025390625 0.07421875 0.05078125
0 0.98046875 0.25 0.0390625 0.0703125
0 0.837890625 0.2265625 0.076171875 0.076171875
0 0.849609375 0.4140625 0.078125 0.064453125
0 0.875 0.642578125 0.0703125 0.0625
0 0.728515625 0.775390625 0.087890625 0.080078125
0 0.55859375 0.783203125 0.080078125 0.05078125
0 0.732421875 0.591796875 0.064453125 0.068359375
0 0.732421875 0.96875 0.09765625 0.060546875
0 0.73046875 0.388671875 0.068359375 0.08984375
0 0.7265625 0.150390625 0.09765625 0.08203125
0 0.71875 0.013671875 0.0859375 0.02734375
0 0.927734375 0.8671875 0.078125 0.06640625
0 0.720703125 0.234375 0.072265625 0.060546875