0 0.84375 0.40234375 0.0703125 0.0703125
0 0.849609375 0.328125 0.0625 0.068359375
0 0.845703125 0.259765625 0.072265625 0.068359375
0 0.85546875 0.18359375 0.046875 0.080078125
0 0.861328125 0.076171875 0.0625 0.083984375
0 0.865234375 0.017578125 0.07421875 0.03515625
0 0.845703125 0.5078125 0.06640625 0.076171875
0 0.837890625 0.599609375 0.0625 0.05859375
0 0.85546875 0.6953125 0.060546875 0.064453125
0 0.83984375 0.76953125 0.0859375 0.056640625
0 0.84765625 0.849609375 0.08203125 0.06640625
0 0.865234375 0.916015625 0.0546875 0.052734375
0 0.873046875 0.974609375 0.05078125 0.048828125