0 0.6328125 0.099609375 0.05078125 0.0546875
0 0.671875 0.30078125 0.06640625 0.052734375
0 0.65625 0.439453125 0.03515625 0.041015625
0 0.51171875 0.2734375 0.083984375 0.068359375
0 0.419921875 0.24609375 0.064453125 0.0625
0 0.37109375 0.142578125 0.0625 0.0546875
0 0.341796875 0.048828125 0.0859375 0.080078125
0 0.107421875 0.21484375 0.076171875 0.0703125
0 0.07421875 0.35546875 0.103515625 0.103515625
0 0.111328125 0.498046875 0.087890625 0.08203125
0 0.18359375 0.615234375 0.1015625 0.1015625
0 0.255859375 0.740234375 0.099609375 0.091796875
0 0.130859375 0.82421875 0.0625 0.0625
0 0.32421875 0.84375 0.07421875 0.076171875
0 0.2109375 0.841796875 0.109375 0.080078125
0 0.044921875 0.505859375 0.05859375 0.05859375
0 0.005859375 0.4609375 0.01171875 0.05078125
0 0.048828125 0.646484375 0.09765625 0.08984375
0 0.01171875 0.79296875 0.021484375 0.078125