0 0.54296875 0.34375 0.048828125 0.03125
0 0.541015625 0.373046875 0.046875 0.0390625
0 0.541015625 0.40234375 0.037109375 0.02734375
0 0.541015625 0.43359375 0.0390625 0.0390625
0 0.533203125 0.458984375 0.041015625 0.0390625
0 0.53515625 0.4921875 0.037109375 0.037109375
0 0.537109375 0.51953125 0.04296875 0.041015625
0 0.537109375 0.55078125 0.037109375 0.0390625
0 0.53515625 0.58203125 0.04296875 0.0390625
0 0.533203125 0.611328125 0.041015625 0.041015625
0 0.5078125 0.654296875 0.04296875 0.05078125
0 0.3203125 0.591796875 0.0546875 0.056640625
0 0.033203125 0.427734375 0.064453125 0.08203125
0 0.025390625 0.607421875 0.05078125 0.07421875
0 0.056640625 0.2890625 0.048828125 0.076171875
0 0.06640625 0.146484375 0.0703125 0.080078125
0 0.548828125 0.705078125 0.048828125 0.046875
0 0.552734375 0.7421875 0.046875 0.041015625
0 0.546875 0.779296875 0.044921875 0.041015625
0 0.55078125 0.81640625 0.044921875 0.0390625
0 0.564453125 0.8828125 0.05859375 0.041015625
0 0.5625 0.91796875 0.05859375 0.046875
0 0.56640625 0.958984375 0.05078125 0.037109375
0 0.533203125 0.30859375 0.04296875 0.03515625
0 0.53125 0.275390625 0.041015625 0.04296875
0 0.52734375 0.232421875 0.04296875 0.046875
0 0.51953125 0.19921875 0.04296875 0.052734375
0 0.498046875 0.041015625 0.046875 0.0390625
0 0.49609375 0.01953125 0.0390625 0.03515625
0 0.728515625 0.0703125 0.060546875 0.056640625
0 0.716796875 0.01171875 0.060546875 0.0234375
0 0.728515625 0.12890625 0.060546875 0.052734375
0 0.724609375 0.185546875 0.0703125 0.05078125
0 0.712890625 0.23828125 0.056640625 0.044921875
0 0.716796875 0.30078125 0.068359375 0.052734375
0 0.712890625 0.3671875 0.072265625 0.05078125
0 0.705078125 0.408203125 0.064453125 0.052734375
0 0.703125 0.46484375 0.056640625 0.044921875
0 0.70703125 0.509765625 0.056640625 0.05078125
0 0.705078125 0.564453125 0.0546875 0.0546875
0 0.71875 0.6171875 0.0546875 0.05078125
0 0.72265625 0.66796875 0.0546875 0.052734375
0 0.71875 0.712890625 0.03515625 0.041015625
0 0.71484375 0.763671875 0.041015625 0.037109375
0 0.96875 0.025390625 0.0625 0.05078125
0 0.947265625 0.25390625 0.0703125 0.0703125
0 0.931640625 0.298828125 0.064453125 0.060546875
0 0.8984375 0.46875 0.064453125 0.0703125
0 0.900390625 0.70703125 0.072265625 0.056640625
0 0.87890625 0.6640625 0.037109375 0.046875
0 0.744140625 0.984375 0.044921875 0.03125
0 0.31640625 0.3203125 0.0546875 0.052734375
0 0.3203125 0.138671875 0.056640625 0.052734375
0 0.33984375 0.81640625 0.091796875 0.076171875
0 0.208984375 0.2265625 0.0234375 0.029296875
0 0.212890625 0.259765625 0.03515625 0.037109375
0 0.20703125 0.296875 0.048828125 0.02734375
0 0.212890625 0.328125 0.048828125 0.0390625
0 0.72265625 0.8125 0.044921875 0.04296875
0 0.73046875 0.875 0.0625 0.048828125
0 0.732421875 0.927734375 0.060546875 0.03125
0 0.576171875 0.9921875 0.064453125 0.015625