0 0.259765625 0.416015625 0.060546875 0.03515625
0 0.244140625 0.376953125 0.060546875 0.0390625
0 0.240234375 0.341796875 0.068359375 0.0546875
0 0.228515625 0.302734375 0.068359375 0.05078125
0 0.2265625 0.251953125 0.0703125 0.05859375
0 0.208984375 0.173828125 0.06640625 0.064453125
0 0.1953125 0.095703125 0.06640625 0.060546875
0 0.271484375 0.453125 0.0703125 0.04296875
0 0.287109375 0.486328125 0.072265625 0.0390625
0 0.291015625 0.51171875 0.076171875 0.04296875
0 0.3125 0.5625 0.068359375 0.06640625
0 0.330078125 0.626953125 0.078125 0.046875
0 0.345703125 0.67578125 0.068359375 0.041015625
0 0.359375 0.71875 0.068359375 0.044921875
0 0.373046875 0.7578125 0.07421875 0.037109375
0 0.423828125 0.90234375 0.0625 0.05078125
0 0.4296875 0.953125 0.087890625 0.0703125
0 0.37890625 0.982421875 0.056640625 0.03515625
0 0.349609375 0.953125 0.05859375 0.0546875
0 0.423828125 0.85546875 0.05859375 0.04296875
0 0.376953125 0.83203125 0.05859375 0.044921875
0 0.185546875 0.560546875 0.064453125 0.041015625
0 0.298828125 0.103515625 0.0546875 0.046875
0 0.314453125 0.78125 0.048828125 0.052734375
0 0.30078125 0.724609375 0.06640625 0.05859375
0 0.025390625 0.2421875 0.05078125 0.091796875