0 0.833984375 0.69921875 0.076171875 0.0546875
0 0.861328125 0.568359375 0.068359375 0.060546875
0 0.90234375 0.443359375 0.0546875 0.037109375
0 0.984375 0.609375 0.029296875 0.05078125
0 0.984375 0.669921875 0.029296875 0.05078125
0 0.97265625 0.732421875 0.0546875 0.05859375
0 0.904296875 0.955078125 0.0625 0.064453125
0 0.94921875 0.83203125 0.05078125 0.060546875
0 0.876953125 0.51171875 0.044921875 0.05859375
0 0.455078125 0.015625 0.0546875 0.03125
0 0.439453125 0.0546875 0.04296875 0.02734375
0 0.421875 0.091796875 0.05078125 0.044921875
0 0.404296875 0.126953125 0.04296875 0.048828125
0 0.37890625 0.1640625 0.0625 0.056640625
0 0.349609375 0.193359375 0.03125 0.048828125
0 0.333984375 0.22265625 0.041015625 0.0390625
0 0.259765625 0.31640625 0.044921875 0.0546875
0 0.2421875 0.361328125 0.05078125 0.048828125
0 0.220703125 0.40234375 0.046875 0.048828125
0 0.177734375 0.46875 0.0625 0.064453125
0 0.158203125 0.5 0.05078125 0.048828125
0 0.140625 0.541015625 0.048828125 0.0546875
0 0.12109375 0.578125 0.046875 0.052734375
0 0.099609375 0.611328125 0.05078125 0.048828125
0 0.08203125 0.65234375 0.0390625 0.048828125
0 0.05859375 0.697265625 0.0390625 0.0390625
0 0.041015625 0.7421875 0.056640625 0.05078125
0 0.017578125 0.830078125 0.03515625 0.048828125