0 0.916015625 0.4140625 0.0625 0.06640625
0 0.96875 0.470703125 0.0625 0.06640625
0 0.966796875 0.5078125 0.0625 0.046875
0 0.97265625 0.546875 0.0546875 0.03125
0 0.974609375 0.5859375 0.05078125 0.0625
0 0.880859375 0.32421875 0.08203125 0.078125
0 0.892578125 0.24609375 0.0859375 0.0625
0 0.87890625 0.19921875 0.0625 0.0546875
0 0.8515625 0.1171875 0.05859375 0.078125
0 0.96875 0.37109375 0.0625 0.0546875
0 0.94140625 0.291015625 0.046875 0.05078125
0 0.962890625 0.310546875 0.04296875 0.0390625
0 0.931640625 0.33203125 0.046875 0.0390625
0 0.810546875 0.015625 0.08203125 0.03125