0 0.482421875 0.978515625 0.07421875 0.04296875
0 0.39453125 0.728515625 0.0859375 0.0859375
0 0.34375 0.478515625 0.0859375 0.0859375
0 0.255859375 0.314453125 0.078125 0.078125
0 0.201171875 0.126953125 0.08203125 0.0703125
0 0.076171875 0.814453125 0.046875 0.046875
0 0.09375 0.7578125 0.046875 0.0390625
0 0.013671875 0.80078125 0.02734375 0.03125
0 0.0390625 0.75390625 0.04296875 0.03515625
0 0.123046875 0.68359375 0.0546875 0.0546875
0 0.0546875 0.669921875 0.05859375 0.046875
0 0.048828125 0.595703125 0.05078125 0.0546875
0 0.1015625 0.560546875 0.046875 0.0546875
0 0.037109375 0.541015625 0.0546875 0.046875
0 0.078125 0.50390625 0.05078125 0.0390625
0 0.0234375 0.48046875 0.046875 0.046875
0 0.06640625 0.431640625 0.0546875 0.05078125
0 0.15625 0.517578125 0.0625 0.046875
0 0.134765625 0.455078125 0.04296875 0.03125
0 0.119140625 0.3984375 0.0390625 0.05859375