0 0.34765625 0.22265625 0.0625 0.064453125
0 0.384765625 0.4609375 0.03515625 0.033203125
0 0.3984375 0.4921875 0.041015625 0.048828125
0 0.39453125 0.5859375 0.044921875 0.048828125
0 0.3984375 0.7578125 0.060546875 0.056640625
0 0.376953125 0.91015625 0.05078125 0.033203125
0 0.396484375 0.939453125 0.03125 0.03515625
0 0.55859375 0.017578125 0.03125 0.029296875
0 0.560546875 0.056640625 0.033203125 0.033203125
0 0.576171875 0.09375 0.0390625 0.0234375
0 0.576171875 0.125 0.029296875 0.025390625
0 0.58203125 0.15234375 0.033203125 0.029296875
0 0.583984375 0.181640625 0.03125 0.025390625
0 0.587890625 0.21875 0.033203125 0.029296875
0 0.59765625 0.25390625 0.02734375 0.029296875
0 0.603515625 0.291015625 0.033203125 0.0234375
0 0.623046875 0.3125 0.03125 0.0234375
0 0.646484375 0.373046875 0.025390625 0.0234375
0 0.66796875 0.43359375 0.03125 0.03515625
0 0.66796875 0.46484375 0.03515625 0.025390625
0 0.671875 0.498046875 0.02734375 0.03125
0 0.671875 0.533203125 0.03515625 0.02734375
0 0.677734375 0.5625 0.037109375 0.029296875
0 0.70703125 0.7265625 0.05078125 0.0390625
0 0.71875 0.953125 0.021484375 0.0234375
0 0.921875 0.158203125 0.076171875 0.07421875
0 0.732421875 0.0234375 0.0390625 0.029296875
0 0.736328125 0.083984375 0.048828125 0.046875
0 0.744140625 0.140625 0.05078125 0.041015625
0 0.751953125 0.189453125 0.033203125 0.037109375
0 0.76171875 0.244140625 0.046875 0.041015625
0 0.765625 0.29296875 0.04296875 0.041015625
0 0.76953125 0.341796875 0.041015625 0.041015625
0 0.787109375 0.412109375 0.0546875 0.0546875
0 0.794921875 0.466796875 0.04296875 0.041015625
0 0.802734375 0.525390625 0.05078125 0.044921875
0 0.80859375 0.580078125 0.04296875 0.048828125
0 0.81640625 0.634765625 0.03125 0.03125
0 0.8203125 0.6796875 0.03125 0.04296875
0 0.810546875 0.734375 0.03125 0.033203125
0 0.814453125 0.787109375 0.0390625 0.037109375
0 0.818359375 0.83984375 0.041015625 0.044921875
0 0.83203125 0.98046875 0.0390625 0.0390625