0 0.03125 0.841796875 0.0625 0.06640625
0 0.267578125 0.859375 0.0859375 0.0859375
0 0.267578125 0.9296875 0.09375 0.0703125
0 0.28125 0.759765625 0.078125 0.0859375
0 0.24609375 0.65234375 0.09375 0.08984375
0 0.25390625 0.5078125 0.078125 0.0703125
0 0.173828125 0.443359375 0.0703125 0.0625
0 0.197265625 0.310546875 0.078125 0.06640625
0 0.150390625 0.259765625 0.0703125 0.078125
0 0.09375 0.146484375 0.078125 0.0625
0 0.052734375 0.05078125 0.08203125 0.07421875
0 0.505859375 0.798828125 0.0703125 0.09375