0 0.712890625 0.28125 0.056640625 0.07421875
0 0.734375 0.1875 0.04296875 0.0546875
0 0.736328125 0.109375 0.052734375 0.052734375
0 0.7421875 0.072265625 0.044921875 0.0546875
0 0.74609375 0.3984375 0.068359375 0.048828125
0 0.736328125 0.361328125 0.052734375 0.052734375
0 0.7734375 0.484375 0.068359375 0.064453125
0 0.80078125 0.5859375 0.060546875 0.060546875
0 0.810546875 0.646484375 0.078125 0.07421875
0 0.830078125 0.70703125 0.05859375 0.0546875
0 0.76171875 0.947265625 0.060546875 0.06640625