0 0.193359375 0.755859375 0.04296875 0.060546875
0 0.19921875 0.875 0.048828125 0.0546875
0 0.607421875 0.416015625 0.05859375 0.041015625
0 0.60546875 0.376953125 0.0390625 0.0234375
0 0.595703125 0.341796875 0.041015625 0.037109375
0 0.595703125 0.310546875 0.04296875 0.037109375
0 0.5859375 0.27734375 0.046875 0.0390625
0 0.580078125 0.24609375 0.033203125 0.029296875
0 0.56640625 0.158203125 0.048828125 0.03125
0 0.56640625 0.18359375 0.04296875 0.0390625
0 0.56640625 0.115234375 0.041015625 0.03125
0 0.564453125 0.0859375 0.041015625 0.03125
0 0.55859375 0.06640625 0.041015625 0.029296875
0 0.55859375 0.05078125 0.03125 0.033203125
0 0.580078125 0.041015625 0.041015625 0.041015625
0 0.552734375 0.02734375 0.041015625 0.025390625
0 0.603515625 0.451171875 0.056640625 0.048828125
0 0.6015625 0.482421875 0.044921875 0.041015625
0 0.599609375 0.517578125 0.05078125 0.041015625
0 0.603515625 0.546875 0.048828125 0.041015625
0 0.60546875 0.576171875 0.04296875 0.03515625
0 0.60546875 0.6015625 0.041015625 0.037109375
0 0.640625 0.619140625 0.046875 0.04296875
0 0.61328125 0.6328125 0.05078125 0.03125
0 0.619140625 0.65625 0.046875 0.029296875
0 0.6171875 0.68359375 0.048828125 0.03125
0 0.6171875 0.712890625 0.046875 0.033203125
0 0.625 0.744140625 0.052734375 0.04296875
0 0.6640625 0.775390625 0.0546875 0.03125
0 0.654296875 0.755859375 0.037109375 0.03125
0 0.732421875 0.94921875 0.044921875 0.046875
0 0.697265625 0.9765625 0.046875 0.046875
0 0.65234375 0.8515625 0.04296875 0.041015625