0 0.80078125 0.1796875 0.09375 0.0703125
0 0.859375 0.2578125 0.078125 0.06640625
0 0.9296875 0.267578125 0.07421875 0.078125
0 0.96484375 0.330078125 0.0546875 0.046875
0 0.908203125 0.318359375 0.078125 0.05078125
0 0.865234375 0.37109375 0.0703125 0.07421875
0 0.904296875 0.52734375 0.06640625 0.0625
0 0.9609375 0.431640625 0.06640625 0.05078125
0 0.931640625 0.64453125 0.1015625 0.0859375
0 0.94921875 0.8046875 0.1015625 0.10546875
0 0.96875 0.94921875 0.0546875 0.08984375
0 0.76953125 0.447265625 0.0625 0.05078125
0 0.75390625 0.3046875 0.0859375 0.08203125
0 0.77734375 0.0625 0.09765625 0.0703125
0 0.669921875 0.056640625 0.0625 0.0546875
0 0.6640625 0.017578125 0.078125 0.03515625
0 0.603515625 0.087890625 0.078125 0.0625
0 0.5703125 0.013671875 0.0546875 0.0234375
0 0.650390625 0.1328125 0.0625 0.0625
0 0.64453125 0.216796875 0.0859375 0.08984375
0 0.634765625 0.3203125 0.0859375 0.08203125
0 0.63671875 0.40625 0.09375 0.0703125
0 0.599609375 0.462890625 0.07421875 0.05078125
0 0.640625 0.49609375 0.0546875 0.05859375
0 0.6796875 0.68359375 0.0703125 0.0703125
0 0.666015625 0.58984375 0.0859375 0.0859375
0 0.66796875 0.89453125 0.078125 0.0625
0 0.701171875 0.931640625 0.04296875 0.0390625
0 0.6953125 0.84375 0.0546875 0.0546875
0 0.546875 0.77734375 0.0703125 0.0703125
0 0.56640625 0.84765625 0.08203125 0.06640625
0 0.5859375 0.939453125 0.078125 0.078125
0 0.376953125 0.966796875 0.0703125 0.0625
0 0.03515625 0.693359375 0.0625 0.0703125
0 0.41796875 0.232421875 0.0859375 0.0546875
0 0.400390625 0.154296875 0.078125 0.0703125
0 0.375 0.0625 0.0625 0.0625
0 0.486328125 0.951171875 0.06640625 0.05859375
0 0.47265625 0.978515625 0.078125 0.0390625
0 0.482421875 0.8984375 0.07421875 0.05859375
0 0.48046875 0.841796875 0.0546875 0.0546875
0 0.4765625 0.78515625 0.06640625 0.0625
0 0.48046875 0.73828125 0.06640625 0.0546875
0 0.47265625 0.677734375 0.0703125 0.0546875
0 0.482421875 0.625 0.0703125 0.0546875
0 0.478515625 0.55859375 0.078125 0.0546875
0 0.478515625 0.505859375 0.0703125 0.05078125
0 0.474609375 0.458984375 0.0703125 0.04296875
0 0.47265625 0.419921875 0.0859375 0.0390625
0 0.51171875 0.37890625 0.0546875 0.04296875
0 0.5234375 0.34765625 0.0546875 0.046875
0 0.490234375 0.314453125 0.0625 0.0546875
0 0.47265625 0.1484375 0.06640625 0.0625
0 0.505859375 0.23828125 0.05859375 0.04296875
0 0.46875 0.11328125 0.0625 0.0546875
0 0.46484375 0.05859375 0.05859375 0.0625
0 0.45703125 0.021484375 0.0546875 0.04296875