0 0.341796875 0.244140625 0.046875 0.03125
0 0.275390625 0.23046875 0.06640625 0.0703125
0 0.349609375 0.15625 0.06640625 0.05859375
0 0.32421875 0.052734375 0.1015625 0.10546875
0 0.228515625 0.08984375 0.09375 0.0625
0 0.224609375 0.01953125 0.11328125 0.0390625
0 0.58984375 0.25 0.046875 0.0390625
0 0.5859375 0.29296875 0.0390625 0.046875
0 0.56640625 0.38671875 0.0859375 0.078125
0 0.5546875 0.455078125 0.0390625 0.0703125
0 0.552734375 0.537109375 0.0390625 0.0625
0 0.330078125 0.638671875 0.05859375 0.0703125
0 0.328125 0.43359375 0.0546875 0.0390625
0 0.330078125 0.466796875 0.046875 0.0390625
0 0.333984375 0.3828125 0.0390625 0.0625
0 0.333984375 0.28125 0.046875 0.046875
0 0.34375 0.3203125 0.04296875 0.0546875
0 0.349609375 0.212890625 0.0625 0.0546875
0 0.591796875 0.716796875 0.04296875 0.046875
0 0.306640625 0.572265625 0.0546875 0.05859375