0 0.107421875 0.65234375 0.103515625 0.09375
0 0.291015625 0.904296875 0.083984375 0.09375
0 0.337890625 0.494140625 0.091796875 0.0703125
0 0.24609375 0.396484375 0.083984375 0.0703125
0 0.181640625 0.291015625 0.0703125 0.091796875
0 0.087890625 0.185546875 0.072265625 0.07421875
0 0.1171875 0.2734375 0.068359375 0.08203125
0 0.42578125 0.595703125 0.119140625 0.109375
0 0.517578125 0.67578125 0.107421875 0.087890625
0 0.5625 0.73828125 0.09765625 0.060546875
0 0.607421875 0.791015625 0.078125 0.072265625
0 0.650390625 0.8515625 0.08203125 0.064453125
0 0.69140625 0.91015625 0.11328125 0.091796875
0 0.75390625 0.966796875 0.115234375 0.064453125
0 0.830078125 0.765625 0.0703125 0.06640625
0 0.181640625 0.044921875 0.05859375 0.0625
0 0.216796875 0.083984375 0.0625 0.056640625
0 0.298828125 0.177734375 0.04296875 0.0546875
0 0.38671875 0.287109375 0.056640625 0.068359375
0 0.482421875 0.404296875 0.052734375 0.048828125
0 0.505859375 0.447265625 0.052734375 0.044921875
0 0.583984375 0.541015625 0.064453125 0.078125
0 0.56640625 0.609375 0.09375 0.07421875
0 0.955078125 0.876953125 0.08984375 0.064453125
0 0.92578125 0.931640625 0.08984375 0.0703125
0 0.71484375 0.64453125 0.0625 0.060546875
0 0.724609375 0.703125 0.060546875 0.05859375
0 0.759765625 0.748046875 0.056640625 0.0625
0 0.09375 0.947265625 0.064453125 0.0546875
0 0.0703125 0.908203125 0.06640625 0.05078125
0 0.03515625 0.87890625 0.06640625 0.037109375
0 0.025390625 0.8515625 0.048828125 0.052734375
0 0.126953125 0.982421875 0.072265625 0.03515625
0 0.216796875 0.548828125 0.068359375 0.0546875
0 0.1953125 0.521484375 0.056640625 0.048828125
0 0.150390625 0.47265625 0.052734375 0.052734375
0 0.109375 0.419921875 0.0546875 0.052734375
0 0.044921875 0.33203125 0.06640625 0.064453125
0 0.876953125 0.501953125 0.056640625 0.05859375
0 0.91015625 0.537109375 0.052734375 0.046875
0 0.951171875 0.595703125 0.05078125 0.060546875
0 0.931640625 0.564453125 0.056640625 0.05078125
0 0.259765625 0.12890625 0.060546875 0.05859375
0 0.91015625 0.98828125 0.06640625 0.021484375
0 0.978515625 0.978515625 0.04296875 0.04296875