0 0.724609375 0.29296875 0.08203125 0.07421875
0 0.65625 0.123046875 0.076171875 0.072265625
0 0.802734375 0.462890625 0.07421875 0.080078125
0 0.880859375 0.650390625 0.078125 0.08203125
0 0.947265625 0.83984375 0.0859375 0.072265625
0 0.9765625 0.986328125 0.046875 0.025390625
0 0.552734375 0.880859375 0.056640625 0.060546875
0 0.5234375 0.787109375 0.0625 0.064453125
0 0.45703125 0.744140625 0.05078125 0.048828125
0 0.478515625 0.6875 0.064453125 0.08203125
0 0.4375 0.564453125 0.078125 0.076171875
0 0.33984375 0.095703125 0.068359375 0.0859375