0 0.51953125 0.17578125 0.064453125 0.064453125
0 0.572265625 0.19140625 0.05859375 0.052734375
0 0.58203125 0.279296875 0.0625 0.048828125
0 0.650390625 0.38671875 0.041015625 0.052734375
0 0.5703125 0.41796875 0.044921875 0.044921875
0 0.615234375 0.533203125 0.0625 0.048828125
0 0.609375 0.5703125 0.060546875 0.048828125
0 0.640625 0.630859375 0.0546875 0.064453125
0 0.712890625 0.669921875 0.0546875 0.060546875
0 0.72265625 0.76171875 0.068359375 0.0625
0 0.734375 0.931640625 0.056640625 0.060546875
0 0.67578125 0.486328125 0.068359375 0.044921875
0 0.69921875 0.53515625 0.056640625 0.0703125
0 0.544921875 0.5234375 0.060546875 0.044921875
0 0.529296875 0.490234375 0.0390625 0.0546875
0 0.47265625 0.04296875 0.05859375 0.06640625
0 0.494140625 0.1015625 0.044921875 0.064453125
0 0.52734375 0.1015625 0.044921875 0.048828125
0 0.564453125 0.330078125 0.0546875 0.05859375
0 0.708984375 0.607421875 0.0546875 0.064453125
0 0.71875 0.83984375 0.0546875 0.064453125
0 0.7578125 0.990234375 0.05859375 0.01953125