0 0.46875 0.62890625 0.056640625 0.0625
0 0.431640625 0.587890625 0.037109375 0.029296875
0 0.501953125 0.66796875 0.05078125 0.05078125
0 0.541015625 0.7109375 0.0546875 0.056640625
0 0.5703125 0.75 0.041015625 0.056640625
0 0.6015625 0.76171875 0.048828125 0.06640625
0 0.64453125 0.69140625 0.048828125 0.0546875
0 0.705078125 0.61328125 0.05859375 0.060546875
0 0.72265625 0.548828125 0.04296875 0.03515625
0 0.8359375 0.294921875 0.044921875 0.05078125
0 0.814453125 0.03515625 0.056640625 0.056640625
0 0.89453125 0.029296875 0.060546875 0.0546875
0 0.94921875 0.16015625 0.0546875 0.07421875
0 0.974609375 0.142578125 0.0390625 0.044921875
0 0.93359375 0.078125 0.056640625 0.041015625
0 0.97265625 0.236328125 0.052734375 0.05859375
0 0.974609375 0.326171875 0.048828125 0.056640625
0 0.748046875 0.806640625 0.052734375 0.060546875
0 0.58984375 0.857421875 0.072265625 0.052734375
0 0.583984375 0.89453125 0.0625 0.046875
0 0.62109375 0.93359375 0.048828125 0.052734375
0 0.638671875 0.986328125 0.060546875 0.025390625
0 0.978515625 0.0234375 0.04296875 0.046875
0 0.98046875 0.078125 0.0390625 0.0703125
0 0.75 0.482421875 0.04296875 0.046875
0 0.666015625 0.837890625 0.029296875 0.041015625
0 0.71484375 0.830078125 0.041015625 0.0546875
0 0.779296875 0.79296875 0.044921875 0.052734375
0 0.794921875 0.759765625 0.060546875 0.0625
0 0.6328125 0.859375 0.0703125 0.041015625
0 0.5625 0.921875 0.048828125 0.044921875
0 0.53515625 0.958984375 0.04296875 0.03125
0 0.505859375 0.98828125 0.03125 0.0234375
0 0.8125 0.0859375 0.048828125 0.0390625
0 0.9609375 0.380859375 0.025390625 0.041015625