0 0.92578125 0.953125 0.05078125 0.0546875
0 0.896484375 0.91015625 0.0625 0.05859375
0 0.869140625 0.802734375 0.0625 0.0625
0 0.833984375 0.666015625 0.07421875 0.06640625
0 0.947265625 0.525390625 0.08203125 0.078125
0 0.7890625 0.51171875 0.078125 0.06640625
0 0.73046875 0.34375 0.0703125 0.0625
0 0.69921875 0.236328125 0.0703125 0.06640625
0 0.744140625 0.244140625 0.05859375 0.046875
0 0.8203125 0.189453125 0.0703125 0.0703125
0 0.880859375 0.060546875 0.078125 0.078125
0 0.685546875 0.142578125 0.0703125 0.0625
0 0.671875 0.03515625 0.07421875 0.0703125
0 0.9453125 0.244140625 0.078125 0.0703125
0 0.974609375 0.341796875 0.046875 0.09375
0 0.98046875 0.748046875 0.0390625 0.06640625
0 0.98828125 0.830078125 0.0234375 0.0546875
0 0.603515625 0.91015625 0.09375 0.078125
0 0.56640625 0.865234375 0.0859375 0.078125
0 0.53515625 0.814453125 0.1015625 0.078125
0 0.640625 0.97265625 0.15234375 0.0546875
0 0.49609375 0.759765625 0.09375 0.0546875
0 0.46875 0.7109375 0.07421875 0.0625
0 0.4375 0.65234375 0.09375 0.0703125
0 0.41015625 0.603515625 0.09375 0.0625
0 0.369140625 0.55078125 0.07421875 0.0703125
0 0.388671875 0.50390625 0.0859375 0.0625
0 0.404296875 0.44921875 0.06640625 0.0625
0 0.3984375 0.388671875 0.0625 0.06640625
0 0.400390625 0.33203125 0.07421875 0.0703125
0 0.345703125 0.32421875 0.05859375 0.0625
0 0.36328125 0.2734375 0.08984375 0.0625
0 0.3046875 0.2734375 0.0546875 0.08203125
0 0.302734375 0.455078125 0.046875 0.046875
0 0.263671875 0.484375 0.0703125 0.07421875
0 0.22265625 0.33984375 0.109375 0.0703125
0 0.1796875 0.29296875 0.10546875 0.0625
0 0.1484375 0.23828125 0.078125 0.07421875
0 0.115234375 0.208984375 0.0546875 0.0546875
0 0.0546875 0.236328125 0.0546875 0.05859375
0 0.046875 0.1328125 0.09375 0.0625
0 0.0390625 0.072265625 0.078125 0.08203125
0 0.021484375 0.171875 0.04296875 0.0703125
0 0.087890625 0.173828125 0.046875 0.046875
0 0.12109375 0.783203125 0.0703125 0.0703125
0 0.09375 0.69921875 0.078125 0.0859375
0 0.091796875 0.4140625 0.05859375 0.0703125
0 0.064453125 0.318359375 0.05859375 0.05859375
0 0.02734375 0.265625 0.0546875 0.0859375
0 0.01953125 0.33984375 0.0390625 0.05078125
0 0.021484375 0.375 0.04296875 0.0390625
0 0.02734375 0.42578125 0.0546875 0.0625
0 0.048828125 0.490234375 0.0625 0.0625
0 0.1171875 0.50390625 0.0546875 0.0625
0 0.078125 0.55078125 0.0625 0.0625
0 0.107421875 0.615234375 0.08984375 0.07421875
0 0.16015625 0.552734375 0.05859375 0.0625
0 0.205078125 0.619140625 0.05859375 0.0625
0 0.236328125 0.677734375 0.0546875 0.0625
0 0.275390625 0.759765625 0.05859375 0.0546875
0 0.17578125 0.75390625 0.0859375 0.0703125
0 0.20703125 0.80859375 0.08984375 0.078125
0 0.306640625 0.83203125 0.0703125 0.0625
0 0.34765625 0.916015625 0.0625 0.0546875
0 0.236328125 0.875 0.0859375 0.078125
0 0.259765625 0.94140625 0.0859375 0.0703125
0 0.21875 0.97265625 0.0703125 0.0546875
0 0.287109375 0.986328125 0.06640625 0.02734375
0 0.3828125 0.986328125 0.0625 0.02734375
0 0.248046875 0.2734375 0.0546875 0.078125
0 0.205078125 0.2109375 0.0859375 0.0625
0 0.259765625 0.392578125 0.12890625 0.109375
0 0.150390625 0.828125 0.078125 0.06640625