0 0.5 0.82421875 0.0625 0.06640625
0 0.498046875 0.19921875 0.06640625 0.0703125
0 0.400390625 0.02734375 0.0703125 0.0546875
0 0.52734375 0.486328125 0.0703125 0.0625
0 0.470703125 0.87890625 0.06640625 0.078125
0 0.443359375 0.931640625 0.078125 0.05078125
0 0.4375 0.974609375 0.0703125 0.046875
0 0.56640625 0.6875 0.046875 0.03125
0 0.55859375 0.66015625 0.0390625 0.0234375
0 0.55859375 0.638671875 0.0390625 0.015625
0 0.55078125 0.609375 0.046875 0.03125
0 0.544921875 0.580078125 0.05078125 0.03515625
0 0.53125 0.541015625 0.0390625 0.03125
0 0.515625 0.427734375 0.0390625 0.0234375
0 0.53125 0.36328125 0.05859375 0.03125
0 0.5 0.318359375 0.03515625 0.0546875
0 0.55078125 0.3046875 0.046875 0.0390625
0 0.50390625 0.265625 0.05859375 0.0390625
0 0.525390625 0.7890625 0.0546875 0.0546875