0 0.23828125 0.138671875 0.056640625 0.048828125
0 0.255859375 0.23046875 0.064453125 0.05859375
0 0.263671875 0.32421875 0.056640625 0.05859375
0 0.267578125 0.41015625 0.06640625 0.0546875
0 0.2890625 0.51953125 0.06640625 0.060546875
0 0.26171875 0.5703125 0.0546875 0.052734375
0 0.328125 0.56640625 0.078125 0.076171875
0 0.314453125 0.62890625 0.060546875 0.064453125
0 0.359375 0.853515625 0.076171875 0.0625
0 0.3671875 0.9140625 0.06640625 0.064453125
0 0.37109375 0.96875 0.0625 0.0625
0 0.470703125 0.875 0.064453125 0.048828125
0 0.423828125 0.822265625 0.05859375 0.04296875
0 0.365234375 0.755859375 0.05078125 0.048828125
0 0.30078125 0.6875 0.044921875 0.0390625
0 0.75390625 0.353515625 0.05859375 0.068359375
0 0.80859375 0.806640625 0.05078125 0.05859375
0 0.7890625 0.697265625 0.04296875 0.052734375
0 0.73828125 0.046875 0.044921875 0.03515625
0 0.744140625 0.07421875 0.046875 0.03125
0 0.7421875 0.119140625 0.0390625 0.0390625
0 0.77734375 0.15625 0.044921875 0.02734375
0 0.787109375 0.193359375 0.048828125 0.0390625
0 0.806640625 0.2109375 0.041015625 0.029296875
0 0.8046875 0.244140625 0.048828125 0.04296875
0 0.81640625 0.283203125 0.046875 0.044921875
0 0.822265625 0.322265625 0.046875 0.041015625
0 0.8203125 0.361328125 0.048828125 0.046875
0 0.818359375 0.388671875 0.04296875 0.033203125
0 0.814453125 0.41015625 0.044921875 0.03515625
0 0.8125 0.435546875 0.046875 0.037109375
0 0.80859375 0.458984375 0.0390625 0.033203125
0 0.80859375 0.48828125 0.052734375 0.037109375
0 0.76953125 0.48828125 0.0390625 0.052734375
0 0.814453125 0.572265625 0.0546875 0.046875
0 0.78125 0.583984375 0.046875 0.044921875
0 0.81640625 0.6015625 0.052734375 0.048828125
0 0.818359375 0.638671875 0.048828125 0.048828125
0 0.8203125 0.6796875 0.048828125 0.0546875
0 0.8203125 0.720703125 0.046875 0.046875
0 0.828125 0.763671875 0.044921875 0.046875
0 0.837890625 0.841796875 0.0390625 0.056640625
0 0.83984375 0.884765625 0.046875 0.041015625
0 0.84765625 0.92578125 0.060546875 0.05859375
0 0.849609375 0.97265625 0.048828125 0.05078125
0 0.533203125 0.974609375 0.052734375 0.05078125