0 0.67578125 0.23828125 0.0546875 0.048828125
0 0.66015625 0.154296875 0.05859375 0.060546875
0 0.634765625 0.091796875 0.060546875 0.0546875
0 0.611328125 0.02734375 0.0546875 0.044921875
0 0.697265625 0.28515625 0.060546875 0.05859375
0 0.724609375 0.341796875 0.0546875 0.05078125
0 0.76171875 0.5859375 0.05078125 0.041015625
0 0.765625 0.638671875 0.05078125 0.04296875
0 0.763671875 0.68359375 0.048828125 0.05078125
0 0.765625 0.744140625 0.052734375 0.048828125
0 0.775390625 0.798828125 0.048828125 0.052734375
0 0.775390625 0.85546875 0.044921875 0.052734375
0 0.76953125 0.912109375 0.048828125 0.05078125
0 0.74609375 0.97265625 0.048828125 0.05078125
0 0.75 0.412109375 0.03515625 0.048828125
0 0.93359375 0.96484375 0.056640625 0.048828125
0 0.978515625 0.177734375 0.041015625 0.060546875
0 0.5625 0.015625 0.0625 0.03125
0 0.517578125 0.931640625 0.08203125 0.076171875