0 0.134765625 0.734375 0.068359375 0.07421875
0 0.205078125 0.69921875 0.080078125 0.087890625
0 0.103515625 0.60546875 0.087890625 0.060546875
0 0.189453125 0.607421875 0.083984375 0.0703125
0 0.171875 0.51171875 0.068359375 0.052734375
0 0.06640625 0.443359375 0.078125 0.07421875
0 0.158203125 0.880859375 0.080078125 0.064453125
0 0.12109375 0.958984375 0.056640625 0.064453125
0 0.2890625 0.98046875 0.076171875 0.0390625
0 0.232421875 0.802734375 0.048828125 0.046875
0 0.03125 0.302734375 0.0625 0.0703125
0 0.12109375 0.0859375 0.076171875 0.052734375
0 0.169921875 0.408203125 0.068359375 0.072265625
0 0.142578125 0.2890625 0.06640625 0.08203125
0 0.037109375 0.216796875 0.07421875 0.0625