0 0.58984375 0.826171875 0.095703125 0.08203125
0 0.46484375 0.763671875 0.06640625 0.05859375
0 0.953125 0.5 0.072265625 0.07421875
0 0.91796875 0.435546875 0.068359375 0.064453125
0 0.857421875 0.404296875 0.056640625 0.048828125
0 0.9609375 0.30078125 0.078125 0.064453125
0 0.94140625 0.181640625 0.08203125 0.072265625
0 0.837890625 0.1484375 0.064453125 0.060546875
0 0.873046875 0.25 0.064453125 0.05859375
0 0.982421875 0.654296875 0.03515625 0.072265625
0 0.421875 0.55859375 0.083984375 0.080078125
0 0.376953125 0.5078125 0.05859375 0.052734375
0 0.455078125 0.8671875 0.046875 0.06640625
0 0.486328125 0.845703125 0.05078125 0.064453125
0 0.494140625 0.923828125 0.072265625 0.064453125
0 0.423828125 0.60546875 0.083984375 0.037109375
0 0.369140625 0.431640625 0.0703125 0.060546875
0 0.328125 0.40625 0.046875 0.037109375
0 0.361328125 0.37109375 0.0546875 0.052734375
0 0.3515625 0.33203125 0.052734375 0.05078125
0 0.439453125 0.67578125 0.052734375 0.060546875