0 0.3984375 0.2109375 0.033203125 0.033203125
0 0.396484375 0.033203125 0.03125 0.029296875
0 0.37890625 0.005859375 0.0390625 0.01171875
0 0.408203125 0.384765625 0.0390625 0.0390625
0 0.40625 0.546875 0.044921875 0.04296875
0 0.39453125 0.701171875 0.052734375 0.052734375
0 0.830078125 0.078125 0.044921875 0.046875
0 0.841796875 0.421875 0.048828125 0.05859375
0 0.71875 0.048828125 0.044921875 0.03125
0 0.7265625 0.12109375 0.041015625 0.029296875
0 0.71875 0.150390625 0.037109375 0.03515625
0 0.716796875 0.19140625 0.025390625 0.029296875
0 0.712890625 0.2265625 0.029296875 0.029296875
0 0.7109375 0.26171875 0.029296875 0.04296875
0 0.705078125 0.3671875 0.03125 0.0390625
0 0.703125 0.404296875 0.041015625 0.044921875