0 0.521484375 0.76953125 0.06640625 0.0546875
0 0.541015625 0.88671875 0.0546875 0.0546875
0 0.568359375 0.953125 0.06640625 0.0625
0 0.583984375 0.986328125 0.0703125 0.02734375
0 0.494140625 0.689453125 0.0546875 0.0546875
0 0.517578125 0.720703125 0.0546875 0.04296875
0 0.4921875 0.658203125 0.0546875 0.0390625
0 0.4375 0.640625 0.0546875 0.05078125
0 0.462890625 0.591796875 0.0625 0.0546875
0 0.453125 0.54296875 0.0703125 0.05078125
0 0.447265625 0.509765625 0.0546875 0.0546875
0 0.416015625 0.4140625 0.07421875 0.0234375
0 0.43359375 0.44140625 0.0625 0.0390625
0 0.443359375 0.4765625 0.05078125 0.0390625
0 0.416015625 0.375 0.0703125 0.0625
0 0.3828125 0.31640625 0.0625 0.0546875
0 0.375 0.28125 0.078125 0.0390625
0 0.376953125 0.25 0.08984375 0.05078125
0 0.365234375 0.21484375 0.06640625 0.046875
0 0.35546875 0.1796875 0.0625 0.046875
0 0.30859375 0.19140625 0.0625 0.0625
0 0.3515625 0.142578125 0.06640625 0.0546875
0 0.333984375 0.07421875 0.078125 0.0546875
0 0.333984375 0.041015625 0.05859375 0.0390625
0 0.30859375 0.017578125 0.0625 0.03125
0 0.537109375 0.841796875 0.0625 0.03515625
0 0.53125 0.810546875 0.0625 0.046875