0 0.91015625 0.322265625 0.0546875 0.041015625
0 0.390625 0.294921875 0.05859375 0.04296875
0 0.365234375 0.234375 0.0625 0.044921875
0 0.3671875 0.19140625 0.04296875 0.0390625
0 0.361328125 0.140625 0.03515625 0.048828125
0 0.40234375 0.140625 0.037109375 0.041015625
0 0.423828125 0.1953125 0.041015625 0.03515625
0 0.419921875 0.44921875 0.03515625 0.044921875
0 0.412109375 0.419921875 0.033203125 0.03515625
0 0.416015625 0.380859375 0.033203125 0.044921875
0 0.39453125 0.33203125 0.033203125 0.03515625
0 0.501953125 0.6484375 0.056640625 0.03125
0 0.5 0.673828125 0.0390625 0.025390625
0 0.5 0.6953125 0.0625 0.02734375
0 0.5078125 0.73046875 0.05859375 0.04296875
0 0.50390625 0.76171875 0.056640625 0.033203125
0 0.5078125 0.794921875 0.091796875 0.05078125
0 0.50390625 0.822265625 0.064453125 0.01953125
0 0.5078125 0.841796875 0.06640625 0.025390625
0 0.509765625 0.86328125 0.068359375 0.0234375
0 0.513671875 0.884765625 0.07421875 0.025390625