0 0.341796875 0.9375 0.0546875 0.046875
0 0.33984375 0.865234375 0.046875 0.046875
0 0.33203125 0.783203125 0.0625 0.04296875
0 0.328125 0.697265625 0.0546875 0.0546875
0 0.318359375 0.619140625 0.046875 0.046875
0 0.30859375 0.53515625 0.0625 0.0390625
0 0.310546875 0.4921875 0.0390625 0.046875
0 0.3125 0.40625 0.046875 0.05078125
0 0.306640625 0.322265625 0.046875 0.046875
0 0.3046875 0.244140625 0.0546875 0.05078125
0 0.150390625 0.169921875 0.0546875 0.04296875
0 0.16015625 0.06640625 0.0390625 0.046875
0 0.0625 0.0859375 0.0390625 0.03515625
0 0.048828125 0.021484375 0.046875 0.04296875
0 0.169921875 0.025390625 0.0390625 0.0390625
0 0.091796875 0.171875 0.046875 0.046875
0 0.154296875 0.20703125 0.0546875 0.04296875
0 0.1484375 0.25 0.046875 0.03515625
0 0.13671875 0.28515625 0.0390625 0.03515625
0 0.11328125 0.318359375 0.046875 0.046875
0 0.103515625 0.349609375 0.05078125 0.0390625
0 0.060546875 0.458984375 0.05078125 0.04296875
0 0.08203125 0.42578125 0.05078125 0.03515625
0 0.052734375 0.619140625 0.05859375 0.046875
0 0.0703125 0.65234375 0.0546875 0.0546875
0 0.083984375 0.689453125 0.0546875 0.0390625
0 0.08203125 0.724609375 0.0625 0.046875
0 0.09375 0.755859375 0.04296875 0.0390625
0 0.109375 0.82421875 0.0546875 0.0390625
0 0.125 0.869140625 0.0546875 0.02734375
0 0.130859375 0.908203125 0.05859375 0.046875
0 0.12890625 0.947265625 0.0625 0.046875
0 0.1328125 0.978515625 0.0703125 0.0390625
0 0.14453125 0.466796875 0.046875 0.046875
0 0.23046875 0.14453125 0.04296875 0.046875
0 0.228515625 0.677734375 0.0546875 0.0546875
0 0.216796875 0.728515625 0.0703125 0.04296875
0 0.240234375 0.755859375 0.04296875 0.02734375
0 0.255859375 0.783203125 0.05859375 0.046875
0 0.236328125 0.828125 0.05859375 0.0390625
0 0.21484375 0.896484375 0.0625 0.0546875
0 0.21484375 0.94921875 0.046875 0.0546875
0 0.220703125 0.986328125 0.078125 0.02734375