0 0.1015625 0.650390625 0.05859375 0.0625
0 0.091796875 0.701171875 0.052734375 0.064453125
0 0.884765625 0.55078125 0.072265625 0.044921875
0 0.8671875 0.330078125 0.0546875 0.048828125
0 0.85546875 0.15234375 0.046875 0.033203125
0 0.849609375 0.173828125 0.0390625 0.029296875
0 0.85546875 0.078125 0.03125 0.025390625
0 0.84375 0.041015625 0.05078125 0.04296875
0 0.845703125 0.12109375 0.037109375 0.044921875
0 0.861328125 0.287109375 0.056640625 0.037109375
0 0.853515625 0.2421875 0.060546875 0.044921875