0 0.33984375 0.35546875 0.0859375 0.0625
0 0.244140625 0.044921875 0.0859375 0.0703125
0 0.181640625 0.0234375 0.06640625 0.046875
0 0.384765625 0.76171875 0.0703125 0.046875
0 0.484375 0.8359375 0.08203125 0.0703125
0 0.53515625 0.884765625 0.07421875 0.06640625
0 0.609375 0.939453125 0.0625 0.046875
0 0.623046875 0.880859375 0.0703125 0.0546875
0 0.642578125 0.830078125 0.07421875 0.05078125
0 0.462890625 0.900390625 0.046875 0.046875
0 0.43359375 0.9296875 0.078125 0.0546875
0 0.462890625 0.98046875 0.0625 0.0390625
0 0.21875 0.466796875 0.078125 0.05859375
0 0.28125 0.546875 0.06640625 0.0546875
0 0.216796875 0.53125 0.0703125 0.0546875
0 0.30859375 0.091796875 0.046875 0.0546875