0 0.63671875 0.529296875 0.052734375 0.044921875
0 0.60546875 0.787109375 0.05859375 0.05859375
0 0.638671875 0.94921875 0.05078125 0.046875
0 0.626953125 0.87890625 0.060546875 0.05078125
0 0.953125 0.947265625 0.076171875 0.056640625
0 0.892578125 0.9765625 0.07421875 0.046875
0 0.982421875 0.470703125 0.03515625 0.064453125
0 0.962890625 0.38671875 0.07421875 0.0859375
0 0.9765625 0.228515625 0.046875 0.09765625
0 0.984375 0.15625 0.029296875 0.05859375
0 0.580078125 0.669921875 0.091796875 0.06640625