0 0.298828125 0.41796875 0.06640625 0.0625
0 0.259765625 0.642578125 0.05859375 0.0546875
0 0.189453125 0.873046875 0.0625 0.0625
0 0.291015625 0.19921875 0.078125 0.078125
0 0.29296875 0.029296875 0.0859375 0.05859375
0 0.09375 0.0390625 0.0546875 0.0546875
0 0.099609375 0.287109375 0.05078125 0.05859375
0 0.501953125 0.482421875 0.0546875 0.0625
0 0.501953125 0.6015625 0.0546875 0.0546875
0 0.494140625 0.662109375 0.0625 0.0546875
0 0.53515625 0.548828125 0.046875 0.0546875
0 0.4921875 0.548828125 0.0546875 0.0546875