0 0.423828125 0.388671875 0.08203125 0.0625
0 0.505859375 0.630859375 0.0859375 0.08203125
0 0.5859375 0.841796875 0.08203125 0.07421875
0 0.240234375 0.6953125 0.0625 0.0546875
0 0.265625 0.75 0.0546875 0.06640625
0 0.3046875 0.8984375 0.078125 0.08203125
0 0.333984375 0.9765625 0.07421875 0.046875
0 0.201171875 0.576171875 0.06640625 0.0703125
0 0.181640625 0.4609375 0.0703125 0.08203125
0 0.16796875 0.34765625 0.0625 0.0859375
0 0.150390625 0.21875 0.0625 0.078125
0 0.134765625 0.111328125 0.0703125 0.0625
0 0.1171875 0.01953125 0.0703125 0.0390625
0 0.041015625 0.0546875 0.078125 0.0625
0 0.38671875 0.306640625 0.0703125 0.0703125