0 0.580078125 0.1796875 0.068359375 0.056640625
0 0.623046875 0.3359375 0.09765625 0.078125
0 0.6328125 0.421875 0.0703125 0.060546875
0 0.658203125 0.51171875 0.0625 0.056640625
0 0.693359375 0.568359375 0.056640625 0.052734375
0 0.666015625 0.728515625 0.0703125 0.04296875
0 0.681640625 0.810546875 0.08203125 0.06640625
0 0.708984375 0.951171875 0.064453125 0.0625
0 0.67578125 0.865234375 0.0625 0.03515625
0 0.5625 0.09375 0.0546875 0.056640625
0 0.759765625 0.88671875 0.064453125 0.03515625
0 0.75 0.837890625 0.04296875 0.044921875
0 0.748046875 0.806640625 0.048828125 0.048828125
0 0.7265625 0.765625 0.037109375 0.03125
0 0.54296875 0.94921875 0.060546875 0.064453125