0 0.73828125 0.404296875 0.064453125 0.06640625
0 0.763671875 0.330078125 0.06640625 0.068359375
0 0.71875 0.26953125 0.048828125 0.052734375
0 0.716796875 0.208984375 0.0625 0.0546875
0 0.658203125 0.033203125 0.0703125 0.060546875
0 0.814453125 0.556640625 0.080078125 0.046875
0 0.80859375 0.455078125 0.080078125 0.07421875
0 0.763671875 0.517578125 0.044921875 0.048828125
0 0.81640625 0.650390625 0.05078125 0.060546875
0 0.826171875 0.7109375 0.05859375 0.056640625
0 0.87109375 0.748046875 0.0546875 0.0546875
0 0.86328125 0.67578125 0.064453125 0.0546875
0 0.86328125 0.615234375 0.048828125 0.060546875
0 0.798828125 0.599609375 0.056640625 0.048828125
0 0.974609375 0.12890625 0.05078125 0.068359375
0 0.845703125 0.84765625 0.080078125 0.060546875
0 0.8828125 0.908203125 0.0703125 0.046875
0 0.87109375 0.974609375 0.083984375 0.048828125
0 0.720703125 0.8515625 0.07421875 0.0703125
0 0.677734375 0.09375 0.046875 0.0546875