0 0.5 0.17578125 0.064453125 0.06640625
0 0.501953125 0.80078125 0.064453125 0.0703125
0 0.599609375 0.97265625 0.068359375 0.052734375
0 0.47265625 0.513671875 0.072265625 0.060546875
0 0.529296875 0.12109375 0.06640625 0.076171875
0 0.556640625 0.068359375 0.078125 0.05078125
0 0.5625 0.025390625 0.0703125 0.048828125
0 0.43359375 0.3125 0.044921875 0.03125
0 0.44140625 0.33984375 0.0390625 0.0234375
0 0.44140625 0.361328125 0.041015625 0.013671875
0 0.44921875 0.390625 0.044921875 0.03125
0 0.455078125 0.419921875 0.05078125 0.03515625
0 0.46875 0.458984375 0.037109375 0.033203125
0 0.484375 0.572265625 0.0390625 0.021484375
0 0.46875 0.63671875 0.05859375 0.033203125
0 0.5 0.681640625 0.03515625 0.0546875
0 0.44921875 0.6953125 0.048828125 0.0390625
0 0.49609375 0.734375 0.056640625 0.041015625
0 0.474609375 0.2109375 0.0546875 0.0546875