0 0.078125 0.94140625 0.0625 0.05859375
0 0.263671875 0.87109375 0.1015625 0.0859375
0 0.10546875 0.6328125 0.09375 0.078125
0 0.2734375 0.376953125 0.0859375 0.0859375
0 0.4453125 0.595703125 0.1015625 0.10546875
0 0.576171875 0.8046875 0.0859375 0.0859375
0 0.80078125 0.94921875 0.1015625 0.0859375
0 0.685546875 0.666015625 0.09765625 0.09375
0 0.576171875 0.40625 0.1015625 0.09375
0 0.4296875 0.177734375 0.09375 0.078125
0 0.115234375 0.146484375 0.08203125 0.0859375
0 0.80859375 0.15625 0.078125 0.07421875
0 0.865234375 0.328125 0.08203125 0.078125
0 0.935546875 0.513671875 0.0859375 0.08203125
0 0.98046875 0.6328125 0.0390625 0.0703125
0 0.943359375 0.365234375 0.0625 0.0390625
0 0.93359375 0.328125 0.0703125 0.046875
0 0.9140625 0.291015625 0.0546875 0.0546875
0 0.85546875 0.10546875 0.06640625 0.046875
0 0.8203125 0.017578125 0.05859375 0.03125
0 0.837890625 0.068359375 0.05078125 0.0390625
0 0.986328125 0.447265625 0.0234375 0.046875
0 0.841796875 0.53125 0.0546875 0.0625
0 0.927734375 0.4296875 0.0625 0.05078125