0 0.47265625 0.01953125 0.0546875 0.0390625
0 0.474609375 0.05078125 0.046875 0.0390625
0 0.48046875 0.091796875 0.0546875 0.03515625
0 0.47265625 0.123046875 0.0703125 0.0390625
0 0.4765625 0.16796875 0.078125 0.0546875
0 0.478515625 0.205078125 0.046875 0.01953125
0 0.478515625 0.240234375 0.0546875 0.0234375
0 0.486328125 0.2578125 0.05078125 0.03125
0 0.478515625 0.2890625 0.05078125 0.0234375
0 0.482421875 0.306640625 0.0390625 0.015625
0 0.474609375 0.330078125 0.03125 0.03125
0 0.458984375 0.353515625 0.0390625 0.03125
0 0.455078125 0.373046875 0.0390625 0.0234375
0 0.439453125 0.39453125 0.0390625 0.0390625
0 0.4453125 0.421875 0.046875 0.0234375
0 0.447265625 0.458984375 0.046875 0.04296875
0 0.44921875 0.48046875 0.05078125 0.03125
0 0.462890625 0.509765625 0.046875 0.03515625
0 0.4609375 0.537109375 0.046875 0.0234375
0 0.4609375 0.568359375 0.05078125 0.03125
0 0.46484375 0.603515625 0.046875 0.046875
0 0.470703125 0.638671875 0.046875 0.0390625
0 0.46875 0.677734375 0.0546875 0.0546875
0 0.484375 0.740234375 0.0390625 0.0390625
0 0.484375 0.705078125 0.03125 0.03125
0 0.482421875 0.76953125 0.03125 0.03125
0 0.490234375 0.80859375 0.046875 0.04296875
0 0.490234375 0.849609375 0.0546875 0.046875
0 0.49609375 0.88671875 0.03125 0.03515625
0 0.5 0.919921875 0.0390625 0.0390625
0 0.5 0.951171875 0.03125 0.03125
0 0.302734375 0.53125 0.07421875 0.0546875
0 0.298828125 0.2734375 0.0703125 0.0625
0 0.158203125 0.173828125 0.109375 0.0859375
0 0.26171875 0.201171875 0.0859375 0.0859375
0 0.306640625 0.033203125 0.08203125 0.06640625
0 0.142578125 0.390625 0.08984375 0.078125
0 0.150390625 0.578125 0.08203125 0.0625
0 0.22265625 0.484375 0.0390625 0.05078125
0 0.248046875 0.37890625 0.078125 0.0859375
0 0.037109375 0.240234375 0.05859375 0.06640625
0 0.08203125 0.83203125 0.09765625 0.0859375
0 0.30859375 0.810546875 0.0625 0.0703125
0 0.224609375 0.6328125 0.046875 0.046875
0 0.099609375 0.03125 0.0546875 0.0390625
0 0.6328125 0.0625 0.0625 0.0703125
0 0.630859375 0.177734375 0.0625 0.04296875
0 0.634765625 0.25 0.0546875 0.05859375
0 0.62890625 0.3671875 0.05859375 0.046875
0 0.650390625 0.4296875 0.0625 0.0546875
0 0.66015625 0.505859375 0.0625 0.0625
0 0.669921875 0.57421875 0.0625 0.046875
0 0.734375 0.580078125 0.0546875 0.04296875
0 0.673828125 0.68359375 0.046875 0.05859375
0 0.677734375 0.75390625 0.0703125 0.05078125
0 0.693359375 0.8125 0.0703125 0.046875
0 0.705078125 0.859375 0.0546875 0.04296875
0 0.71484375 0.90625 0.0625 0.05859375
0 0.72265625 0.970703125 0.0625 0.046875
0 0.78515625 0.08984375 0.0859375 0.0703125
0 0.80078125 0.140625 0.046875 0.046875
0 0.80859375 0.19921875 0.046875 0.03125
0 0.802734375 0.23046875 0.0390625 0.03125
0 0.80078125 0.265625 0.0390625 0.046875
0 0.904296875 0.046875 0.0546875 0.0703125
0 0.7890625 0.02734375 0.06640625 0.0546875
0 0.810546875 0.345703125 0.09375 0.0625
0 0.91015625 0.634765625 0.0859375 0.0625
0 0.84375 0.650390625 0.0546875 0.03125
0 0.779296875 0.734375 0.0703125 0.0546875
0 0.841796875 0.806640625 0.0625 0.05078125
0 0.728515625 0.689453125 0.0390625 0.02734375
0 0.890625 0.53125 0.0546875 0.0546875
0 0.83984375 0.54296875 0.03125 0.0390625
0 0.857421875 0.421875 0.0390625 0.0546875
0 0.966796875 0.92578125 0.06640625 0.0703125
0 0.173828125 0.072265625 0.0390625 0.0546875
0 0.23828125 0.0625 0.046875 0.03515625
0 0.25 0.099609375 0.03515625 0.03125
0 0.12890625 0.072265625 0.04296875 0.0234375