0 0.267578125 0.64453125 0.078125 0.068359375
0 0.244140625 0.951171875 0.060546875 0.056640625
0 0.07421875 0.53515625 0.0703125 0.06640625
0 0.263671875 0.046875 0.068359375 0.06640625
0 0.185546875 0.029296875 0.0703125 0.046875
0 0.23046875 0.1015625 0.068359375 0.05859375
0 0.263671875 0.310546875 0.064453125 0.0703125
0 0.671875 0.291015625 0.076171875 0.072265625
0 0.66796875 0.5234375 0.1015625 0.08203125
0 0.759765625 0.814453125 0.095703125 0.076171875
0 0.607421875 0.82421875 0.08203125 0.068359375
0 0.619140625 0.970703125 0.076171875 0.05078125
0 0.578125 0.6640625 0.05859375 0.060546875
0 0.560546875 0.546875 0.06640625 0.0546875
0 0.537109375 0.404296875 0.037109375 0.0625
0 0.544921875 0.283203125 0.07421875 0.056640625
0 0.525390625 0.162109375 0.0625 0.056640625
0 0.51171875 0.01953125 0.06640625 0.0390625
0 0.9765625 0.66796875 0.044921875 0.046875
0 0.962890625 0.521484375 0.0546875 0.05078125
0 0.95703125 0.384765625 0.048828125 0.044921875
0 0.76953125 0.8984375 0.052734375 0.03515625
0 0.748046875 0.7109375 0.0546875 0.033203125
0 0.755859375 0.73046875 0.037109375 0.04296875
0 0.759765625 0.767578125 0.033203125 0.025390625
0 0.767578125 0.865234375 0.05078125 0.04296875
0 0.77734375 0.935546875 0.060546875 0.060546875
0 0.7421875 0.6796875 0.04296875 0.037109375
0 0.73046875 0.650390625 0.041015625 0.03125
0 0.716796875 0.623046875 0.044921875 0.04296875
0 0.6953125 0.591796875 0.044921875 0.037109375
0 0.654296875 0.40625 0.0390625 0.037109375
0 0.634765625 0.376953125 0.04296875 0.033203125
0 0.634765625 0.34765625 0.037109375 0.041015625
0 0.625 0.13671875 0.06640625 0.041015625
0 0.666015625 0.09765625 0.0546875 0.064453125
0 0.61328125 0.087890625 0.048828125 0.052734375
0 0.609375 0.0546875 0.041015625 0.05078125
0 0.60546875 0.0234375 0.044921875 0.037109375
0 0.634765625 0.220703125 0.0546875 0.068359375
0 0.44140625 0.236328125 0.041015625 0.0390625
0 0.4375 0.193359375 0.041015625 0.041015625
0 0.4375 0.15625 0.052734375 0.0546875
0 0.43359375 0.109375 0.056640625 0.048828125
0 0.431640625 0.064453125 0.05078125 0.044921875
0 0.4296875 0.0234375 0.05078125 0.041015625
0 0.111328125 0.123046875 0.080078125 0.083984375
0 0.099609375 0.37109375 0.115234375 0.123046875
0 0.09765625 0.7421875 0.119140625 0.09375
0 0.09765625 0.837890625 0.06640625 0.06640625
0 0.0234375 0.80859375 0.046875 0.068359375
0 0.2109375 0.912109375 0.0390625 0.046875
0 0.201171875 0.95703125 0.041015625 0.0390625
0 0.193359375 0.986328125 0.04296875 0.025390625
0 0.443359375 0.33203125 0.060546875 0.05078125
0 0.447265625 0.380859375 0.060546875 0.0546875
0 0.439453125 0.431640625 0.052734375 0.0546875
0 0.443359375 0.484375 0.052734375 0.048828125
0 0.4375 0.564453125 0.0390625 0.0390625
0 0.435546875 0.609375 0.046875 0.03515625
0 0.4296875 0.66015625 0.037109375 0.041015625
0 0.44140625 0.69921875 0.044921875 0.0390625
0 0.43359375 0.736328125 0.041015625 0.041015625
0 0.419921875 0.7734375 0.04296875 0.03515625
0 0.427734375 0.806640625 0.046875 0.044921875
0 0.4453125 0.875 0.046875 0.046875
0 0.453125 0.908203125 0.033203125 0.037109375
0 0.4609375 0.94140625 0.046875 0.037109375
0 0.44140625 0.982421875 0.044921875 0.03515625
0 0.23046875 0.3828125 0.041015625 0.044921875
0 0.2265625 0.431640625 0.044921875 0.046875
0 0.2265625 0.482421875 0.048828125 0.041015625
0 0.228515625 0.515625 0.052734375 0.048828125
0 0.224609375 0.556640625 0.041015625 0.048828125
0 0.220703125 0.6015625 0.044921875 0.048828125
0 0.21484375 0.63671875 0.044921875 0.03515625
0 0.2109375 0.6796875 0.04296875 0.03515625
0 0.21875 0.71484375 0.048828125 0.048828125
0 0.216796875 0.755859375 0.046875 0.044921875
0 0.21875 0.798828125 0.04296875 0.0390625
0 0.21484375 0.8359375 0.04296875 0.04296875
0 0.2109375 0.87890625 0.048828125 0.0390625
0 0.125 0.919921875 0.0625 0.064453125
0 0.3203125 0.283203125 0.04296875 0.048828125