0 0.82421875 0.439453125 0.064453125 0.060546875
0 0.82421875 0.4921875 0.060546875 0.060546875
0 0.822265625 0.5703125 0.064453125 0.060546875
0 0.81640625 0.625 0.064453125 0.06640625
0 0.76953125 0.703125 0.048828125 0.05078125
0 0.84375 0.337890625 0.0625 0.056640625
0 0.857421875 0.28125 0.072265625 0.056640625
0 0.87109375 0.216796875 0.056640625 0.056640625
0 0.90625 0.048828125 0.04296875 0.052734375
0 0.744140625 0.826171875 0.0546875 0.0546875
0 0.744140625 0.919921875 0.056640625 0.0625
0 0.8203125 0.740234375 0.060546875 0.05859375
0 0.8203125 0.689453125 0.076171875 0.068359375
0 0.837890625 0.3828125 0.0546875 0.05859375
0 0.884765625 0.17578125 0.048828125 0.046875
0 0.91015625 0.091796875 0.060546875 0.060546875