0 0.3984375 0.94921875 0.07421875 0.06640625
0 0.115234375 0.71484375 0.0859375 0.0859375
0 0.076171875 0.400390625 0.10546875 0.0859375
0 0.05859375 0.18359375 0.08984375 0.08984375
0 0.40625 0.873046875 0.0625 0.0546875
0 0.3828125 0.791015625 0.0703125 0.0703125
0 0.357421875 0.630859375 0.078125 0.07421875
0 0.36328125 0.50390625 0.0625 0.0546875
0 0.380859375 0.361328125 0.06640625 0.07421875
0 0.39453125 0.228515625 0.046875 0.05078125
0 0.380859375 0.1640625 0.0703125 0.0546875
0 0.373046875 0.123046875 0.078125 0.0546875
0 0.345703125 0.06640625 0.078125 0.0625
0 0.32421875 0.015625 0.0859375 0.03125