0 0.92578125 0.857421875 0.1015625 0.09375
0 0.76953125 0.822265625 0.12109375 0.1015625
0 0.587890625 0.75390625 0.078125 0.0703125
0 0.59375 0.669921875 0.09375 0.0703125
0 0.591796875 0.587890625 0.10546875 0.0859375
0 0.595703125 0.501953125 0.09765625 0.0859375
0 0.6015625 0.41796875 0.09765625 0.0859375
0 0.609375 0.330078125 0.0859375 0.078125
0 0.609375 0.2578125 0.0859375 0.07421875
0 0.615234375 0.16796875 0.09375 0.0859375
0 0.615234375 0.083984375 0.07421875 0.08203125
0 0.62890625 0.0234375 0.0625 0.046875
0 0.494140625 0.080078125 0.05859375 0.0859375
0 0.5546875 0.029296875 0.0859375 0.05859375
0 0.41796875 0.029296875 0.109375 0.05859375
0 0.263671875 0.19140625 0.08203125 0.0859375
0 0.787109375 0.9765625 0.109375 0.046875