0 0.908203125 0.109375 0.072265625 0.0625
0 0.80078125 0.134765625 0.080078125 0.083984375
0 0.7421875 0.0703125 0.080078125 0.072265625
0 0.669921875 0.11328125 0.08984375 0.076171875
0 0.75 0.22265625 0.08984375 0.072265625
0 0.841796875 0.1796875 0.0625 0.05859375
0 0.8671875 0.23828125 0.08203125 0.08984375
0 0.96875 0.220703125 0.0625 0.06640625
0 0.962890625 0.330078125 0.0546875 0.068359375
0 0.982421875 0.392578125 0.033203125 0.068359375
0 0.833984375 0.314453125 0.080078125 0.072265625
0 0.71875 0.4453125 0.0859375 0.072265625
0 0.642578125 0.4453125 0.048828125 0.041015625
0 0.66796875 0.4921875 0.0625 0.0625
0 0.744140625 0.505859375 0.06640625 0.05078125
0 0.927734375 0.845703125 0.078125 0.083984375
0 0.98046875 0.849609375 0.0390625 0.080078125
0 0.8671875 0.939453125 0.0546875 0.0546875
0 0.822265625 0.978515625 0.0625 0.041015625
0 0.751953125 0.8671875 0.056640625 0.05078125
0 0.712890625 0.818359375 0.048828125 0.033203125
0 0.603515625 0.68359375 0.076171875 0.078125
0 0.642578125 0.626953125 0.0703125 0.041015625
0 0.564453125 0.576171875 0.0703125 0.06640625
0 0.5078125 0.537109375 0.048828125 0.04296875
0 0.5234375 0.30078125 0.095703125 0.09375
0 0.423828125 0.205078125 0.08984375 0.060546875
0 0.357421875 0.455078125 0.0625 0.0625
0 0.38671875 0.509765625 0.041015625 0.021484375
0 0.416015625 0.52734375 0.048828125 0.0390625
0 0.443359375 0.55859375 0.037109375 0.029296875
0 0.4609375 0.5859375 0.052734375 0.029296875
0 0.462890625 0.650390625 0.05078125 0.048828125
0 0.5234375 0.642578125 0.076171875 0.060546875
0 0.509765625 0.68359375 0.0859375 0.046875
0 0.4375 0.625 0.044921875 0.052734375
0 0.333984375 0.548828125 0.0703125 0.07421875
0 0.26953125 0.33984375 0.044921875 0.046875
0 0.248046875 0.314453125 0.0390625 0.037109375
0 0.265625 0.279296875 0.0390625 0.046875
0 0.228515625 0.28515625 0.056640625 0.03515625
0 0.216796875 0.25390625 0.06640625 0.05078125
0 0.193359375 0.177734375 0.07421875 0.0703125
0 0.1484375 0.134765625 0.064453125 0.046875
0 0.134765625 0.193359375 0.056640625 0.0703125
0 0.10546875 0.080078125 0.060546875 0.056640625
0 0.140625 0.03515625 0.048828125 0.05859375
0 0.09375 0.0390625 0.06640625 0.0625
0 0.513671875 0.7734375 0.091796875 0.076171875
0 0.556640625 0.888671875 0.08984375 0.0859375
0 0.662109375 0.84375 0.1015625 0.072265625
0 0.642578125 0.89453125 0.080078125 0.0546875
0 0.640625 0.935546875 0.083984375 0.08203125
0 0.69140625 0.970703125 0.072265625 0.05859375
0 0.759765625 0.962890625 0.056640625 0.048828125
0 0.494140625 0.16015625 0.056640625 0.048828125
0 0.43359375 0.087890625 0.052734375 0.05078125
0 0.2890625 0.017578125 0.08203125 0.033203125
0 0.98046875 0.076171875 0.0390625 0.060546875
0 0.82421875 0.66015625 0.052734375 0.05859375
0 0.986328125 0.97265625 0.02734375 0.046875
0 0.505859375 0.955078125 0.068359375 0.056640625
0 0.53125 0.990234375 0.05078125 0.017578125
0 0.46875 0.90625 0.078125 0.05859375
0 0.376953125 0.794921875 0.0625 0.046875
0 0.42578125 0.7421875 0.05078125 0.041015625
0 0.302734375 0.703125 0.064453125 0.0703125
0 0.22265625 0.60546875 0.08203125 0.078125
0 0.2109375 0.529296875 0.06640625 0.0546875
0 0.166015625 0.46484375 0.05078125 0.044921875
0 0.2109375 0.4609375 0.052734375 0.041015625
0 0.150390625 0.3828125 0.064453125 0.04296875
0 0.12109375 0.4140625 0.06640625 0.0703125
0 0.046875 0.357421875 0.09375 0.08984375
0 0.064453125 0.287109375 0.05859375 0.048828125
0 0.056640625 0.212890625 0.095703125 0.072265625
0 0.0234375 0.169921875 0.041015625 0.0703125
0 0.130859375 0.494140625 0.052734375 0.0625
0 0.08203125 0.525390625 0.07421875 0.06640625
0 0.052734375 0.44140625 0.1015625 0.095703125
0 0.166015625 0.65625 0.0859375 0.078125
0 0.232421875 0.69921875 0.06640625 0.0703125
0 0.3046875 0.888671875 0.072265625 0.076171875
0 0.34765625 0.97265625 0.05859375 0.0546875
0 0.28515625 0.9765625 0.07421875 0.046875
0 0.25 0.931640625 0.060546875 0.056640625
0 0.216796875 0.888671875 0.0546875 0.05859375
0 0.232421875 0.84375 0.044921875 0.04296875
0 0.23046875 0.7890625 0.0703125 0.0625
0 0.173828125 0.732421875 0.08203125 0.076171875
0 0.041015625 0.662109375 0.076171875 0.099609375
0 0.029296875 0.78125 0.05859375 0.078125
0 0.03515625 0.890625 0.0703125 0.06640625
0 0.125 0.908203125 0.056640625 0.056640625
0 0.1875 0.984375 0.083984375 0.03125
0 0.099609375 0.984375 0.05859375 0.03125
0 0.388671875 0.927734375 0.056640625 0.064453125
0 0.623046875 0.34375 0.0546875 0.064453125
0 0.939453125 0.59765625 0.04296875 0.044921875
0 0.98046875 0.6640625 0.0390625 0.041015625
0 0.984375 0.61328125 0.03125 0.052734375
0 0.556640625 0.216796875 0.03125 0.0546875
0 0.59765625 0.755859375 0.064453125 0.0625
0 0.69921875 0.720703125 0.060546875 0.0390625
0 0.720703125 0.787109375 0.06640625 0.046875
0 0.205078125 0.330078125 0.037109375 0.044921875
0 0.18359375 0.294921875 0.03515625 0.0390625
0 0.1484375 0.259765625 0.03125 0.0390625
0 0.123046875 0.23828125 0.041015625 0.03515625