0 0.228515625 0.650390625 0.08203125 0.0703125
0 0.265625 0.771484375 0.06640625 0.0703125
0 0.30859375 0.875 0.0859375 0.0703125
0 0.173828125 0.529296875 0.0625 0.046875
0 0.154296875 0.388671875 0.07421875 0.0703125
0 0.10546875 0.376953125 0.06640625 0.078125
0 0.1015625 0.251953125 0.07421875 0.06640625
0 0.103515625 0.12109375 0.0703125 0.0625
0 0.1171875 0.017578125 0.078125 0.03515625
0 0.626953125 0.35546875 0.046875 0.0546875
0 0.6328125 0.49609375 0.0625 0.046875
0 0.873046875 0.4296875 0.05859375 0.0546875