0 0.353515625 0.21875 0.06640625 0.076171875
0 0.400390625 0.49609375 0.072265625 0.048828125
0 0.654296875 0.34375 0.056640625 0.0703125
0 0.927734375 0.162109375 0.0703125 0.07421875
0 0.78515625 0.41015625 0.052734375 0.03515625
0 0.79296875 0.470703125 0.048828125 0.048828125
0 0.798828125 0.525390625 0.041015625 0.033203125
0 0.775390625 0.33984375 0.046875 0.046875
0 0.765625 0.287109375 0.0390625 0.05078125
0 0.759765625 0.244140625 0.04296875 0.04296875
0 0.7578125 0.19140625 0.068359375 0.04296875
0 0.74609375 0.1484375 0.0625 0.056640625
0 0.744140625 0.083984375 0.056640625 0.0546875
0 0.048828125 0.16015625 0.072265625 0.0703125
0 0.048828125 0.29296875 0.06640625 0.046875
0 0.05859375 0.2421875 0.087890625 0.056640625