0 0.45703125 0.92578125 0.06640625 0.06640625
0 0.42578125 0.841796875 0.064453125 0.0625
0 0.40234375 0.76953125 0.072265625 0.072265625
0 0.51953125 0.5234375 0.09765625 0.119140625
0 0.595703125 0.767578125 0.111328125 0.1015625
0 0.373046875 0.359375 0.072265625 0.080078125
0 0.234375 0.12890625 0.1171875 0.119140625
0 0.423828125 0.162109375 0.08203125 0.07421875
0 0.455078125 0.306640625 0.080078125 0.087890625
0 0.5078125 0.11328125 0.05859375 0.068359375
0 0.6328125 0.1875 0.068359375 0.078125
0 0.546875 0.19140625 0.0703125 0.0703125
0 0.576171875 0.2890625 0.0703125 0.07421875
0 0.625 0.408203125 0.072265625 0.064453125
0 0.673828125 0.498046875 0.0703125 0.0703125
0 0.708984375 0.591796875 0.0625 0.06640625
0 0.02734375 0.193359375 0.0546875 0.048828125
0 0.015625 0.240234375 0.03125 0.05078125
0 0.013671875 0.14453125 0.02734375 0.041015625
0 0.05859375 0.978515625 0.078125 0.04296875