0 0.697265625 0.537109375 0.1015625 0.09375
0 0.763671875 0.814453125 0.1171875 0.109375
0 0.1875 0.447265625 0.09375 0.1015625
0 0.087890625 0.22265625 0.08984375 0.10546875
0 0.134765625 0.12890625 0.0859375 0.0703125
0 0.12890625 0.072265625 0.078125 0.06640625
0 0.615234375 0.029296875 0.08984375 0.05859375
0 0.541015625 0.033203125 0.08984375 0.06640625
0 0.48046875 0.2265625 0.08203125 0.0625
0 0.65234375 0.259765625 0.09375 0.0859375
0 0.62109375 0.32421875 0.078125 0.078125
0 0.53515625 0.404296875 0.0703125 0.06640625
0 0.498046875 0.322265625 0.06640625 0.046875
0 0.53515625 0.34765625 0.0546875 0.046875
0 0.548828125 0.654296875 0.05078125 0.0625
0 0.501953125 0.67578125 0.0703125 0.0625
0 0.33984375 0.865234375 0.09375 0.08984375
0 0.095703125 0.970703125 0.0625 0.0546875
0 0.12109375 0.330078125 0.046875 0.046875