0 0.482421875 0.193359375 0.06640625 0.0703125
0 0.6953125 0.365234375 0.05078125 0.0546875
0 0.654296875 0.34375 0.0546875 0.0625
0 0.69140625 0.2421875 0.0625 0.07421875
0 0.7265625 0.46875 0.0625 0.0625
0 0.732421875 0.517578125 0.0546875 0.046875
0 0.1953125 0.5859375 0.078125 0.0859375
0 0.1796875 0.296875 0.1015625 0.09375
0 0.29296875 0.880859375 0.0703125 0.078125
0 0.02734375 0.84375 0.0546875 0.05078125
0 0.390625 0.56640625 0.0703125 0.0625
0 0.408203125 0.642578125 0.078125 0.0703125
0 0.4921875 0.853515625 0.078125 0.0703125
0 0.537109375 0.97265625 0.07421875 0.046875
0 0.3671875 0.423828125 0.06640625 0.0625
0 0.357421875 0.494140625 0.078125 0.0703125
0 0.376953125 0.19921875 0.05859375 0.0546875
0 0.353515625 0.349609375 0.05078125 0.046875
0 0.390625 0.123046875 0.0859375 0.0703125
0 0.3984375 0.046875 0.0703125 0.0703125
0 0.5703125 0.271484375 0.0625 0.046875
0 0.46875 0.78515625 0.078125 0.0625
0 0.173828125 0.03125 0.08203125 0.0625
0 0.974609375 0.767578125 0.05078125 0.07421875
0 0.951171875 0.921875 0.05859375 0.0703125