0 0.572265625 0.4296875 0.0859375 0.1015625
0 0.3984375 0.162109375 0.1015625 0.0859375
0 0.15234375 0.861328125 0.0703125 0.07421875
0 0.107421875 0.74609375 0.0546875 0.05859375
0 0.037109375 0.693359375 0.0625 0.0703125
0 0.140625 0.60546875 0.0625 0.0546875
0 0.078125 0.55859375 0.07421875 0.0703125
0 0.048828125 0.478515625 0.07421875 0.07421875
0 0.0234375 0.349609375 0.046875 0.07421875
0 0.646484375 0.666015625 0.0625 0.0546875
0 0.62890625 0.623046875 0.0546875 0.046875
0 0.623046875 0.5625 0.08203125 0.0625
0 0.525390625 0.236328125 0.06640625 0.04296875
0 0.529296875 0.19921875 0.06640625 0.03125
0 0.54296875 0.171875 0.0625 0.0390625
0 0.529296875 0.140625 0.0546875 0.046875
0 0.53125 0.09375 0.05859375 0.05078125
0 0.53515625 0.296875 0.0390625 0.0390625
0 0.19140625 0.986328125 0.0546875 0.0234375