0 0.9453125 0.091796875 0.056640625 0.056640625
0 0.982421875 0.06640625 0.03515625 0.046875
0 0.884765625 0.13671875 0.044921875 0.052734375
0 0.93359375 0.12890625 0.052734375 0.056640625
0 0.91015625 0.197265625 0.060546875 0.06640625
0 0.828125 0.181640625 0.095703125 0.091796875
0 0.958984375 0.185546875 0.048828125 0.04296875
0 0.97265625 0.251953125 0.052734375 0.064453125
0 0.904296875 0.271484375 0.068359375 0.056640625
0 0.955078125 0.33203125 0.068359375 0.060546875
0 0.896484375 0.359375 0.0703125 0.060546875
0 0.935546875 0.421875 0.064453125 0.0546875
0 0.8203125 0.33203125 0.09375 0.099609375
0 0.728515625 0.212890625 0.078125 0.072265625
0 0.66796875 0.298828125 0.076171875 0.0703125
0 0.8515625 0.490234375 0.09765625 0.083984375
0 0.92578125 0.5 0.06640625 0.052734375
0 0.97265625 0.47265625 0.0546875 0.06640625
0 0.9765625 0.529296875 0.046875 0.05859375
0 0.876953125 0.587890625 0.080078125 0.068359375
0 0.93359375 0.56640625 0.0546875 0.0546875
0 0.98046875 0.591796875 0.037109375 0.060546875
0 0.9453125 0.66015625 0.103515625 0.08984375
0 0.978515625 0.734375 0.041015625 0.08984375
0 0.759765625 0.84765625 0.08203125 0.0625
0 0.72265625 0.908203125 0.06640625 0.064453125
0 0.732421875 0.96875 0.07421875 0.0625
0 0.81640625 0.65625 0.064453125 0.05859375
0 0.71484375 0.40234375 0.083984375 0.08203125
0 0.634765625 0.4609375 0.056640625 0.076171875
0 0.8359375 0.712890625 0.078125 0.064453125
0 0.88671875 0.865234375 0.0859375 0.04296875
0 0.900390625 0.96484375 0.060546875 0.0625
0 0.8984375 0.9140625 0.064453125 0.056640625
0 0.953125 0.953125 0.05859375 0.052734375
0 0.60546875 0.7109375 0.083984375 0.072265625
0 0.71875 0.490234375 0.08984375 0.091796875
0 0.552734375 0.337890625 0.08203125 0.078125
0 0.552734375 0.169921875 0.05078125 0.06640625
0 0.587890625 0.078125 0.076171875 0.095703125
0 0.470703125 0.060546875 0.076171875 0.064453125
0 0.5078125 0.15234375 0.052734375 0.0546875
0 0.81640625 0.03125 0.0703125 0.0625
0 0.603515625 0.583984375 0.087890625 0.091796875
0 0.517578125 0.552734375 0.06640625 0.064453125
0 0.548828125 0.48828125 0.06640625 0.0703125
0 0.431640625 0.900390625 0.078125 0.072265625
0 0.466796875 0.9765625 0.07421875 0.046875
0 0.228515625 0.943359375 0.068359375 0.048828125
0 0.1953125 0.837890625 0.05078125 0.05078125
0 0.125 0.82421875 0.060546875 0.0625
0 0.1328125 0.8828125 0.072265625 0.06640625
0 0.142578125 0.935546875 0.060546875 0.04296875
0 0.14453125 0.97265625 0.064453125 0.0546875
0 0.109375 0.75390625 0.05859375 0.05859375
0 0.37109375 0.66796875 0.0625 0.080078125
0 0.40625 0.791015625 0.080078125 0.072265625
0 0.3125 0.560546875 0.068359375 0.076171875
0 0.279296875 0.455078125 0.087890625 0.0859375
0 0.232421875 0.373046875 0.078125 0.0703125
0 0.134765625 0.22265625 0.08203125 0.06640625
0 0.04296875 0.365234375 0.064453125 0.0625
0 0.021484375 0.259765625 0.04296875 0.099609375
0 0.080078125 0.068359375 0.083984375 0.06640625
0 0.09765625 0.48046875 0.05859375 0.044921875
0 0.185546875 0.6953125 0.060546875 0.05078125
0 0.13671875 0.55859375 0.08984375 0.05078125
0 0.548828125 0.818359375 0.056640625 0.064453125
0 0.55859375 0.875 0.052734375 0.041015625
0 0.587890625 0.935546875 0.06640625 0.07421875
0 0.76953125 0.5625 0.158203125 0.12109375
0 0.65234375 0.23828125 0.05859375 0.0625
0 0.591796875 0.24609375 0.05078125 0.048828125
0 0.6171875 0.271484375 0.060546875 0.05859375
0 0.24609375 0.099609375 0.087890625 0.0703125
0 0.318359375 0.107421875 0.060546875 0.05078125
0 0.28515625 0.05859375 0.056640625 0.046875
0 0.22265625 0.0546875 0.052734375 0.037109375
0 0.25 0.021484375 0.07421875 0.04296875
0 0.326171875 0.0390625 0.046875 0.025390625
0 0.328125 0.068359375 0.0390625 0.03125
0 0.353515625 0.0703125 0.056640625 0.04296875
0 0.0234375 0.181640625 0.046875 0.04296875
0 0.119140625 0.59765625 0.064453125 0.04296875
0 0.126953125 0.626953125 0.076171875 0.046875
0 0.171875 0.75 0.07421875 0.056640625
0 0.31640625 0.609375 0.033203125 0.0234375
0 0.330078125 0.640625 0.029296875 0.029296875
0 0.341796875 0.794921875 0.0390625 0.04296875
0 0.33203125 0.833984375 0.033203125 0.03125
0 0.328125 0.865234375 0.02734375 0.0390625
0 0.328125 0.904296875 0.033203125 0.02734375
0 0.330078125 0.9453125 0.015625 0.01953125
0 0.333984375 0.97265625 0.029296875 0.03125
0 0.337890625 0.994140625 0.037109375 0.01171875