0 0.6015625 0.7890625 0.03125 0.03125
0 0.603515625 0.966796875 0.03125 0.03125
0 0.62109375 0.994140625 0.0390625 0.01171875
0 0.591796875 0.615234375 0.0390625 0.0390625
0 0.59375 0.453125 0.046875 0.04296875
0 0.60546875 0.298828125 0.0546875 0.0546875
0 0.169921875 0.921875 0.046875 0.046875
0 0.158203125 0.578125 0.046875 0.05859375
0 0.28125 0.951171875 0.046875 0.03125
0 0.2734375 0.87890625 0.0390625 0.03125
0 0.28125 0.849609375 0.0390625 0.03515625
0 0.283203125 0.80859375 0.0234375 0.03125
0 0.287109375 0.7734375 0.03125 0.03125
0 0.2890625 0.73828125 0.03125 0.04296875
0 0.294921875 0.6328125 0.03125 0.0390625
0 0.296875 0.595703125 0.0390625 0.046875