0 0.88671875 0.130859375 0.06640625 0.0546875
0 0.11328125 0.900390625 0.0625 0.03125
0 0.072265625 0.84765625 0.0859375 0.078125
0 0.09765625 0.7734375 0.0625 0.04296875
0 0.087890625 0.736328125 0.06640625 0.046875
0 0.076171875 0.701171875 0.046875 0.04296875
0 0.076171875 0.66015625 0.0546875 0.03125
0 0.033203125 0.640625 0.06640625 0.0390625
0 0.041015625 0.587890625 0.08203125 0.07421875
0 0.037109375 0.525390625 0.0625 0.03125
0 0.037109375 0.48828125 0.06640625 0.046875
0 0.0390625 0.43359375 0.07421875 0.05078125
0 0.03515625 0.380859375 0.0703125 0.0625
0 0.021484375 0.25 0.04296875 0.05078125
0 0.021484375 0.197265625 0.04296875 0.046875
0 0.0625 0.158203125 0.078125 0.0703125
0 0.123046875 0.04296875 0.0625 0.06640625
0 0.154296875 0.1484375 0.078125 0.078125
0 0.16796875 0.22265625 0.078125 0.0703125
0 0.19921875 0.404296875 0.078125 0.0703125
0 0.2265625 0.47265625 0.0703125 0.078125
0 0.119140625 0.46484375 0.07421875 0.07421875
0 0.212890625 0.5703125 0.09375 0.0859375
0 0.1796875 0.705078125 0.078125 0.0625
0 0.240234375 0.875 0.0703125 0.0703125
0 0.341796875 0.75390625 0.08203125 0.0625
0 0.345703125 0.814453125 0.0703125 0.05859375
0 0.396484375 0.92578125 0.0703125 0.0859375
0 0.29296875 0.568359375 0.0703125 0.0703125
0 0.3984375 0.564453125 0.07421875 0.078125
0 0.291015625 0.26953125 0.0625 0.0859375
0 0.546875 0.857421875 0.078125 0.0859375
0 0.673828125 0.75 0.0625 0.0703125
0 0.3359375 0.06640625 0.0546875 0.0625
0 0.36328125 0.158203125 0.05078125 0.05078125
0 0.39453125 0.240234375 0.0625 0.046875
0 0.4609375 0.25390625 0.05859375 0.06640625
0 0.5 0.3125 0.0625 0.0703125
0 0.5390625 0.37890625 0.06640625 0.0703125
0 0.58203125 0.4375 0.078125 0.0625
0 0.578125 0.5234375 0.0546875 0.0703125
0 0.62109375 0.5078125 0.0625 0.0546875
0 0.666015625 0.578125 0.05078125 0.04296875
0 0.70703125 0.634765625 0.06640625 0.0546875
0 0.69921875 0.6953125 0.0625 0.07421875
0 0.7578125 0.703125 0.0625 0.0703125
0 0.8515625 0.671875 0.06640625 0.0625
0 0.88671875 0.76171875 0.0546875 0.0625
0 0.80078125 0.76171875 0.06640625 0.0703125
0 0.84765625 0.828125 0.078125 0.078125
0 0.90234375 0.916015625 0.0625 0.0703125
0 0.94921875 0.98046875 0.0625 0.0390625
0 0.802734375 0.5625 0.1015625 0.0703125
0 0.748046875 0.451171875 0.0546875 0.078125
0 0.958984375 0.02734375 0.08203125 0.0546875