0 0.302734375 0.462890625 0.1015625 0.091796875
0 0.236328125 0.185546875 0.1171875 0.111328125
0 0.8125 0.552734375 0.091796875 0.1015625
0 0.912109375 0.77734375 0.087890625 0.103515625
0 0.865234375 0.87109375 0.0859375 0.068359375
0 0.87109375 0.927734375 0.078125 0.06640625
0 0.384765625 0.970703125 0.08984375 0.05859375
0 0.458984375 0.966796875 0.08984375 0.06640625
0 0.51953125 0.7734375 0.08203125 0.0625
0 0.34765625 0.740234375 0.091796875 0.0859375
0 0.37890625 0.67578125 0.078125 0.076171875
0 0.46484375 0.595703125 0.068359375 0.06640625
0 0.501953125 0.677734375 0.06640625 0.046875
0 0.46484375 0.65234375 0.0546875 0.044921875
0 0.451171875 0.345703125 0.05078125 0.064453125
0 0.498046875 0.32421875 0.068359375 0.0625
0 0.66015625 0.134765625 0.095703125 0.08984375
0 0.904296875 0.029296875 0.064453125 0.0546875
0 0.87890625 0.669921875 0.046875 0.048828125