0 0.876953125 0.04296875 0.072265625 0.068359375
0 0.892578125 0.1171875 0.052734375 0.068359375
0 0.84765625 0.130859375 0.052734375 0.046875
0 0.833984375 0.15625 0.0546875 0.044921875
0 0.822265625 0.197265625 0.0546875 0.046875
0 0.8125 0.236328125 0.052734375 0.0546875
0 0.80078125 0.3125 0.052734375 0.052734375
0 0.787109375 0.359375 0.04296875 0.048828125
0 0.779296875 0.3984375 0.044921875 0.0546875
0 0.755859375 0.466796875 0.05078125 0.03515625
0 0.76953125 0.439453125 0.046875 0.03515625
0 0.74609375 0.5 0.052734375 0.044921875
0 0.728515625 0.53515625 0.05078125 0.052734375
0 0.701171875 0.630859375 0.0546875 0.05078125
0 0.72265625 0.591796875 0.052734375 0.037109375
0 0.6796875 0.66796875 0.052734375 0.052734375
0 0.666015625 0.716796875 0.048828125 0.048828125
0 0.634765625 0.755859375 0.056640625 0.046875
0 0.59765625 0.791015625 0.0546875 0.04296875
0 0.564453125 0.87109375 0.0625 0.044921875
0 0.556640625 0.90234375 0.046875 0.037109375
0 0.552734375 0.9296875 0.03515625 0.03125
0 0.556640625 0.94921875 0.033203125 0.02734375
0 0.556640625 0.97265625 0.033203125 0.0234375
0 0.564453125 0.98828125 0.03515625 0.0234375
0 0.580078125 0.947265625 0.033203125 0.037109375
0 0.572265625 0.82421875 0.048828125 0.0390625
0 0.341796875 0.263671875 0.03515625 0.05078125
0 0.375 0.296875 0.056640625 0.046875