0 0.408203125 0.388671875 0.0625 0.046875
0 0.400390625 0.216796875 0.04296875 0.0625
0 0.08203125 0.384765625 0.0625 0.046875
0 0.056640625 0.271484375 0.03125 0.03515625
0 0.06640625 0.181640625 0.046875 0.03515625
0 0.083984375 0.720703125 0.09375 0.09765625
0 0.08203125 0.537109375 0.0859375 0.0859375
0 0.94921875 0.060546875 0.0546875 0.0546875
0 0.953125 0.11328125 0.05859375 0.046875
0 0.958984375 0.177734375 0.046875 0.04296875
0 0.955078125 0.26171875 0.0390625 0.0390625
0 0.9765625 0.330078125 0.046875 0.0546875