0 0.69921875 0.5546875 0.0703125 0.0625
0 0.96484375 0.53125 0.0703125 0.05078125
0 0.9609375 0.58984375 0.07421875 0.0546875
0 0.978515625 0.41796875 0.04296875 0.0546875
0 0.970703125 0.4609375 0.0390625 0.03515625
0 0.708984375 0.453125 0.0625 0.0546875
0 0.74609375 0.296875 0.0703125 0.05078125
0 0.744140625 0.095703125 0.05078125 0.0703125
0 0.7421875 0.197265625 0.0703125 0.078125
0 0.9140625 0.10546875 0.05859375 0.07421875
0 0.736328125 0.87890625 0.0546875 0.0703125
0 0.74609375 0.966796875 0.05859375 0.046875
0 0.97265625 0.68359375 0.0546875 0.046875
0 0.984375 0.759765625 0.03125 0.0703125
0 0.9453125 0.232421875 0.0390625 0.0625