0 0.6796875 0.7890625 0.0703125 0.0546875
0 0.66015625 0.861328125 0.05859375 0.05859375
0 0.72265625 0.849609375 0.05859375 0.0546875
0 0.748046875 0.962890625 0.0546875 0.0546875
0 0.7109375 0.982421875 0.0546875 0.03515625
0 0.658203125 0.986328125 0.0546875 0.02734375
0 0.630859375 0.9296875 0.0390625 0.05859375
0 0.640625 0.748046875 0.0546875 0.0390625
0 0.625 0.63671875 0.0546875 0.03125
0 0.626953125 0.662109375 0.046875 0.03125
0 0.62890625 0.6875 0.05859375 0.03125
0 0.62109375 0.71875 0.046875 0.0390625
0 0.615234375 0.37890625 0.0546875 0.046875
0 0.607421875 0.345703125 0.046875 0.03125
0 0.591796875 0.279296875 0.0546875 0.03125
0 0.5859375 0.25 0.0390625 0.03515625
0 0.57421875 0.119140625 0.0390625 0.046875
0 0.548828125 0.1328125 0.03125 0.046875
0 0.580078125 0.16015625 0.05859375 0.03515625
0 0.57421875 0.1875 0.078125 0.0390625
0 0.607421875 0.4921875 0.0390625 0.046875
0 0.6171875 0.451171875 0.05859375 0.0390625
0 0.619140625 0.41796875 0.046875 0.03125
0 0.607421875 0.5546875 0.046875 0.0390625
0 0.611328125 0.5859375 0.046875 0.046875
0 0.642578125 0.59765625 0.0390625 0.0546875
0 0.962890625 0.87890625 0.0390625 0.046875
0 0.95703125 0.83203125 0.0390625 0.0546875
0 0.560546875 0.005859375 0.06640625 0.01171875
0 0.56640625 0.03125 0.05859375 0.02734375
0 0.5703125 0.0546875 0.04296875 0.0234375
0 0.568359375 0.076171875 0.0546875 0.01953125
0 0.56640625 0.091796875 0.0625 0.01953125
0 0.583984375 0.21875 0.0859375 0.03125
0 0.6015625 0.314453125 0.06640625 0.0390625
0 0.669921875 0.759765625 0.046875 0.0390625