0 0.818359375 0.984375 0.0859375 0.03125
0 0.810546875 0.94921875 0.08203125 0.046875
0 0.798828125 0.9140625 0.0703125 0.04296875
0 0.791015625 0.873046875 0.0703125 0.04296875
0 0.783203125 0.8359375 0.06640625 0.046875
0 0.771484375 0.794921875 0.0625 0.04296875
0 0.765625 0.751953125 0.0859375 0.0546875
0 0.75390625 0.712890625 0.0859375 0.046875
0 0.75390625 0.671875 0.0703125 0.0390625
0 0.744140625 0.623046875 0.0703125 0.0546875
0 0.7265625 0.58203125 0.0703125 0.0546875
0 0.712890625 0.55078125 0.0703125 0.0390625
0 0.701171875 0.517578125 0.0625 0.046875
0 0.697265625 0.486328125 0.0625 0.03515625
0 0.6796875 0.44921875 0.0859375 0.046875
0 0.658203125 0.416015625 0.0703125 0.046875
0 0.658203125 0.373046875 0.078125 0.05078125
0 0.6484375 0.328125 0.08203125 0.046875
0 0.62890625 0.28515625 0.078125 0.0546875
0 0.623046875 0.244140625 0.06640625 0.05078125
0 0.611328125 0.201171875 0.06640625 0.046875
0 0.58984375 0.1640625 0.0703125 0.0546875
0 0.58203125 0.12890625 0.046875 0.0390625
0 0.564453125 0.095703125 0.0703125 0.046875
0 0.5625 0.0703125 0.0703125 0.03515625
0 0.552734375 0.02734375 0.08203125 0.0546875