0 0.91796875 0.154296875 0.060546875 0.064453125
0 0.71875 0.599609375 0.05078125 0.05859375
0 0.560546875 0.470703125 0.0703125 0.068359375
0 0.54296875 0.544921875 0.076171875 0.0703125
0 0.537109375 0.626953125 0.08203125 0.068359375
0 0.5625 0.384765625 0.07421875 0.0703125
0 0.603515625 0.353515625 0.060546875 0.0625
0 0.595703125 0.212890625 0.078125 0.064453125
0 0.6171875 0.126953125 0.072265625 0.060546875
0 0.64453125 0.048828125 0.080078125 0.076171875
0 0.58203125 0.041015625 0.052734375 0.052734375
0 0.556640625 0.111328125 0.052734375 0.044921875
0 0.52734375 0.0625 0.044921875 0.0546875
0 0.53515625 0.1796875 0.056640625 0.05078125
0 0.515625 0.255859375 0.05859375 0.048828125
0 0.5078125 0.34375 0.052734375 0.04296875
0 0.580078125 0.306640625 0.056640625 0.044921875
0 0.49609375 0.427734375 0.056640625 0.044921875
0 0.44140625 0.43359375 0.064453125 0.052734375
0 0.474609375 0.517578125 0.056640625 0.05859375
0 0.486328125 0.470703125 0.046875 0.046875
0 0.4453125 0.302734375 0.060546875 0.04296875
0 0.4765625 0.591796875 0.05078125 0.05078125
0 0.455078125 0.638671875 0.056640625 0.04296875
0 0.56640625 0.740234375 0.0703125 0.0703125
0 0.52734375 0.69921875 0.1015625 0.05859375
0 0.5234375 0.765625 0.04296875 0.048828125
0 0.556640625 0.806640625 0.0546875 0.0625
0 0.548828125 0.8671875 0.05859375 0.04296875
0 0.6328125 0.927734375 0.041015625 0.0625
0 0.59765625 0.931640625 0.048828125 0.048828125
0 0.525390625 0.9453125 0.068359375 0.048828125
0 0.53125 0.986328125 0.0703125 0.02734375
0 0.51953125 0.892578125 0.05859375 0.048828125
0 0.64453125 0.83984375 0.07421875 0.07421875
0 0.408203125 0.58984375 0.05859375 0.05078125
0 0.4140625 0.53515625 0.052734375 0.046875
0 0.427734375 0.48828125 0.07421875 0.068359375
0 0.45703125 0.7265625 0.060546875 0.076171875
0 0.384765625 0.77734375 0.078125 0.072265625
0 0.3984375 0.865234375 0.064453125 0.07421875
0 0.41796875 0.96484375 0.0703125 0.0703125
0 0.34765625 0.583984375 0.0859375 0.076171875
0 0.33203125 0.529296875 0.05078125 0.048828125
0 0.365234375 0.673828125 0.087890625 0.07421875
0 0.3359375 0.470703125 0.080078125 0.06640625
0 0.322265625 0.384765625 0.080078125 0.076171875
0 0.30859375 0.263671875 0.080078125 0.08203125
0 0.376953125 0.177734375 0.06640625 0.0546875
0 0.38671875 0.0625 0.0703125 0.0546875
0 0.3125 0.146484375 0.076171875 0.083984375
0 0.29296875 0.087890625 0.048828125 0.048828125
0 0.322265625 0.03125 0.08984375 0.0625
0 0.65234375 0.58984375 0.064453125 0.056640625
0 0.765625 0.771484375 0.0546875 0.0546875
0 0.67578125 0.953125 0.06640625 0.044921875
0 0.615234375 0.978515625 0.060546875 0.04296875
0 0.73828125 0.9140625 0.056640625 0.052734375
0 0.076171875 0.6484375 0.044921875 0.064453125
0 0.029296875 0.9609375 0.05859375 0.078125
0 0.271484375 0.927734375 0.046875 0.0625
0 0.314453125 0.97265625 0.0546875 0.052734375
0 0.21484375 0.61328125 0.07421875 0.078125
0 0.208984375 0.55859375 0.072265625 0.048828125
0 0.1328125 0.263671875 0.048828125 0.048828125
0 0.193359375 0.23046875 0.06640625 0.056640625
0 0.205078125 0.169921875 0.056640625 0.0703125
0 0.25390625 0.3203125 0.056640625 0.0390625
0 0.228515625 0.3671875 0.05859375 0.060546875
0 0.2734375 0.431640625 0.052734375 0.060546875
0 0.072265625 0.4296875 0.0703125 0.06640625
0 0.662109375 0.525390625 0.056640625 0.052734375
0 0.716796875 0.53125 0.0703125 0.06640625
0 0.677734375 0.4375 0.060546875 0.05859375
0 0.74609375 0.095703125 0.046875 0.0546875
0 0.162109375 0.46484375 0.10546875 0.1015625
0 0.14453125 0.359375 0.125 0.111328125
0 0.240234375 0.724609375 0.09765625 0.095703125
0 0.259765625 0.822265625 0.1015625 0.091796875