0 0.125 0.91015625 0.0859375 0.09375
0 0.076171875 0.974609375 0.09375 0.05078125
0 0.166015625 0.984375 0.0625 0.03125
0 0.09765625 0.771484375 0.0625 0.0703125
0 0.13671875 0.6796875 0.07421875 0.0703125
0 0.138671875 0.73828125 0.05859375 0.046875
0 0.236328125 0.416015625 0.0625 0.0625
0 0.02734375 0.03515625 0.0546875 0.0703125
0 0.0390625 0.34375 0.06640625 0.0859375
0 0.103515625 0.46875 0.0703125 0.06640625
0 0.181640625 0.1875 0.0625 0.0703125
0 0.0234375 0.162109375 0.046875 0.07421875