0 0.05078125 0.171875 0.046875 0.060546875
0 0.0390625 0.25 0.0625 0.060546875
0 0.033203125 0.314453125 0.048828125 0.052734375
0 0.0234375 0.384765625 0.046875 0.05859375
0 0.0234375 0.50390625 0.046875 0.05078125
0 0.021484375 0.451171875 0.04296875 0.046875
0 0.0625 0.10546875 0.05078125 0.08203125
0 0.642578125 0.9765625 0.05078125 0.046875
0 0.640625 0.916015625 0.03515625 0.04296875
0 0.951171875 0.92578125 0.09765625 0.072265625
0 0.66796875 0.576171875 0.0546875 0.0546875
0 0.6640625 0.33203125 0.044921875 0.05859375
0 0.68359375 0.177734375 0.068359375 0.078125
0 0.05859375 0.806640625 0.056640625 0.046875