0 0.662109375 0.52734375 0.072265625 0.0625
0 0.685546875 0.57421875 0.064453125 0.07421875
0 0.650390625 0.7421875 0.091796875 0.07421875
0 0.619140625 0.9296875 0.052734375 0.0546875
0 0.64453125 0.154296875 0.083984375 0.08984375
0 0.66015625 0.28125 0.08984375 0.06640625
0 0.609375 0.345703125 0.0625 0.08984375
0 0.673828125 0.353515625 0.08984375 0.0859375
0 0.75390625 0.322265625 0.0859375 0.09765625
0 0.673828125 0.931640625 0.068359375 0.068359375
0 0.609375 0.46875 0.083984375 0.083984375
0 0.552734375 0.333984375 0.078125 0.06640625