0 0.955078125 0.109375 0.080078125 0.06640625
0 0.98046875 0.658203125 0.0390625 0.05078125
0 0.97265625 0.9765625 0.052734375 0.044921875
0 0.982421875 0.708984375 0.03515625 0.060546875
0 0.23828125 0.369140625 0.08984375 0.05859375
0 0.17578125 0.5234375 0.06640625 0.068359375
0 0.06640625 0.44921875 0.07421875 0.0703125
0 0.02734375 0.306640625 0.0546875 0.064453125
0 0.171875 0.283203125 0.05078125 0.0390625
0 0.1328125 0.255859375 0.056640625 0.05078125
0 0.07421875 0.212890625 0.0703125 0.060546875
0 0.123046875 0.095703125 0.0703125 0.060546875
0 0.09375 0.052734375 0.072265625 0.05859375
0 0.154296875 0.365234375 0.05859375 0.04296875
0 0.140625 0.423828125 0.095703125 0.0703125
0 0.091796875 0.6015625 0.0703125 0.05859375
0 0.14453125 0.646484375 0.0703125 0.06640625
0 0.21875 0.638671875 0.09375 0.06640625
0 0.271484375 0.720703125 0.06640625 0.072265625
0 0.1953125 0.703125 0.091796875 0.0703125
0 0.1328125 0.75 0.068359375 0.0703125
0 0.1875 0.787109375 0.06640625 0.046875
0 0.30859375 0.82421875 0.078125 0.078125
0 0.296875 0.8984375 0.080078125 0.060546875
0 0.126953125 0.96484375 0.0546875 0.060546875
0 0.158203125 0.88671875 0.06640625 0.05859375
0 0.162109375 0.8203125 0.072265625 0.05078125
0 0.064453125 0.787109375 0.064453125 0.052734375
0 0.029296875 0.814453125 0.0546875 0.0703125
0 0.1875 0.603515625 0.07421875 0.05078125
0 0.36328125 0.51953125 0.060546875 0.068359375
0 0.3046875 0.49609375 0.0625 0.1015625
0 0.01953125 0.41015625 0.0390625 0.0625