0 0.07421875 0.142578125 0.103515625 0.091796875
0 0.23046875 0.177734375 0.12109375 0.099609375
0 0.412109375 0.24609375 0.076171875 0.072265625
0 0.40625 0.330078125 0.091796875 0.068359375
0 0.408203125 0.412109375 0.10546875 0.0859375
0 0.404296875 0.498046875 0.09765625 0.0859375
0 0.3984375 0.58203125 0.09765625 0.0859375
0 0.390625 0.669921875 0.087890625 0.080078125
0 0.390625 0.7421875 0.087890625 0.07421875
0 0.384765625 0.83203125 0.095703125 0.083984375
0 0.384765625 0.916015625 0.072265625 0.08203125
0 0.37109375 0.9765625 0.0625 0.044921875
0 0.505859375 0.919921875 0.056640625 0.0859375
0 0.4453125 0.970703125 0.0859375 0.05859375
0 0.58203125 0.970703125 0.111328125 0.05859375
0 0.736328125 0.80859375 0.08203125 0.087890625
0 0.212890625 0.0234375 0.107421875 0.046875