0 0.638671875 0.37890625 0.05859375 0.05078125
0 0.6015625 0.521484375 0.060546875 0.056640625
0 0.6015625 0.56640625 0.048828125 0.0546875
0 0.6328125 0.625 0.052734375 0.0625
0 0.701171875 0.525390625 0.052734375 0.056640625
0 0.669921875 0.484375 0.060546875 0.05078125
0 0.576171875 0.275390625 0.064453125 0.052734375
0 0.509765625 0.169921875 0.056640625 0.07421875
0 0.529296875 0.08984375 0.05859375 0.0546875
0 0.470703125 0.072265625 0.0703125 0.083984375
0 0.513671875 0.30078125 0.048828125 0.060546875
0 0.556640625 0.328125 0.064453125 0.046875
0 0.53515625 0.21875 0.05078125 0.046875
0 0.56640625 0.185546875 0.052734375 0.07421875
0 0.71484375 0.66796875 0.072265625 0.07421875
0 0.712890625 0.7578125 0.064453125 0.076171875
0 0.716796875 0.83984375 0.0546875 0.06640625
0 0.736328125 0.9765625 0.05859375 0.046875
0 0.728515625 0.923828125 0.05859375 0.0625
0 0.70703125 0.609375 0.06640625 0.07421875