0 0.234375 0.65234375 0.099609375 0.08203125
0 0.228515625 0.521484375 0.080078125 0.083984375
0 0.07421875 0.5078125 0.09765625 0.064453125
0 0.02734375 0.59375 0.052734375 0.0703125
0 0.37109375 0.55078125 0.068359375 0.07421875
0 0.416015625 0.658203125 0.08203125 0.087890625
0 0.525390625 0.58984375 0.087890625 0.09375
0 0.666015625 0.63671875 0.080078125 0.0703125
0 0.59765625 0.7109375 0.080078125 0.099609375
0 0.771484375 0.708984375 0.072265625 0.076171875
0 0.9375 0.751953125 0.060546875 0.080078125
0 0.869140625 0.205078125 0.087890625 0.099609375
0 0.853515625 0.341796875 0.08984375 0.06640625
0 0.712890625 0.263671875 0.083984375 0.072265625
0 0.6953125 0.109375 0.0859375 0.083984375
0 0.623046875 0.072265625 0.083984375 0.06640625
0 0.548828125 0.03515625 0.080078125 0.0703125
0 0.408203125 0.068359375 0.095703125 0.078125
0 0.541015625 0.18359375 0.091796875 0.083984375
0 0.982421875 0.283203125 0.03515625 0.091796875
0 0.755859375 0.115234375 0.064453125 0.0703125
0 0.984375 0.0234375 0.03125 0.046875