0 0.658203125 0.755859375 0.046875 0.03125
0 0.724609375 0.76953125 0.0703125 0.0703125
0 0.650390625 0.84375 0.06640625 0.05859375
0 0.67578125 0.947265625 0.1015625 0.10546875
0 0.771484375 0.91015625 0.09375 0.0625
0 0.775390625 0.98046875 0.11328125 0.0390625
0 0.41015625 0.75 0.046875 0.0390625
0 0.4140625 0.70703125 0.0390625 0.046875
0 0.43359375 0.61328125 0.0859375 0.078125
0 0.4453125 0.544921875 0.0390625 0.0703125
0 0.447265625 0.462890625 0.0390625 0.0625
0 0.669921875 0.361328125 0.05859375 0.0703125
0 0.671875 0.56640625 0.0546875 0.0390625
0 0.669921875 0.533203125 0.046875 0.0390625
0 0.666015625 0.6171875 0.0390625 0.0625
0 0.666015625 0.71875 0.046875 0.046875
0 0.65625 0.6796875 0.04296875 0.0546875
0 0.650390625 0.787109375 0.0625 0.0546875
0 0.408203125 0.283203125 0.04296875 0.046875
0 0.693359375 0.427734375 0.0546875 0.05859375