0 0.533203125 0.294921875 0.078125 0.07421875
0 0.60546875 0.087890625 0.0390625 0.05859375
0 0.64453125 0.080078125 0.05859375 0.0703125
0 0.611328125 0.017578125 0.0546875 0.03125
0 0.81640625 0.263671875 0.05859375 0.046875
0 0.859375 0.25 0.0625 0.0625
0 0.826171875 0.1484375 0.05078125 0.0546875
0 0.794921875 0.0234375 0.0546875 0.046875
0 0.837890625 0.06640625 0.0703125 0.078125
0 0.94140625 0.138671875 0.046875 0.0546875
0 0.876953125 0.11328125 0.08984375 0.04296875
0 0.876953125 0.173828125 0.0703125 0.0546875
0 0.794921875 0.3828125 0.046875 0.046875
0 0.60546875 0.20703125 0.0625 0.078125
0 0.427734375 0.181640625 0.0546875 0.0390625
0 0.515625 0.19140625 0.0859375 0.0625
0 0.5234375 0.111328125 0.08203125 0.046875
0 0.546875 0.0703125 0.04296875 0.046875
0 0.67578125 0.15625 0.0703125 0.0625
0 0.74609375 0.2109375 0.0703125 0.0625
0 0.736328125 0.021484375 0.046875 0.0390625
0 0.724609375 0.046875 0.06640625 0.046875
0 0.703125 0.345703125 0.0546875 0.046875
0 0.408203125 0.3359375 0.0546875 0.0546875
0 0.408203125 0.05078125 0.0859375 0.07421875
0 0.62109375 0.447265625 0.078125 0.0703125
0 0.693359375 0.478515625 0.0703125 0.0546875
0 0.560546875 0.482421875 0.0625 0.04296875
0 0.505859375 0.359375 0.09765625 0.0859375
0 0.97265625 0.8125 0.0546875 0.046875
0 0.69140625 0.556640625 0.07421875 0.046875