0 0.138671875 0.076171875 0.076171875 0.083984375
0 0.1796875 0.234375 0.064453125 0.060546875
0 0.501953125 0.599609375 0.056640625 0.0625
0 0.5859375 0.787109375 0.0390625 0.046875
0 0.59765625 0.650390625 0.041015625 0.033203125
0 0.6015625 0.603515625 0.05078125 0.04296875
0 0.591796875 0.564453125 0.04296875 0.04296875
0 0.599609375 0.517578125 0.056640625 0.046875
0 0.58984375 0.4765625 0.04296875 0.04296875
0 0.5859375 0.4453125 0.048828125 0.0546875
0 0.537109375 0.357421875 0.037109375 0.044921875
0 0.494140625 0.30078125 0.04296875 0.044921875
0 0.453125 0.25390625 0.048828125 0.046875
0 0.44140625 0.19140625 0.04296875 0.044921875
0 0.396484375 0.20703125 0.044921875 0.04296875
0 0.3515625 0.228515625 0.048828125 0.052734375
0 0.259765625 0.169921875 0.06640625 0.068359375
0 0.1953125 0.13671875 0.064453125 0.060546875