0 0.271484375 0.544921875 0.05859375 0.05078125
0 0.29296875 0.6171875 0.068359375 0.052734375
0 0.283203125 0.693359375 0.044921875 0.052734375
0 0.349609375 0.8125 0.072265625 0.052734375
0 0.36328125 0.86328125 0.06640625 0.064453125
0 0.4140625 0.900390625 0.064453125 0.05078125
0 0.470703125 0.95703125 0.06640625 0.07421875
0 0.041015625 0.806640625 0.056640625 0.048828125
0 0.18359375 0.4375 0.05859375 0.046875
0 0.2265625 0.482421875 0.076171875 0.060546875
0 0.158203125 0.392578125 0.0625 0.060546875
0 0.107421875 0.337890625 0.05859375 0.056640625
0 0.05859375 0.28125 0.0625 0.056640625
0 0.03515625 0.365234375 0.060546875 0.056640625
0 0.04296875 0.208984375 0.056640625 0.0625
0 0.017578125 0.271484375 0.03515625 0.05859375
0 0.259765625 0.3671875 0.080078125 0.0859375
0 0.333984375 0.263671875 0.076171875 0.068359375
0 0.287109375 0.310546875 0.072265625 0.068359375
0 0.220703125 0.216796875 0.0625 0.072265625
0 0.26953125 0.171875 0.072265625 0.091796875
0 0.306640625 0.2109375 0.041015625 0.04296875
0 0.248046875 0.259765625 0.064453125 0.05078125
0 0.177734375 0.15625 0.044921875 0.052734375
0 0.09375 0.166015625 0.06640625 0.07421875
0 0.35546875 0.38671875 0.0625 0.068359375
0 0.412109375 0.57421875 0.09375 0.095703125
0 0.47265625 0.537109375 0.048828125 0.056640625
0 0.416015625 0.458984375 0.0703125 0.0859375
0 0.326171875 0.453125 0.0390625 0.04296875
0 0.1875 0.083984375 0.04296875 0.041015625
0 0.12890625 0.025390625 0.08203125 0.05078125
0 0.279296875 0.076171875 0.068359375 0.056640625
0 0.24609375 0.017578125 0.080078125 0.03515625
0 0.3046875 0.009765625 0.068359375 0.01953125
0 0.345703125 0.078125 0.060546875 0.0625
0 0.376953125 0.162109375 0.072265625 0.064453125
0 0.41796875 0.107421875 0.068359375 0.07421875
0 0.421875 0.244140625 0.08203125 0.091796875
0 0.466796875 0.326171875 0.087890625 0.076171875
0 0.408203125 0.353515625 0.0703125 0.07421875
0 0.533203125 0.408203125 0.087890625 0.099609375
0 0.49609375 0.24609375 0.0625 0.060546875
0 0.587890625 0.18359375 0.0859375 0.076171875
0 0.626953125 0.271484375 0.078125 0.07421875
0 0.56640625 0.248046875 0.046875 0.052734375
0 0.58203125 0.291015625 0.03515625 0.048828125
0 0.609375 0.3359375 0.046875 0.0546875
0 0.67578125 0.34375 0.078125 0.05859375
0 0.609375 0.509765625 0.076171875 0.087890625
0 0.490234375 0.630859375 0.076171875 0.083984375
0 0.54296875 0.705078125 0.064453125 0.078125
0 0.474609375 0.80859375 0.048828125 0.046875
0 0.4921875 0.740234375 0.064453125 0.056640625
0 0.525390625 0.806640625 0.076171875 0.0703125
0 0.490234375 0.8828125 0.06640625 0.048828125
0 0.21875 0.94921875 0.0546875 0.0390625
0 0.130859375 0.78515625 0.083984375 0.048828125
0 0.2109375 0.767578125 0.08984375 0.056640625
0 0.599609375 0.79296875 0.072265625 0.072265625
0 0.685546875 0.900390625 0.08984375 0.068359375
0 0.759765625 0.783203125 0.08203125 0.080078125
0 0.685546875 0.826171875 0.072265625 0.064453125
0 0.810546875 0.919921875 0.083984375 0.078125
0 0.580078125 0.970703125 0.091796875 0.05859375
0 0.87109375 0.87109375 0.05859375 0.06640625
0 0.943359375 0.9765625 0.05078125 0.046875
0 0.982421875 0.955078125 0.03515625 0.048828125
0 0.9765625 0.78125 0.046875 0.052734375
0 0.9765625 0.7265625 0.046875 0.0546875
0 0.8828125 0.681640625 0.0625 0.056640625
0 0.912109375 0.71875 0.0625 0.0546875
0 0.85546875 0.638671875 0.068359375 0.060546875
0 0.814453125 0.603515625 0.064453125 0.052734375
0 0.697265625 0.63671875 0.07421875 0.07421875
0 0.7734375 0.53515625 0.076171875 0.078125
0 0.736328125 0.4375 0.080078125 0.080078125
0 0.869140625 0.365234375 0.0859375 0.0625
0 0.966796875 0.52734375 0.05859375 0.0625
0 0.83984375 0.298828125 0.046875 0.0390625
0 0.767578125 0.19140625 0.076171875 0.0859375
0 0.947265625 0.193359375 0.09765625 0.087890625
0 0.83203125 0.083984375 0.060546875 0.0546875
0 0.87890625 0.03515625 0.068359375 0.064453125
0 0.662109375 0.125 0.0703125 0.05078125
0 0.546875 0.125 0.0703125 0.060546875
0 0.505859375 0.109375 0.044921875 0.06640625
0 0.509765625 0.056640625 0.083984375 0.052734375
0 0.46875 0.017578125 0.111328125 0.03515625
0 0.10546875 0.095703125 0.06640625 0.044921875
0 0.033203125 0.0078125 0.064453125 0.015625
0 0.03125 0.466796875 0.0625 0.0625
0 0.56640625 0.013671875 0.0625 0.02734375
0 0.64453125 0.03515625 0.07421875 0.06640625
0 0.685546875 0.068359375 0.068359375 0.064453125
0 0.853515625 0.771484375 0.05859375 0.044921875
0 0.810546875 0.701171875 0.06640625 0.046875
0 0.75 0.62890625 0.056640625 0.060546875
0 0.083984375 0.9609375 0.09765625 0.078125
0 0.29296875 0.966796875 0.0546875 0.046875
0 0.248046875 0.984375 0.0546875 0.029296875
0 0.3671875 0.984375 0.044921875 0.029296875
0 0.322265625 0.98828125 0.05078125 0.0234375
0 0.2578125 0.8984375 0.056640625 0.0546875