0 0.462890625 0.009765625 0.05078125 0.017578125
0 0.45703125 0.046875 0.041015625 0.048828125
0 0.44921875 0.10546875 0.052734375 0.041015625
0 0.431640625 0.140625 0.04296875 0.03515625
0 0.43359375 0.205078125 0.06640625 0.072265625
0 0.421875 0.310546875 0.064453125 0.068359375
0 0.423828125 0.404296875 0.0703125 0.072265625
0 0.421875 0.525390625 0.046875 0.052734375
0 0.369140625 0.87890625 0.05859375 0.05859375
0 0.39453125 0.64453125 0.0546875 0.056640625
0 0.349609375 0.966796875 0.07421875 0.06640625