0 0.3671875 0.26953125 0.1015625 0.1015625
0 0.408203125 0.505859375 0.109375 0.11328125
0 0.482421875 0.779296875 0.109375 0.109375
0 0.04296875 0.9140625 0.08203125 0.10546875
0 0.349609375 0.8359375 0.0390625 0.046875
0 0.396484375 0.87890625 0.0703125 0.05078125
0 0.412109375 0.93359375 0.078125 0.0625
0 0.43359375 0.9765625 0.08203125 0.046875
0 0.6953125 0.4140625 0.09375 0.09765625
0 0.615234375 0.140625 0.0859375 0.0859375
0 0.8046875 0.64453125 0.06640625 0.0703125
0 0.876953125 0.8359375 0.0859375 0.0859375