0 0.583984375 0.833984375 0.09375 0.078125
0 0.18359375 0.458984375 0.07421875 0.0859375
0 0.173828125 0.34375 0.0859375 0.0859375
0 0.1484375 0.216796875 0.0703125 0.0703125
0 0.12890625 0.10546875 0.05859375 0.0703125
0 0.298828125 0.892578125 0.0859375 0.1015625
0 0.232421875 0.693359375 0.078125 0.0703125
0 0.19921875 0.5703125 0.07421875 0.07421875
0 0.49609375 0.62109375 0.1015625 0.0703125
0 0.419921875 0.37109375 0.09375 0.078125
0 0.34375 0.982421875 0.0859375 0.03515625
0 0.1171875 0.015625 0.0625 0.03125