0 0.814453125 0.591796875 0.06640625 0.046875
0 0.78125 0.486328125 0.0703125 0.0625
0 0.76171875 0.400390625 0.0625 0.0625
0 0.724609375 0.287109375 0.046875 0.05859375
0 0.734375 0.029296875 0.0546875 0.03515625
0 0.734375 0.189453125 0.0625 0.046875
0 0.708984375 0.23828125 0.046875 0.0390625
0 0.8203125 0.65234375 0.0703125 0.0546875
0 0.826171875 0.703125 0.06640625 0.046875
0 0.7734375 0.951171875 0.05859375 0.07421875
0 0.830078125 0.775390625 0.0625 0.046875
0 0.802734375 0.828125 0.06640625 0.0546875
0 0.728515625 0.060546875 0.0703125 0.0390625
0 0.724609375 0.125 0.09375 0.0703125