0 0.86328125 0.201171875 0.046875 0.060546875
0 0.908203125 0.216796875 0.06640625 0.052734375
0 0.90625 0.26171875 0.0390625 0.037109375
0 0.935546875 0.29296875 0.056640625 0.046875
0 0.96484375 0.337890625 0.05859375 0.0546875
0 0.810546875 0.10546875 0.044921875 0.037109375
0 0.845703125 0.15234375 0.060546875 0.04296875
0 0.767578125 0.068359375 0.0546875 0.046875
0 0.783203125 0.751953125 0.056640625 0.05078125
0 0.81640625 0.9453125 0.064453125 0.052734375
0 0.884765625 0.9296875 0.06640625 0.064453125
0 0.775390625 0.87109375 0.05859375 0.076171875
0 0.876953125 0.72265625 0.044921875 0.068359375
0 0.81640625 0.697265625 0.068359375 0.0625
0 0.951171875 0.984375 0.060546875 0.03125
0 0.91796875 0.958984375 0.0625 0.060546875
0 0.982421875 0.92578125 0.03515625 0.04296875
0 0.890625 0.330078125 0.041015625 0.04296875
0 0.822265625 0.26953125 0.04296875 0.03515625
0 0.810546875 0.984375 0.068359375 0.03125