0 0.228515625 0.3671875 0.08984375 0.087890625
0 0.0390625 0.361328125 0.078125 0.078125
0 0.0234375 0.2734375 0.046875 0.0859375
0 0.11328125 0.48046875 0.091796875 0.06640625
0 0.18359375 0.693359375 0.08984375 0.05859375
0 0.11328125 0.751953125 0.087890625 0.064453125
0 0.125 0.828125 0.068359375 0.060546875
0 0.130859375 0.892578125 0.080078125 0.0625
0 0.205078125 0.826171875 0.0625 0.087890625
0 0.236328125 0.9453125 0.080078125 0.080078125
0 0.15234375 0.9453125 0.072265625 0.05078125
0 0.0390625 0.60546875 0.064453125 0.044921875
0 0.318359375 0.5625 0.08203125 0.1015625
0 0.279296875 0.458984375 0.09375 0.0859375
0 0.146484375 0.212890625 0.099609375 0.08984375
0 0.087890625 0.068359375 0.09765625 0.09375
0 0.47265625 0.05859375 0.072265625 0.072265625
0 0.37890625 0.6875 0.078125 0.0859375
0 0.408203125 0.791015625 0.080078125 0.091796875
0 0.4375 0.900390625 0.078125 0.06640625
0 0.48046875 0.978515625 0.09375 0.04296875
0 0.615234375 0.708984375 0.091796875 0.080078125
0 0.521484375 0.560546875 0.0625 0.0703125
0 0.46484375 0.216796875 0.060546875 0.078125
0 0.5078125 0.15625 0.0546875 0.060546875
0 0.548828125 0.181640625 0.052734375 0.072265625
0 0.560546875 0.498046875 0.06640625 0.0625
0 0.615234375 0.59375 0.099609375 0.103515625
0 0.73046875 0.904296875 0.068359375 0.0703125
0 0.734375 0.96484375 0.083984375 0.068359375
0 0.5546875 0.33984375 0.08203125 0.068359375
0 0.67578125 0.302734375 0.0859375 0.08203125
0 0.640625 0.248046875 0.07421875 0.07421875
0 0.591796875 0.083984375 0.083984375 0.083984375
0 0.728515625 0.21875 0.08984375 0.09375
0 0.830078125 0.19140625 0.080078125 0.1015625
0 0.814453125 0.03515625 0.09765625 0.0625
0 0.82421875 0.326171875 0.0859375 0.10546875
0 0.712890625 0.396484375 0.10546875 0.083984375
0 0.638671875 0.46484375 0.078125 0.09375
0 0.73828125 0.490234375 0.08203125 0.091796875
0 0.76171875 0.84765625 0.076171875 0.06640625
0 0.8359375 0.7109375 0.0703125 0.060546875
0 0.82421875 0.654296875 0.0625 0.05078125
0 0.853515625 0.494140625 0.08984375 0.0859375
0 0.90234375 0.365234375 0.06640625 0.072265625
0 0.8984375 0.26953125 0.0625 0.072265625
0 0.90625 0.201171875 0.0625 0.06640625
0 0.890625 0.13671875 0.0625 0.060546875
0 0.884765625 0.064453125 0.052734375 0.0703125
0 0.94921875 0.087890625 0.056640625 0.0703125
0 0.9375 0.12890625 0.052734375 0.056640625
0 0.96484375 0.185546875 0.0546875 0.0625
0 0.9765625 0.251953125 0.044921875 0.064453125
0 0.958984375 0.341796875 0.05859375 0.083984375
0 0.9375 0.42578125 0.072265625 0.0625
0 0.927734375 0.501953125 0.0546875 0.064453125
0 0.974609375 0.482421875 0.05078125 0.068359375
0 0.88671875 0.58984375 0.072265625 0.095703125
0 0.943359375 0.568359375 0.06640625 0.052734375
0 0.955078125 0.654296875 0.08984375 0.09375
0 0.974609375 0.734375 0.05078125 0.08984375
0 0.908203125 0.923828125 0.0546875 0.0546875
0 0.908203125 0.87109375 0.0546875 0.046875
0 0.8828125 0.783203125 0.056640625 0.0703125
0 0.91796875 0.9765625 0.060546875 0.046875
0 0.984375 0.06640625 0.029296875 0.064453125
0 0.15625 0.98046875 0.056640625 0.037109375