0 0.76171875 0.861328125 0.0546875 0.046875
0 0.744140625 0.76953125 0.0625 0.05859375
0 0.736328125 0.67578125 0.0546875 0.05859375
0 0.732421875 0.58984375 0.06640625 0.0546875
0 0.7109375 0.48046875 0.06640625 0.0625
0 0.73828125 0.4296875 0.0546875 0.0546875
0 0.671875 0.43359375 0.078125 0.078125
0 0.685546875 0.37109375 0.0625 0.0625
0 0.640625 0.146484375 0.078125 0.0625
0 0.6328125 0.0859375 0.06640625 0.0625
0 0.62890625 0.03125 0.0625 0.0625
0 0.529296875 0.125 0.06640625 0.046875
0 0.576171875 0.177734375 0.05859375 0.04296875
0 0.634765625 0.244140625 0.05078125 0.046875
0 0.69921875 0.3125 0.046875 0.0390625
0 0.24609375 0.646484375 0.05859375 0.0703125
0 0.19140625 0.193359375 0.05078125 0.05859375
0 0.2109375 0.302734375 0.04296875 0.0546875
0 0.26171875 0.953125 0.046875 0.03515625
0 0.255859375 0.92578125 0.046875 0.03125
0 0.2578125 0.880859375 0.0390625 0.0390625
0 0.22265625 0.84375 0.046875 0.02734375
0 0.212890625 0.806640625 0.046875 0.0390625
0 0.193359375 0.7890625 0.0390625 0.03125
0 0.1953125 0.755859375 0.046875 0.04296875
0 0.18359375 0.716796875 0.046875 0.046875
0 0.177734375 0.677734375 0.046875 0.0390625
0 0.1796875 0.638671875 0.046875 0.046875
0 0.181640625 0.611328125 0.04296875 0.03125
0 0.185546875 0.58984375 0.046875 0.03515625
0 0.1875 0.564453125 0.046875 0.0390625
0 0.19140625 0.541015625 0.0390625 0.03125
0 0.19140625 0.51171875 0.0546875 0.0390625
0 0.23046875 0.51171875 0.0390625 0.0546875
0 0.185546875 0.427734375 0.0546875 0.046875
0 0.21875 0.416015625 0.046875 0.046875
0 0.18359375 0.3984375 0.0546875 0.046875
0 0.181640625 0.361328125 0.046875 0.046875
0 0.1796875 0.3203125 0.046875 0.0546875
0 0.1796875 0.279296875 0.046875 0.046875
0 0.171875 0.236328125 0.046875 0.046875
0 0.162109375 0.158203125 0.0390625 0.0546875
0 0.16015625 0.115234375 0.046875 0.0390625
0 0.15234375 0.07421875 0.0625 0.05859375
0 0.150390625 0.02734375 0.046875 0.05078125
0 0.466796875 0.025390625 0.0546875 0.05078125