0 0.59765625 0.32421875 0.068359375 0.060546875
0 0.5859375 0.3984375 0.068359375 0.060546875
0 0.6328125 0.220703125 0.060546875 0.052734375
0 0.869140625 0.0703125 0.056640625 0.0546875
0 0.873046875 0.015625 0.05859375 0.029296875
0 0.853515625 0.154296875 0.076171875 0.0703125
0 0.841796875 0.23046875 0.060546875 0.064453125
0 0.796875 0.625 0.044921875 0.052734375
0 0.755859375 0.62890625 0.041015625 0.05078125
0 0.76171875 0.55078125 0.052734375 0.046875
0 0.798828125 0.51953125 0.05859375 0.060546875
0 0.802734375 0.75390625 0.064453125 0.076171875
0 0.81640625 0.41015625 0.068359375 0.072265625
0 0.83984375 0.3203125 0.0625 0.064453125
0 0.8984375 0.314453125 0.048828125 0.041015625