0 0.07421875 0.046875 0.05078125 0.0546875
0 0.103515625 0.08984375 0.064453125 0.05859375
0 0.130859375 0.197265625 0.0625 0.064453125
0 0.166015625 0.333984375 0.07421875 0.06640625
0 0.052734375 0.474609375 0.08203125 0.076171875
0 0.2109375 0.48828125 0.080078125 0.06640625
0 0.26953125 0.65625 0.072265625 0.0625
0 0.30078125 0.763671875 0.072265625 0.06640625
0 0.255859375 0.755859375 0.05859375 0.044921875
0 0.1796875 0.810546875 0.068359375 0.072265625
0 0.119140625 0.939453125 0.078125 0.076171875
0 0.314453125 0.857421875 0.068359375 0.064453125
0 0.328125 0.96484375 0.072265625 0.068359375
0 0.0546875 0.755859375 0.080078125 0.0703125
0 0.025390625 0.658203125 0.048828125 0.09375
0 0.01953125 0.251953125 0.0390625 0.06640625
0 0.01171875 0.169921875 0.0234375 0.056640625
0 0.396484375 0.08984375 0.09375 0.080078125
0 0.43359375 0.134765625 0.083984375 0.078125
0 0.46484375 0.185546875 0.103515625 0.078125
0 0.359375 0.02734375 0.15234375 0.0546875
0 0.50390625 0.240234375 0.09375 0.052734375
0 0.53125 0.2890625 0.07421875 0.060546875
0 0.5625 0.34765625 0.095703125 0.068359375
0 0.58984375 0.396484375 0.09375 0.0625
0 0.630859375 0.44921875 0.07421875 0.0703125
0 0.611328125 0.49609375 0.0859375 0.064453125
0 0.595703125 0.55078125 0.06640625 0.0625
0 0.6015625 0.611328125 0.060546875 0.06640625
0 0.599609375 0.66796875 0.07421875 0.072265625
0 0.654296875 0.67578125 0.05859375 0.0625
0 0.63671875 0.7265625 0.087890625 0.064453125
0 0.6953125 0.7265625 0.0546875 0.08203125
0 0.697265625 0.544921875 0.044921875 0.044921875
0 0.736328125 0.515625 0.0703125 0.07421875
0 0.77734375 0.66015625 0.107421875 0.068359375
0 0.8203125 0.70703125 0.10546875 0.064453125
0 0.8515625 0.76171875 0.076171875 0.07421875
0 0.884765625 0.791015625 0.052734375 0.052734375
0 0.9453125 0.763671875 0.0546875 0.056640625
0 0.953125 0.8671875 0.09375 0.060546875
0 0.9609375 0.927734375 0.078125 0.080078125
0 0.978515625 0.828125 0.04296875 0.072265625
0 0.912109375 0.826171875 0.048828125 0.044921875
0 0.87890625 0.216796875 0.0703125 0.072265625
0 0.90625 0.30078125 0.078125 0.083984375
0 0.908203125 0.5859375 0.05859375 0.0703125
0 0.935546875 0.681640625 0.05859375 0.056640625
0 0.97265625 0.734375 0.0546875 0.0859375
0 0.98046875 0.66015625 0.0390625 0.05078125
0 0.978515625 0.625 0.041015625 0.0390625
0 0.97265625 0.57421875 0.0546875 0.060546875
0 0.951171875 0.509765625 0.0625 0.060546875
0 0.8828125 0.49609375 0.056640625 0.0625
0 0.921875 0.44921875 0.060546875 0.060546875
0 0.892578125 0.384765625 0.087890625 0.07421875
0 0.83984375 0.447265625 0.05859375 0.0625
0 0.794921875 0.380859375 0.056640625 0.060546875
0 0.763671875 0.322265625 0.056640625 0.060546875
0 0.724609375 0.240234375 0.056640625 0.0546875
0 0.82421875 0.24609375 0.087890625 0.072265625
0 0.79296875 0.19140625 0.08984375 0.078125
0 0.693359375 0.16796875 0.068359375 0.064453125
0 0.65234375 0.083984375 0.060546875 0.056640625
0 0.763671875 0.125 0.083984375 0.078125
0 0.740234375 0.05859375 0.087890625 0.072265625
0 0.78125 0.02734375 0.0703125 0.0546875
0 0.712890625 0.013671875 0.06640625 0.02734375
0 0.6171875 0.013671875 0.0625 0.02734375
0 0.751953125 0.7265625 0.052734375 0.080078125
0 0.794921875 0.7890625 0.083984375 0.0625
0 0.740234375 0.607421875 0.12890625 0.107421875
0 0.849609375 0.171875 0.078125 0.06640625