0 0.099609375 0.4375 0.076171875 0.08203125
0 0.0703125 0.35546875 0.076171875 0.068359375
0 0.111328125 0.51953125 0.07421875 0.064453125
0 0.123046875 0.591796875 0.078125 0.068359375
0 0.119140625 0.666015625 0.080078125 0.076171875
0 0.125 0.728515625 0.078125 0.0546875
0 0.140625 0.79296875 0.072265625 0.080078125
0 0.162109375 0.859375 0.068359375 0.0546875
0 0.119140625 0.90234375 0.0703125 0.046875
0 0.130859375 0.94140625 0.064453125 0.05078125
0 0.14453125 0.982421875 0.06640625 0.03515625
0 0.193359375 0.9140625 0.076171875 0.060546875
0 0.21484375 0.986328125 0.0703125 0.02734375
0 0.19921875 0.958984375 0.07421875 0.041015625
0 0.025390625 0.3984375 0.048828125 0.04296875
0 0.015625 0.349609375 0.029296875 0.0390625
0 0.67578125 0.16796875 0.0546875 0.0625
0 0.75390625 0.224609375 0.072265625 0.07421875
0 0.701171875 0.26171875 0.064453125 0.068359375
0 0.6640625 0.435546875 0.06640625 0.060546875
0 0.705078125 0.396484375 0.052734375 0.046875
0 0.61328125 0.15625 0.0546875 0.056640625
0 0.6640625 0.095703125 0.052734375 0.05078125
0 0.6171875 0.0703125 0.05078125 0.0625
0 0.5703125 0.037109375 0.06640625 0.0625
0 0.517578125 0.060546875 0.060546875 0.05859375
0 0.716796875 0.498046875 0.068359375 0.046875
0 0.716796875 0.4453125 0.046875 0.05078125
0 0.693359375 0.58203125 0.068359375 0.052734375
0 0.642578125 0.529296875 0.0546875 0.0390625
0 0.70703125 0.537109375 0.05859375 0.048828125
0 0.716796875 0.337890625 0.056640625 0.056640625
0 0.720703125 0.30859375 0.041015625 0.044921875
0 0.640625 0.341796875 0.041015625 0.04296875
0 0.6796875 0.30859375 0.04296875 0.037109375
0 0.763671875 0.068359375 0.060546875 0.0625
0 0.701171875 0.68359375 0.048828125 0.041015625
0 0.7421875 0.63671875 0.03125 0.0390625
0 0.712890625 0.654296875 0.037109375 0.033203125
0 0.7109375 0.73046875 0.0859375 0.048828125
0 0.716796875 0.775390625 0.07421875 0.060546875
0 0.734375 0.810546875 0.044921875 0.0390625
0 0.73828125 0.87109375 0.05078125 0.041015625
0 0.744140625 0.9296875 0.046875 0.056640625
0 0.6953125 0.982421875 0.0390625 0.03515625
0 0.013671875 0.30078125 0.025390625 0.041015625