0 0.556640625 0.369140625 0.064453125 0.07421875
0 0.478515625 0.171875 0.04296875 0.048828125
0 0.732421875 0.44921875 0.111328125 0.1015625
0 0.54296875 0.556640625 0.107421875 0.080078125
0 0.5625 0.76953125 0.1015625 0.078125
0 0.546875 0.931640625 0.064453125 0.041015625
0 0.76953125 0.845703125 0.06640625 0.068359375
0 0.7421875 0.91796875 0.05859375 0.048828125
0 0.599609375 0.21484375 0.044921875 0.0390625
0 0.60546875 0.173828125 0.037109375 0.0390625
0 0.564453125 0.14453125 0.052734375 0.052734375
0 0.615234375 0.14453125 0.056640625 0.044921875
0 0.623046875 0.0859375 0.048828125 0.046875
0 0.62109375 0.04296875 0.0390625 0.0390625
0 0.6328125 0.013671875 0.064453125 0.025390625
0 0.607421875 0.248046875 0.044921875 0.029296875
0 0.595703125 0.279296875 0.046875 0.029296875
0 0.58984375 0.306640625 0.05078125 0.02734375
0 0.59375 0.337890625 0.04296875 0.046875
0 0.3671875 0.4921875 0.05078125 0.04296875
0 0.37109375 0.45703125 0.041015625 0.0390625
0 0.392578125 0.591796875 0.044921875 0.052734375