0 0.96484375 0.724609375 0.068359375 0.078125
0 0.98046875 0.671875 0.0390625 0.056640625
0 0.984375 0.603515625 0.029296875 0.068359375
0 0.943359375 0.822265625 0.0703125 0.06640625
0 0.955078125 0.775390625 0.0546875 0.0546875
0 0.923828125 0.896484375 0.080078125 0.05859375
0 0.908203125 0.94921875 0.0625 0.0703125
0 0.89453125 0.986328125 0.048828125 0.02734375
0 0.96875 0.3671875 0.0390625 0.048828125
0 0.8515625 0.5703125 0.05078125 0.052734375
0 0.435546875 0.048828125 0.0546875 0.046875
0 0.392578125 0.076171875 0.046875 0.04296875
0 0.34765625 0.095703125 0.037109375 0.048828125
0 0.388671875 0.125 0.0546875 0.056640625
0 0.349609375 0.181640625 0.03515625 0.04296875
0 0.322265625 0.21484375 0.05859375 0.03125
0 0.302734375 0.26171875 0.05859375 0.05078125
0 0.255859375 0.322265625 0.0546875 0.068359375
0 0.2265625 0.4375 0.05078125 0.064453125
0 0.1796875 0.47265625 0.048828125 0.03515625
0 0.15625 0.505859375 0.04296875 0.046875
0 0.140625 0.54296875 0.041015625 0.037109375
0 0.150390625 0.59375 0.037109375 0.0546875
0 0.115234375 0.57421875 0.0390625 0.05078125
0 0.1015625 0.61328125 0.041015625 0.03515625
0 0.08203125 0.65625 0.046875 0.046875
0 0.0703125 0.72265625 0.052734375 0.068359375
0 0.037109375 0.75 0.048828125 0.048828125
0 0.037109375 0.80859375 0.0390625 0.0546875
0 0.0234375 0.78515625 0.03125 0.02734375
0 0.01171875 0.84765625 0.0234375 0.078125
0 0.052734375 0.650390625 0.0390625 0.056640625