0 0.404296875 0.173828125 0.052734375 0.060546875
0 0.33203125 0.17578125 0.091796875 0.083984375
0 0.373046875 0.0625 0.072265625 0.060546875
0 0.36328125 0.263671875 0.0625 0.076171875
0 0.384765625 0.353515625 0.068359375 0.080078125
0 0.330078125 0.537109375 0.0625 0.056640625
0 0.3125 0.587890625 0.05078125 0.052734375
0 0.419921875 0.49609375 0.0546875 0.046875
0 0.384765625 0.509765625 0.052734375 0.046875
0 0.419921875 0.712890625 0.07421875 0.060546875
0 0.416015625 0.783203125 0.056640625 0.05078125
0 0.4296875 0.861328125 0.05859375 0.0546875
0 0.421875 0.58984375 0.04296875 0.04296875
0 0.427734375 0.62890625 0.048828125 0.048828125
0 0.380859375 0.654296875 0.060546875 0.037109375
0 0.447265625 0.953125 0.06640625 0.0625
0 0.330078125 0.494140625 0.064453125 0.056640625
0 0.37109375 0.478515625 0.048828125 0.041015625
0 0.421875 0.447265625 0.048828125 0.044921875
0 0.404296875 0.255859375 0.05078125 0.052734375
0 0.37890625 0.568359375 0.060546875 0.076171875
0 0.42578125 0.548828125 0.044921875 0.0703125