0 0.607421875 0.09375 0.06640625 0.06640625
0 0.693359375 0.140625 0.080078125 0.0859375
0 0.779296875 0.123046875 0.072265625 0.080078125
0 0.837890625 0.228515625 0.0625 0.05859375
0 0.86328125 0.326171875 0.0546875 0.06640625
0 0.880859375 0.4375 0.076171875 0.064453125
0 0.921875 0.548828125 0.06640625 0.064453125
0 0.96484375 0.63671875 0.0703125 0.072265625
0 0.984375 0.697265625 0.03125 0.06640625
0 0.982421875 0.79296875 0.03515625 0.068359375
0 0.96484375 0.900390625 0.0625 0.064453125
0 0.83203125 0.9453125 0.078125 0.060546875
0 0.8125 0.755859375 0.078125 0.064453125
0 0.685546875 0.685546875 0.0703125 0.06640625
0 0.72265625 0.884765625 0.064453125 0.0625
0 0.654296875 0.482421875 0.08203125 0.08984375
0 0.796875 0.55078125 0.0625 0.07421875
0 0.837890625 0.580078125 0.0546875 0.06640625
0 0.7734375 0.3515625 0.072265625 0.068359375
0 0.6484375 0.294921875 0.06640625 0.06640625