0 0.40625 0.33984375 0.0546875 0.06640625
0 0.4609375 0.37109375 0.06640625 0.0859375
0 0.51171875 0.333984375 0.07421875 0.08203125
0 0.603515625 0.361328125 0.09375 0.09765625
0 0.552734375 0.123046875 0.06640625 0.078125
0 0.453125 0.060546875 0.0703125 0.078125
0 0.390625 0.076171875 0.09765625 0.09765625
0 0.705078125 0.3203125 0.0703125 0.0703125
0 0.791015625 0.595703125 0.0625 0.078125
0 0.841796875 0.763671875 0.06640625 0.0546875
0 0.546875 0.8515625 0.0703125 0.0625
0 0.6015625 0.88671875 0.078125 0.078125
0 0.599609375 0.98828125 0.05078125 0.0234375