0 0.466796875 0.09765625 0.0703125 0.078125
0 0.4296875 0.4453125 0.078125 0.0546875
0 0.263671875 0.41015625 0.0703125 0.0703125
0 0.4765625 0.353515625 0.046875 0.05859375
0 0.521484375 0.84765625 0.0859375 0.0703125
0 0.369140625 0.330078125 0.078125 0.0703125
0 0.02734375 0.345703125 0.046875 0.046875
0 0.03125 0.64453125 0.0625 0.0625
0 0.02734375 0.685546875 0.0546875 0.05859375
0 0.18359375 0.083984375 0.0703125 0.0390625
0 0.015625 0.193359375 0.03125 0.03125
0 0.017578125 0.232421875 0.03125 0.03515625