0 0.220703125 0.373046875 0.0703125 0.08203125
0 0.1875 0.517578125 0.05859375 0.05859375
0 0.150390625 0.46875 0.06640625 0.0625
0 0.154296875 0.689453125 0.0859375 0.08203125
0 0.107421875 0.865234375 0.0703125 0.0625
0 0.16796875 0.982421875 0.0703125 0.03515625
0 0.513671875 0.623046875 0.0625 0.0546875
0 0.265625 0.083984375 0.0625 0.0546875
0 0.244140625 0.240234375 0.046875 0.046875
0 0.05078125 0.3125 0.06640625 0.0625
0 0.109375 0.4140625 0.05859375 0.0546875
0 0.078125 0.458984375 0.0546875 0.05859375
0 0.048828125 0.38671875 0.0390625 0.046875
0 0.03125 0.421875 0.0546875 0.0546875