0 0.869140625 0.22265625 0.064453125 0.076171875
0 0.9375 0.169921875 0.056640625 0.0546875
0 0.96875 0.34375 0.0625 0.0703125
0 0.970703125 0.392578125 0.05078125 0.056640625
0 0.90234375 0.474609375 0.0703125 0.064453125
0 0.96484375 0.45703125 0.060546875 0.05859375
0 0.9765625 0.525390625 0.046875 0.08203125
0 0.9765625 0.646484375 0.046875 0.05078125
0 0.927734375 0.732421875 0.06640625 0.078125
0 0.9375 0.01953125 0.0546875 0.0390625
0 0.96875 0.0703125 0.0625 0.080078125
0 0.982421875 0.1875 0.03515625 0.064453125
0 0.921875 0.267578125 0.05078125 0.05859375
0 0.373046875 0.564453125 0.05859375 0.056640625
0 0.3984375 0.66015625 0.080078125 0.07421875
0 0.369140625 0.69921875 0.05859375 0.05859375
0 0.08984375 0.849609375 0.072265625 0.0625
0 0.048828125 0.826171875 0.05078125 0.048828125
0 0.03515625 0.861328125 0.052734375 0.0390625
0 0.37109375 0.482421875 0.07421875 0.06640625
0 0.990234375 0.6875 0.01953125 0.03515625
0 0.935546875 0.5234375 0.046875 0.0546875