0 0.529296875 0.958984375 0.06640625 0.06640625
0 0.501953125 0.8828125 0.0625 0.0625
0 0.45703125 0.791015625 0.078125 0.0546875
0 0.4296875 0.720703125 0.07421875 0.0546875
0 0.396484375 0.65625 0.0703125 0.05859375
0 0.369140625 0.5703125 0.0859375 0.0703125
0 0.333984375 0.47265625 0.0703125 0.0625
0 0.30078125 0.384765625 0.0703125 0.0625
0 0.294921875 0.306640625 0.06640625 0.05859375
0 0.267578125 0.23046875 0.0625 0.0625
0 0.244140625 0.16796875 0.0625 0.05078125
0 0.2265625 0.111328125 0.0625 0.0546875
0 0.166015625 0.130859375 0.06640625 0.0625
0 0.169921875 0.255859375 0.0625 0.0546875
0 0.197265625 0.048828125 0.06640625 0.0546875