0 0.732421875 0.35546875 0.078125 0.0703125
0 0.755859375 0.048828125 0.0625 0.05859375
0 0.92578125 0.46484375 0.0703125 0.06640625
0 0.736328125 0.953125 0.0703125 0.06640625
0 0.814453125 0.970703125 0.0703125 0.046875
0 0.76953125 0.8984375 0.0703125 0.05859375
0 0.736328125 0.689453125 0.0625 0.0703125
0 0.328125 0.708984375 0.078125 0.0703125
0 0.33203125 0.4765625 0.1015625 0.08203125
0 0.240234375 0.185546875 0.09375 0.078125
0 0.392578125 0.17578125 0.08203125 0.0703125
0 0.380859375 0.029296875 0.078125 0.05078125
0 0.421875 0.3359375 0.05859375 0.0625
0 0.439453125 0.453125 0.06640625 0.0546875
0 0.462890625 0.595703125 0.0390625 0.0625
0 0.455078125 0.716796875 0.07421875 0.0546875
0 0.474609375 0.837890625 0.0625 0.0546875
0 0.48828125 0.98046875 0.06640625 0.0390625
0 0.0234375 0.33203125 0.046875 0.046875
0 0.037109375 0.478515625 0.0546875 0.05078125
0 0.04296875 0.615234375 0.046875 0.046875
0 0.23046875 0.1015625 0.0546875 0.03515625
0 0.251953125 0.2890625 0.0546875 0.03125
0 0.244140625 0.26953125 0.0390625 0.04296875
0 0.240234375 0.232421875 0.03125 0.0234375
0 0.232421875 0.134765625 0.05078125 0.04296875
0 0.22265625 0.064453125 0.0625 0.0625
0 0.2578125 0.3203125 0.04296875 0.0390625
0 0.26953125 0.349609375 0.04296875 0.03125
0 0.283203125 0.376953125 0.046875 0.04296875
0 0.3046875 0.408203125 0.046875 0.0390625
0 0.345703125 0.59375 0.0390625 0.0390625
0 0.365234375 0.623046875 0.04296875 0.03125
0 0.365234375 0.65234375 0.0390625 0.0390625
0 0.375 0.86328125 0.06640625 0.0390625
0 0.333984375 0.90234375 0.0546875 0.0625
0 0.38671875 0.912109375 0.046875 0.0546875
0 0.390625 0.9453125 0.0390625 0.05078125
0 0.39453125 0.9765625 0.046875 0.0390625
0 0.365234375 0.779296875 0.0546875 0.0703125
0 0.55859375 0.763671875 0.0390625 0.0390625
0 0.5625 0.806640625 0.0390625 0.0390625
0 0.5625 0.84375 0.0546875 0.0546875
0 0.56640625 0.890625 0.0546875 0.046875
0 0.568359375 0.935546875 0.05078125 0.046875
0 0.5703125 0.9765625 0.05078125 0.0390625
0 0.888671875 0.876953125 0.078125 0.0859375
0 0.900390625 0.62890625 0.1171875 0.125
0 0.90234375 0.2578125 0.1171875 0.09375
0 0.90234375 0.162109375 0.06640625 0.06640625
0 0.9765625 0.19140625 0.046875 0.0703125
0 0.7890625 0.087890625 0.0390625 0.046875
0 0.798828125 0.04296875 0.04296875 0.0390625
0 0.806640625 0.013671875 0.04296875 0.0234375
0 0.556640625 0.66796875 0.0625 0.05078125
0 0.552734375 0.619140625 0.0625 0.0546875
0 0.560546875 0.568359375 0.0546875 0.0546875
0 0.556640625 0.515625 0.0546875 0.046875
0 0.5625 0.435546875 0.0390625 0.0390625
0 0.564453125 0.390625 0.046875 0.03515625
0 0.5703125 0.33984375 0.0390625 0.0390625
0 0.55859375 0.30078125 0.046875 0.0390625
0 0.56640625 0.263671875 0.0390625 0.0390625
0 0.580078125 0.2265625 0.04296875 0.03515625
0 0.572265625 0.193359375 0.046875 0.046875
0 0.5546875 0.125 0.046875 0.046875
0 0.546875 0.091796875 0.03125 0.0390625
0 0.5390625 0.05859375 0.046875 0.0390625
0 0.55859375 0.017578125 0.046875 0.03515625
0 0.76953125 0.6171875 0.0390625 0.046875
0 0.7734375 0.568359375 0.046875 0.046875
0 0.7734375 0.517578125 0.046875 0.04296875
0 0.771484375 0.484375 0.0546875 0.05078125
0 0.775390625 0.443359375 0.0390625 0.046875
0 0.779296875 0.3984375 0.046875 0.046875
0 0.78515625 0.36328125 0.046875 0.03515625
0 0.7890625 0.3203125 0.04296875 0.03515625
0 0.78125 0.28515625 0.046875 0.046875
0 0.783203125 0.244140625 0.046875 0.046875
0 0.78125 0.201171875 0.04296875 0.0390625
0 0.78515625 0.1640625 0.04296875 0.04296875
0 0.7890625 0.12109375 0.046875 0.0390625
0 0.875 0.080078125 0.0625 0.0625
0 0.6796875 0.716796875 0.04296875 0.046875