0 0.697265625 0.060546875 0.078125 0.078125
0 0.712890625 0.28515625 0.072265625 0.076171875
0 0.724609375 0.357421875 0.078125 0.07421875
0 0.736328125 0.505859375 0.0625 0.0625
0 0.74609375 0.6640625 0.076171875 0.083984375
0 0.80859375 0.69140625 0.0625 0.0625
0 0.76171875 0.9375 0.064453125 0.072265625
0 0.583984375 0.978515625 0.07421875 0.04296875
0 0.751953125 0.796875 0.05859375 0.072265625
0 0.7890625 0.8203125 0.04296875 0.05859375
0 0.81640625 0.837890625 0.041015625 0.048828125
0 0.93359375 0.560546875 0.052734375 0.05859375
0 0.9609375 0.58984375 0.052734375 0.041015625
0 0.984375 0.62109375 0.03125 0.0625
0 0.880859375 0.53515625 0.06640625 0.0546875
0 0.396484375 0.314453125 0.05078125 0.0625
0 0.501953125 0.923828125 0.080078125 0.056640625
0 0.4296875 0.935546875 0.056640625 0.0625