0 0.396484375 0.1875 0.1171875 0.08984375
0 0.30859375 0.4296875 0.1171875 0.11328125
0 0.224609375 0.728515625 0.1015625 0.09375
0 0.07421875 0.66015625 0.08984375 0.0859375
0 0.0625 0.43359375 0.078125 0.07421875
0 0.302734375 0.8515625 0.0625 0.0703125
0 0.20703125 0.958984375 0.1015625 0.078125
0 0.509765625 0.736328125 0.078125 0.09375
0 0.560546875 0.55859375 0.0546875 0.0546875
0 0.466796875 0.39453125 0.0625 0.0546875
0 0.537109375 0.42578125 0.0546875 0.0390625
0 0.568359375 0.46484375 0.05859375 0.0546875
0 0.6015625 0.498046875 0.046875 0.04296875
0 0.640625 0.5234375 0.0390625 0.03125
0 0.755859375 0.259765625 0.1015625 0.1015625
0 0.947265625 0.26171875 0.10546875 0.125
0 0.955078125 0.58984375 0.08984375 0.109375
0 0.8046875 0.833984375 0.0703125 0.0703125
0 0.916015625 0.95703125 0.0625 0.078125
0 0.685546875 0.5625 0.0390625 0.0390625
0 0.70703125 0.587890625 0.046875 0.0390625
0 0.74609375 0.62109375 0.04296875 0.03515625
0 0.78515625 0.6484375 0.0390625 0.04296875
0 0.80859375 0.671875 0.0390625 0.046875
0 0.84375 0.6875 0.0546875 0.046875
0 0.9140625 0.767578125 0.05859375 0.0703125
0 0.107421875 0.115234375 0.09765625 0.1015625