0 0.279296875 0.3515625 0.0703125 0.0625
0 0.310546875 0.10546875 0.0625 0.0546875
0 0.22265625 0.033203125 0.0625 0.06640625
0 0.373046875 0.1796875 0.0625 0.0703125
0 0.318359375 0.27734375 0.078125 0.08203125
0 0.31640625 0.220703125 0.0390625 0.07421875
0 0.21875 0.427734375 0.08984375 0.08984375
0 0.19140625 0.548828125 0.078125 0.0703125
0 0.15625 0.662109375 0.078125 0.1015625
0 0.12890625 0.76953125 0.08203125 0.1015625
0 0.103515625 0.873046875 0.078125 0.0625
0 0.017578125 0.978515625 0.03515625 0.04296875