0 0.744140625 0.625 0.0859375 0.0859375
0 0.8125 0.740234375 0.1015625 0.1015625
0 0.892578125 0.771484375 0.08203125 0.0625
0 0.939453125 0.810546875 0.0546875 0.0390625
0 0.96875 0.8671875 0.0625 0.1015625
0 0.1015625 0.357421875 0.0625 0.05859375
0 0.12890625 0.328125 0.0546875 0.0546875
0 0.306640625 0.662109375 0.1015625 0.09375
0 0.546875 0.7421875 0.0625 0.0703125
0 0.697265625 0.810546875 0.1015625 0.0703125
0 0.4296875 0.6953125 0.09375 0.09375
0 0.8203125 0.85546875 0.0625 0.0703125
0 0.87890625 0.859375 0.0859375 0.1171875