0 0.865234375 0.611328125 0.0625 0.046875
0 0.8671875 0.658203125 0.046875 0.0390625
0 0.87109375 0.705078125 0.046875 0.0390625
0 0.8671875 0.728515625 0.0390625 0.03515625
0 0.857421875 0.767578125 0.046875 0.01953125
0 0.841796875 0.794921875 0.046875 0.04296875
0 0.828125 0.83203125 0.0390625 0.0390625
0 0.814453125 0.87109375 0.046875 0.04296875
0 0.810546875 0.91015625 0.0546875 0.03125
0 0.75390625 0.953125 0.078125 0.0625
0 0.794921875 0.947265625 0.046875 0.03125
0 0.794921875 0.98046875 0.0390625 0.0390625
0 0.693359375 0.96875 0.06640625 0.0625
0 0.798828125 0.6171875 0.078125 0.0625
0 0.869140625 0.5703125 0.0546875 0.04296875
0 0.8671875 0.525390625 0.0546875 0.05078125
0 0.96484375 0.32421875 0.0703125 0.08984375
0 0.98046875 0.583984375 0.0390625 0.05078125
0 0.98828125 0.90625 0.0234375 0.046875
0 0.974609375 0.96875 0.05078125 0.0625
0 0.724609375 0.34375 0.05859375 0.0703125
0 0.78515625 0.341796875 0.0703125 0.0703125
0 0.76171875 0.115234375 0.07421875 0.08203125
0 0.8046875 0.126953125 0.0546875 0.04296875
0 0.728515625 0.669921875 0.0625 0.0625
0 0.69921875 0.45703125 0.0703125 0.07421875
0 0.55078125 0.98828125 0.0390625 0.0234375
0 0.541015625 0.958984375 0.04296875 0.0390625
0 0.552734375 0.923828125 0.0390625 0.04296875
0 0.560546875 0.90234375 0.0390625 0.0234375
0 0.5625 0.873046875 0.046875 0.03515625
0 0.5703125 0.830078125 0.046875 0.0546875
0 0.572265625 0.78515625 0.046875 0.03515625
0 0.5859375 0.74609375 0.0546875 0.05078125
0 0.5859375 0.701171875 0.0546875 0.0546875
0 0.591796875 0.65234375 0.0546875 0.046875
0 0.595703125 0.607421875 0.05078125 0.05078125
0 0.609375 0.568359375 0.046875 0.046875
0 0.61328125 0.521484375 0.0546875 0.046875
0 0.623046875 0.474609375 0.0546875 0.046875
0 0.61328125 0.42578125 0.046875 0.05859375
0 0.623046875 0.38671875 0.046875 0.046875
0 0.62109375 0.333984375 0.046875 0.05078125
0 0.62109375 0.287109375 0.05078125 0.03515625
0 0.619140625 0.2421875 0.0390625 0.0390625
0 0.62109375 0.19140625 0.046875 0.046875
0 0.6171875 0.150390625 0.0546875 0.0390625
0 0.6171875 0.1171875 0.0546875 0.046875
0 0.607421875 0.087890625 0.046875 0.046875
0 0.623046875 0.04296875 0.0390625 0.0546875
0 0.47265625 0.859375 0.06640625 0.07421875
0 0.43359375 0.728515625 0.0625 0.046875
0 0.408203125 0.837890625 0.0546875 0.0546875
0 0.3828125 0.92578125 0.0703125 0.07421875
0 0.44140625 0.65625 0.0703125 0.0546875
0 0.45703125 0.61328125 0.06640625 0.0625
0 0.48828125 0.474609375 0.06640625 0.078125
0 0.435546875 0.4609375 0.046875 0.046875
0 0.494140625 0.353515625 0.078125 0.0625
0 0.49609375 0.275390625 0.0703125 0.0625
0 0.478515625 0.18359375 0.0546875 0.06640625
0 0.4609375 0.107421875 0.06640625 0.0546875
0 0.421875 0.025390625 0.0625 0.046875
0 0.02734375 0.5390625 0.0546875 0.0625
0 0.03125 0.41015625 0.0625 0.078125
0 0.03515625 0.3125 0.0703125 0.0703125
0 0.01953125 0.21875 0.0390625 0.078125
0 0.203125 0.50390625 0.07421875 0.0546875
0 0.236328125 0.537109375 0.03515625 0.03125
0 0.017578125 0.662109375 0.03515625 0.078125
0 0.14453125 0.740234375 0.0625 0.0625
0 0.2734375 0.77734375 0.0703125 0.0859375
0 0.310546875 0.615234375 0.0859375 0.08203125
0 0.3203125 0.53515625 0.078125 0.08984375
0 0.341796875 0.26171875 0.08984375 0.078125
0 0.21875 0.9765625 0.05859375 0.0390625
0 0.2421875 0.986328125 0.046875 0.0234375
0 0.232421875 0.927734375 0.0625 0.046875
0 0.234375 0.884765625 0.06640625 0.046875
0 0.2421875 0.859375 0.05859375 0.0390625
0 0.24609375 0.830078125 0.05859375 0.0546875
0 0.287109375 0.703125 0.0625 0.05078125
0 0.26953125 0.734375 0.0625 0.0390625
0 0.361328125 0.5078125 0.046875 0.03515625
0 0.357421875 0.470703125 0.0546875 0.0390625
0 0.365234375 0.439453125 0.046875 0.03515625
0 0.3671875 0.412109375 0.05078125 0.0390625
0 0.3671875 0.37109375 0.046875 0.046875
0 0.359375 0.326171875 0.0625 0.0390625
0 0.337890625 0.2109375 0.0546875 0.03125
0 0.318359375 0.173828125 0.05078125 0.0390625
0 0.296875 0.142578125 0.046875 0.03125
0 0.29296875 0.119140625 0.046875 0.0234375
0 0.2734375 0.087890625 0.0546875 0.03125
0 0.265625 0.0546875 0.046875 0.0390625
0 0.232421875 0.01171875 0.0546875 0.0234375
0 0.234375 0.654296875 0.0546875 0.0546875
0 0.685546875 0.791015625 0.0703125 0.0390625
0 0.619140625 0.87890625 0.0546875 0.05859375
0 0.974609375 0.8359375 0.05078125 0.1015625