0 0.673828125 0.0390625 0.05859375 0.06640625
0 0.701171875 0.1015625 0.0625 0.05859375
0 0.74609375 0.3828125 0.05859375 0.0390625
0 0.740234375 0.333984375 0.048828125 0.03515625
0 0.73046875 0.298828125 0.044921875 0.0546875
0 0.7734375 0.458984375 0.052734375 0.048828125
0 0.759765625 0.421875 0.052734375 0.04296875
0 0.751953125 0.513671875 0.048828125 0.048828125
0 0.794921875 0.529296875 0.056640625 0.044921875
0 0.822265625 0.619140625 0.052734375 0.044921875
0 0.7109375 0.150390625 0.052734375 0.041015625
0 0.724609375 0.1875 0.05859375 0.041015625
0 0.732421875 0.228515625 0.056640625 0.046875