0 0.22265625 0.712890625 0.05859375 0.0546875
0 0.271484375 0.591796875 0.0703125 0.0625
0 0.1875 0.8515625 0.0703125 0.0625
0 0.150390625 0.95703125 0.0703125 0.06640625
0 0.404296875 0.92578125 0.0859375 0.07421875
0 0.455078125 0.83203125 0.078125 0.0703125
0 0.5078125 0.736328125 0.078125 0.0703125
0 0.552734375 0.61328125 0.078125 0.0703125
0 0.580078125 0.48828125 0.078125 0.078125
0 0.619140625 0.37890625 0.0703125 0.0703125
0 0.6484375 0.28515625 0.08203125 0.078125
0 0.671875 0.173828125 0.078125 0.0859375
0 0.693359375 0.0625 0.0859375 0.078125
0 0.615234375 0.025390625 0.0703125 0.05078125
0 0.58984375 0.1796875 0.0625 0.078125
0 0.421875 0.046875 0.0625 0.06640625
0 0.361328125 0.05078125 0.0703125 0.078125
0 0.396484375 0.115234375 0.0546875 0.0625
0 0.36328125 0.1875 0.06640625 0.0625
0 0.33203125 0.125 0.0625 0.078125
0 0.279296875 0.119140625 0.078125 0.07421875
0 0.21484375 0.138671875 0.0546875 0.04296875
0 0.15234375 0.1953125 0.0546875 0.0625
0 0.115234375 0.2578125 0.05078125 0.0625
0 0.107421875 0.330078125 0.0546875 0.04296875
0 0.283203125 0.2109375 0.078125 0.078125
0 0.33984375 0.25390625 0.0625 0.0546875
0 0.310546875 0.33203125 0.06640625 0.0625
0 0.2421875 0.306640625 0.09375 0.08984375
0 0.197265625 0.39453125 0.08203125 0.08203125
0 0.28125 0.400390625 0.0546875 0.04296875
0 0.240234375 0.4765625 0.0625 0.0546875
0 0.16796875 0.47265625 0.078125 0.0859375
0 0.109375 0.474609375 0.06640625 0.078125
0 0.111328125 0.5546875 0.06640625 0.0546875
0 0.201171875 0.552734375 0.0546875 0.05859375
0 0.181640625 0.630859375 0.09765625 0.08203125
0 0.142578125 0.71875 0.0703125 0.078125
0 0.025390625 0.921875 0.05078125 0.0703125
0 0.015625 0.966796875 0.03125 0.0625
0 0.06640625 0.85546875 0.078125 0.07421875
0 0.10546875 0.79296875 0.07421875 0.078125
0 0.03125 0.732421875 0.0546875 0.05859375
0 0.078125 0.63671875 0.09375 0.06640625