0 0.283203125 0.35546875 0.078125 0.048828125
0 0.30859375 0.392578125 0.0703125 0.05078125
0 0.33203125 0.421875 0.07421875 0.048828125
0 0.361328125 0.4609375 0.07421875 0.0625
0 0.400390625 0.49609375 0.0703125 0.068359375
0 0.455078125 0.5546875 0.06640625 0.0625
0 0.486328125 0.58984375 0.052734375 0.068359375
0 0.51953125 0.62109375 0.06640625 0.06640625
0 0.55078125 0.65625 0.060546875 0.06640625
0 0.578125 0.67578125 0.048828125 0.052734375
0 0.61328125 0.7265625 0.056640625 0.048828125
0 0.640625 0.748046875 0.05078125 0.04296875
0 0.69140625 0.833984375 0.0625 0.0625
0 0.689453125 0.771484375 0.05859375 0.052734375
0 0.703125 0.8984375 0.068359375 0.0625
0 0.71875 0.95703125 0.09375 0.060546875
0 0.78125 0.89453125 0.072265625 0.0703125
0 0.8359375 0.83984375 0.07421875 0.064453125
0 0.888671875 0.78125 0.0703125 0.060546875
0 0.951171875 0.720703125 0.068359375 0.0625
0 0.982421875 0.6640625 0.033203125 0.0703125
0 0.53515625 0.93359375 0.06640625 0.05859375
0 0.46484375 0.8515625 0.078125 0.041015625
0 0.4609375 0.8125 0.095703125 0.05078125
0 0.4140625 0.751953125 0.07421875 0.064453125
0 0.34765625 0.666015625 0.076171875 0.064453125
0 0.29296875 0.5703125 0.083984375 0.05859375
0 0.255859375 0.498046875 0.06640625 0.0546875
0 0.234375 0.4453125 0.072265625 0.060546875
0 0.1953125 0.33984375 0.068359375 0.0703125
0 0.228515625 0.275390625 0.072265625 0.064453125
0 0.556640625 0.521484375 0.0625 0.08203125
0 0.162109375 0.16015625 0.060546875 0.046875
0 0.1796875 0.205078125 0.0625 0.05078125
0 0.138671875 0.251953125 0.05078125 0.0390625