0 0.396484375 0.083984375 0.068359375 0.087890625
0 0.455078125 0.060546875 0.078125 0.08203125
0 0.5546875 0.134765625 0.076171875 0.080078125
0 0.416015625 0.349609375 0.060546875 0.05078125
0 0.46484375 0.380859375 0.07421875 0.072265625
0 0.525390625 0.34765625 0.072265625 0.068359375
0 0.619140625 0.388671875 0.060546875 0.0703125
0 0.546875 0.859375 0.052734375 0.056640625
0 0.61328125 0.892578125 0.076171875 0.076171875
0 0.70703125 0.330078125 0.0703125 0.078125
0 0.78515625 0.59765625 0.0703125 0.080078125
0 0.849609375 0.771484375 0.064453125 0.05859375
0 0.90234375 0.916015625 0.0546875 0.0625
0 0.865234375 0.021484375 0.041015625 0.04296875
0 0.81640625 0.1640625 0.048828125 0.044921875
0 0.8125 0.2109375 0.044921875 0.041015625
0 0.798828125 0.271484375 0.05078125 0.052734375
0 0.78515625 0.32421875 0.037109375 0.033203125
0 0.798828125 0.3828125 0.056640625 0.06640625
0 0.814453125 0.4375 0.056640625 0.03515625
0 0.826171875 0.46484375 0.052734375 0.03515625
0 0.83203125 0.501953125 0.052734375 0.041015625
0 0.84375 0.537109375 0.044921875 0.03125
0 0.845703125 0.5703125 0.048828125 0.041015625