0 0.40234375 0.2578125 0.076171875 0.068359375
0 0.23828125 0.19140625 0.10546875 0.08984375
0 0.087890625 0.16015625 0.115234375 0.1171875
0 0.40234375 0.333984375 0.095703125 0.080078125
0 0.400390625 0.419921875 0.095703125 0.072265625
0 0.375 0.474609375 0.078125 0.0703125
0 0.396484375 0.587890625 0.0859375 0.091796875
0 0.392578125 0.677734375 0.078125 0.07421875
0 0.390625 0.74609375 0.076171875 0.0625
0 0.392578125 0.8359375 0.1015625 0.07421875
0 0.388671875 0.91796875 0.087890625 0.072265625
0 0.376953125 0.984375 0.078125 0.029296875
0 0.4375 0.974609375 0.0625 0.05078125
0 0.49609375 0.919921875 0.068359375 0.0859375
0 0.578125 0.970703125 0.0859375 0.05859375