0 0.228515625 0.140625 0.0703125 0.0625
0 0.22265625 0.03515625 0.08984375 0.0703125
0 0.32421875 0.029296875 0.05078125 0.03515625
0 0.34375 0.09765625 0.08203125 0.0625
0 0.357421875 0.17578125 0.06640625 0.06640625
0 0.4921875 0.640625 0.0859375 0.07421875
0 0.525390625 0.73046875 0.0703125 0.0546875
0 0.537109375 0.78125 0.0625 0.0546875
0 0.625 0.79296875 0.08203125 0.08203125
0 0.716796875 0.810546875 0.0625 0.0546875
0 0.740234375 0.88671875 0.0625 0.0546875
0 0.78515625 0.921875 0.046875 0.046875
0 0.673828125 0.970703125 0.0546875 0.05859375
0 0.5703125 0.873046875 0.078125 0.046875
0 0.568359375 0.833984375 0.0859375 0.04296875
0 0.6640625 0.87890625 0.09375 0.0859375
0 0.603515625 0.978515625 0.08984375 0.04296875
0 0.42578125 0.107421875 0.0546875 0.0703125
0 0.392578125 0.01953125 0.0703125 0.0390625
0 0.4765625 0.087890625 0.0703125 0.0625
0 0.677734375 0.291015625 0.078125 0.0625
0 0.6640625 0.21875 0.0625 0.0625
0 0.640625 0.12109375 0.07421875 0.046875
0 0.625 0.029296875 0.0625 0.0546875
0 0.607421875 0.26171875 0.0546875 0.046875
0 0.5703125 0.28515625 0.046875 0.0390625
0 0.533203125 0.21484375 0.0546875 0.05078125
0 0.54296875 0.068359375 0.046875 0.0625
0 0.537109375 0.025390625 0.05859375 0.0390625
0 0.541015625 0.1171875 0.04296875 0.046875
0 0.578125 0.107421875 0.0546875 0.0625
0 0.6015625 0.216796875 0.0546875 0.046875
0 0.623046875 0.30859375 0.0546875 0.05078125
0 0.638671875 0.34765625 0.0703125 0.046875
0 0.65625 0.390625 0.078125 0.0390625
0 0.6328125 0.447265625 0.046875 0.046875
0 0.67578125 0.431640625 0.0703125 0.0625
0 0.701171875 0.482421875 0.05859375 0.0625
0 0.708984375 0.52734375 0.0703125 0.0625
0 0.7265625 0.57421875 0.0625 0.05078125
0 0.740234375 0.6171875 0.05078125 0.0546875
0 0.75 0.6640625 0.0546875 0.0546875
0 0.759765625 0.69921875 0.046875 0.046875
0 0.77734375 0.740234375 0.046875 0.05078125
0 0.78125 0.775390625 0.046875 0.0390625
0 0.787109375 0.8203125 0.05078125 0.05078125
0 0.8125 0.8671875 0.0703125 0.0625
0 0.705078125 0.65625 0.046875 0.046875
0 0.662109375 0.53125 0.03515625 0.046875
0 0.6484375 0.490234375 0.0546875 0.046875
0 0.7265625 0.9453125 0.046875 0.0390625
0 0.697265625 0.935546875 0.0390625 0.03515625
0 0.71484375 0.978515625 0.04296875 0.04296875
0 0.79296875 0.96484375 0.03125 0.0546875
0 0.830078125 0.962890625 0.046875 0.046875
0 0.701171875 0.01953125 0.0703125 0.0390625
0 0.716796875 0.119140625 0.0546875 0.0390625
0 0.845703125 0.802734375 0.0625 0.05859375
0 0.37890625 0.298828125 0.0703125 0.0625
0 0.220703125 0.333984375 0.0390625 0.0625
0 0.1640625 0.27734375 0.0625 0.0546875