0 0.21875 0.77734375 0.0703125 0.0703125
0 0.142578125 0.8828125 0.08203125 0.078125
0 0.1328125 0.80078125 0.0703125 0.0546875
0 0.125 0.7265625 0.08984375 0.078125
0 0.08203125 0.537109375 0.1015625 0.08203125
0 0.083984375 0.361328125 0.07421875 0.0703125
0 0.07421875 0.216796875 0.078125 0.07421875
0 0.056640625 0.076171875 0.0703125 0.078125
0 0.0234375 0.669921875 0.046875 0.04296875
0 0.4296875 0.298828125 0.05078125 0.046875
0 0.419921875 0.927734375 0.05078125 0.0546875
0 0.93359375 0.2734375 0.06640625 0.0546875
0 0.98046875 0.26953125 0.0390625 0.05859375
0 0.982421875 0.103515625 0.03515625 0.0546875
0 0.984375 0.98046875 0.03125 0.0390625
0 0.982421875 0.8984375 0.03515625 0.0390625
0 0.982421875 0.85546875 0.03515625 0.046875
0 0.984375 0.802734375 0.03125 0.03125
0 0.98046875 0.7265625 0.03515625 0.03125
0 0.982421875 0.69140625 0.03515625 0.0390625
0 0.984375 0.65234375 0.03125 0.03125
0 0.982421875 0.59375 0.03515625 0.046875
0 0.990234375 0.35546875 0.01953125 0.03515625
0 0.990234375 0.3203125 0.01953125 0.0234375
0 0.994140625 0.376953125 0.01171875 0.0234375
0 0.986328125 0.16015625 0.02734375 0.03125
0 0.98046875 0.193359375 0.0390625 0.03125
0 0.986328125 0.2265625 0.0234375 0.04296875