0 0.744140625 0.92578125 0.072265625 0.078125
0 0.80859375 0.9375 0.072265625 0.0546875
0 0.76953125 0.697265625 0.05078125 0.0546875
0 0.814453125 0.623046875 0.060546875 0.046875
0 0.814453125 0.580078125 0.0546875 0.0546875
0 0.810546875 0.537109375 0.0546875 0.052734375
0 0.83203125 0.486328125 0.05859375 0.05078125
0 0.8203125 0.44140625 0.06640625 0.0625
0 0.833984375 0.388671875 0.056640625 0.0625
0 0.84375 0.3359375 0.05078125 0.06640625
0 0.861328125 0.279296875 0.060546875 0.07421875
0 0.88671875 0.1796875 0.05078125 0.0625
0 0.857421875 0.220703125 0.056640625 0.056640625
0 0.888671875 0.126953125 0.05859375 0.060546875
0 0.904296875 0.0859375 0.052734375 0.052734375
0 0.904296875 0.041015625 0.072265625 0.052734375
0 0.818359375 0.736328125 0.0546875 0.044921875
0 0.814453125 0.814453125 0.068359375 0.048828125
0 0.8125 0.984375 0.064453125 0.029296875