0 0.70703125 0.263671875 0.0859375 0.0859375
0 0.64453125 0.1796875 0.05078125 0.0703125
0 0.734375 0.140625 0.078125 0.05078125
0 0.638671875 0.0859375 0.078125 0.0703125
0 0.7109375 0.0390625 0.0859375 0.06640625
0 0.775390625 0.240234375 0.05859375 0.0546875
0 0.84375 0.248046875 0.06640625 0.0703125
0 0.873046875 0.330078125 0.0703125 0.0703125
0 0.806640625 0.34375 0.0703125 0.0625
0 0.765625 0.419921875 0.07421875 0.0859375
0 0.818359375 0.4375 0.05859375 0.0625
0 0.892578125 0.416015625 0.078125 0.0703125
0 0.912109375 0.50390625 0.078125 0.0703125
0 0.849609375 0.517578125 0.06640625 0.0546875
0 0.802734375 0.560546875 0.078125 0.09375
0 0.859375 0.591796875 0.0625 0.0546875
0 0.9296875 0.609375 0.07421875 0.07421875
0 0.87890625 0.646484375 0.0625 0.0546875
0 0.8359375 0.689453125 0.0546875 0.06640625
0 0.890625 0.70703125 0.05078125 0.04296875
0 0.98046875 0.806640625 0.0390625 0.05078125
0 0.083984375 0.818359375 0.0625 0.05859375
0 0.048828125 0.646484375 0.078125 0.09375
0 0.087890625 0.7421875 0.0625 0.05859375
0 0.09765625 0.87890625 0.05078125 0.046875
0 0.107421875 0.939453125 0.0546875 0.0546875
0 0.1171875 0.98046875 0.0703125 0.0390625