0 0.533203125 0.90234375 0.0703125 0.078125
0 0.5703125 0.5546875 0.078125 0.0546875
0 0.736328125 0.58984375 0.0703125 0.0703125
0 0.5234375 0.646484375 0.046875 0.05859375
0 0.478515625 0.15234375 0.0859375 0.0703125
0 0.630859375 0.669921875 0.078125 0.0703125
0 0.97265625 0.654296875 0.046875 0.046875
0 0.96875 0.35546875 0.0625 0.0625
0 0.97265625 0.314453125 0.0546875 0.05859375
0 0.81640625 0.916015625 0.0703125 0.0390625
0 0.984375 0.806640625 0.03125 0.03125
0 0.982421875 0.767578125 0.03125 0.03515625