0 0.9375 0.16015625 0.0625 0.046875
0 0.9375 0.08984375 0.076171875 0.04296875
0 0.93359375 0.0234375 0.052734375 0.03515625
0 0.98046875 0.3828125 0.037109375 0.04296875
0 0.822265625 0.041015625 0.04296875 0.048828125
0 0.82421875 0.076171875 0.064453125 0.0390625
0 0.822265625 0.12109375 0.064453125 0.05859375
0 0.806640625 0.177734375 0.05078125 0.046875
0 0.798828125 0.255859375 0.060546875 0.0390625
0 0.794921875 0.28515625 0.06640625 0.048828125
0 0.7890625 0.37109375 0.0625 0.0546875
0 0.787109375 0.32421875 0.0546875 0.04296875
0 0.794921875 0.21484375 0.064453125 0.0546875
0 0.9140625 0.234375 0.04296875 0.044921875
0 0.775390625 0.484375 0.060546875 0.068359375
0 0.716796875 0.203125 0.048828125 0.052734375
0 0.8125 0.966796875 0.048828125 0.06640625
0 0.779296875 0.42578125 0.041015625 0.06640625