0 0.662109375 0.486328125 0.05859375 0.041015625
0 0.662109375 0.400390625 0.048828125 0.046875
0 0.69921875 0.265625 0.0546875 0.04296875
0 0.755859375 0.265625 0.060546875 0.0546875
0 0.70703125 0.306640625 0.0703125 0.056640625
0 0.71484375 0.341796875 0.056640625 0.03125
0 0.71875 0.3671875 0.076171875 0.041015625
0 0.7265625 0.40234375 0.060546875 0.044921875
0 0.732421875 0.439453125 0.080078125 0.0546875
0 0.734375 0.474609375 0.072265625 0.046875
0 0.73828125 0.533203125 0.0625 0.052734375
0 0.6640625 0.564453125 0.04296875 0.046875
0 0.658203125 0.634765625 0.046875 0.046875
0 0.703125 0.5859375 0.04296875 0.044921875
0 0.716796875 0.56640625 0.046875 0.03515625
0 0.759765625 0.580078125 0.05859375 0.037109375
0 0.779296875 0.6171875 0.078125 0.048828125
0 0.71875 0.64453125 0.064453125 0.072265625
0 0.77734375 0.666015625 0.068359375 0.068359375
0 0.658203125 0.75 0.068359375 0.068359375
0 0.71484375 0.744140625 0.072265625 0.080078125
0 0.625 0.708984375 0.03515625 0.037109375
0 0.6015625 0.75 0.05078125 0.05859375
0 0.62109375 0.828125 0.046875 0.0546875
0 0.763671875 0.90234375 0.08203125 0.087890625
0 0.853515625 0.962890625 0.080078125 0.07421875
0 0.623046875 0.93359375 0.115234375 0.06640625
0 0.638671875 0.974609375 0.0859375 0.05078125
0 0.34375 0.5390625 0.033203125 0.041015625
0 0.373046875 0.505859375 0.04296875 0.048828125
0 0.533203125 0.466796875 0.05859375 0.05859375
0 0.6640625 0.01953125 0.07421875 0.0390625
0 0.669921875 0.056640625 0.0703125 0.044921875
0 0.6875 0.162109375 0.080078125 0.0390625
0 0.69140625 0.203125 0.068359375 0.044921875
0 0.791015625 0.140625 0.0625 0.064453125
0 0.396484375 0.4609375 0.0625 0.0546875
0 0.337890625 0.4765625 0.046875 0.048828125
0 0.46484375 0.23046875 0.05078125 0.052734375