0 0.380859375 0.486328125 0.060546875 0.048828125
0 0.390625 0.353515625 0.064453125 0.052734375
0 0.390625 0.5859375 0.06640625 0.07421875
0 0.38671875 0.7421875 0.0546875 0.05859375
0 0.607421875 0.21875 0.05078125 0.04296875
0 0.603515625 0.18359375 0.037109375 0.041015625
0 0.61328125 0.1484375 0.0546875 0.044921875
0 0.62109375 0.083984375 0.056640625 0.033203125
0 0.62890625 0.04296875 0.04296875 0.056640625
0 0.599609375 0.248046875 0.041015625 0.03515625
0 0.6015625 0.27734375 0.03515625 0.046875
0 0.4921875 0.177734375 0.0859375 0.099609375
0 0.564453125 0.375 0.0703125 0.078125
0 0.556640625 0.5703125 0.08984375 0.107421875
0 0.58203125 0.974609375 0.076171875 0.048828125
0 0.771484375 0.849609375 0.0859375 0.08203125
0 0.728515625 0.4453125 0.123046875 0.09765625
0 0.556640625 0.763671875 0.140625 0.109375