0 0.40625 0.697265625 0.05078125 0.052734375
0 0.634765625 0.791015625 0.068359375 0.048828125
0 0.408203125 0.744140625 0.044921875 0.04296875
0 0.431640625 0.806640625 0.046875 0.046875
0 0.716796875 0.953125 0.099609375 0.09375
0 0.646484375 0.865234375 0.052734375 0.052734375
0 0.5546875 0.74609375 0.064453125 0.072265625
0 0.6953125 0.734375 0.044921875 0.0546875
0 0.638671875 0.740234375 0.052734375 0.048828125
0 0.53515625 0.65234375 0.07421875 0.05859375
0 0.521484375 0.70703125 0.08203125 0.0625
0 0.431640625 0.837890625 0.0390625 0.0390625
0 0.56640625 0.8359375 0.052734375 0.037109375
0 0.552734375 0.806640625 0.05859375 0.041015625