0 0.09375 0.8828125 0.0703125 0.078125
0 0.076171875 0.818359375 0.06640625 0.05859375
0 0.076171875 0.73828125 0.0625 0.06640625
0 0.5625 0.533203125 0.03125 0.03125
0 0.5625 0.5625 0.03515625 0.0390625
0 0.568359375 0.501953125 0.02734375 0.0234375
0 0.580078125 0.47265625 0.0390625 0.03125
0 0.59765625 0.384765625 0.0390625 0.04296875
0 0.591796875 0.419921875 0.04296875 0.03125
0 0.583984375 0.44921875 0.0390625 0.0390625
0 0.638671875 0.197265625 0.03125 0.03125
0 0.650390625 0.162109375 0.0390625 0.04296875
0 0.65625 0.126953125 0.03125 0.0546875