0 0.5703125 0.59375 0.08203125 0.08203125
0 0.478515625 0.4921875 0.095703125 0.064453125
0 0.7265625 0.6328125 0.087890625 0.072265625
0 0.75 0.689453125 0.078125 0.068359375
0 0.884765625 0.76953125 0.087890625 0.0625
0 0.974609375 0.609375 0.05078125 0.064453125
0 0.9765625 0.681640625 0.046875 0.095703125
0 0.828125 0.837890625 0.091796875 0.083984375
0 0.884765625 0.87890625 0.068359375 0.048828125
0 0.853515625 0.962890625 0.095703125 0.07421875
0 0.9609375 0.9765625 0.078125 0.046875
0 0.9296875 0.923828125 0.06640625 0.064453125