0 0.75 0.36328125 0.06640625 0.0546875
0 0.74609375 0.642578125 0.0625 0.0703125
0 0.7421875 0.9140625 0.0625 0.0546875
0 0.751953125 0.080078125 0.046875 0.046875
0 0.853515625 0.2890625 0.04296875 0.04296875
0 0.14453125 0.18359375 0.0703125 0.0703125
0 0.162109375 0.037109375 0.0625 0.0625
0 0.078125 0.24609375 0.0546875 0.0703125
0 0.138671875 0.248046875 0.046875 0.0546875
0 0.1484375 0.310546875 0.0703125 0.05859375
0 0.130859375 0.3515625 0.04296875 0.0546875
0 0.1015625 0.533203125 0.05078125 0.05859375
0 0.1171875 0.439453125 0.0625 0.046875
0 0.091796875 0.625 0.0703125 0.078125
0 0.07421875 0.712890625 0.06640625 0.05859375
0 0.064453125 0.765625 0.0625 0.07421875
0 0.0625 0.830078125 0.0625 0.0625
0 0.12109375 0.896484375 0.0546875 0.1015625
0 0.24609375 0.7890625 0.0546875 0.05859375
0 0.263671875 0.73828125 0.0546875 0.03515625
0 0.28125 0.708984375 0.0390625 0.03125
0 0.2890625 0.6796875 0.03125 0.0390625
0 0.298828125 0.646484375 0.046875 0.046875
0 0.19140625 0.875 0.0546875 0.03125
0 0.171875 0.908203125 0.06640625 0.0390625
0 0.158203125 0.9375 0.0625 0.0234375
0 0.1484375 0.98046875 0.0390625 0.0390625
0 0.962890625 0.736328125 0.06640625 0.0546875
0 0.96484375 0.66796875 0.0390625 0.05078125
0 0.046875 0.978515625 0.0390625 0.0390625