0 0.04296875 0.935546875 0.0625 0.06640625
0 0.587890625 0.048828125 0.08203125 0.0546875
0 0.62109375 0.125 0.1015625 0.0703125
0 0.6484375 0.197265625 0.0859375 0.078125
0 0.68359375 0.29296875 0.078125 0.0546875
0 0.70703125 0.35546875 0.078125 0.0625
0 0.734375 0.451171875 0.06640625 0.05859375
0 0.748046875 0.529296875 0.08984375 0.0703125
0 0.77734375 0.619140625 0.078125 0.0703125
0 0.755859375 0.5859375 0.046875 0.0390625
0 0.794921875 0.6796875 0.0859375 0.0703125
0 0.810546875 0.744140625 0.0703125 0.05859375
0 0.845703125 0.818359375 0.0703125 0.05859375
0 0.865234375 0.8828125 0.09765625 0.06640625
0 0.896484375 0.93359375 0.0859375 0.0703125
0 0.935546875 0.986328125 0.09765625 0.02734375