0 0.4375 0.03515625 0.068359375 0.037109375
0 0.451171875 0.07421875 0.076171875 0.0625
0 0.46484375 0.1171875 0.072265625 0.044921875
0 0.47265625 0.154296875 0.076171875 0.033203125
0 0.478515625 0.18359375 0.0625 0.0390625
0 0.49609375 0.232421875 0.083984375 0.060546875
0 0.49609375 0.265625 0.052734375 0.052734375
0 0.51953125 0.306640625 0.0546875 0.033203125
0 0.52734375 0.3359375 0.046875 0.04296875
0 0.57421875 0.35546875 0.052734375 0.052734375
0 0.439453125 0.015625 0.0703125 0.029296875
0 0.546875 0.3984375 0.068359375 0.052734375
0 0.5546875 0.4453125 0.078125 0.052734375
0 0.57421875 0.484375 0.07421875 0.03515625
0 0.5703125 0.51171875 0.064453125 0.04296875
0 0.58203125 0.54296875 0.072265625 0.04296875
0 0.595703125 0.580078125 0.072265625 0.05078125
0 0.6015625 0.609375 0.05078125 0.037109375
0 0.619140625 0.646484375 0.0625 0.044921875
0 0.625 0.677734375 0.07421875 0.041015625
0 0.634765625 0.71484375 0.068359375 0.046875
0 0.642578125 0.736328125 0.06640625 0.02734375
0 0.646484375 0.783203125 0.06640625 0.056640625
0 0.66015625 0.80859375 0.05859375 0.03515625
0 0.666015625 0.8515625 0.076171875 0.03515625
0 0.681640625 0.88671875 0.060546875 0.048828125
0 0.68359375 0.921875 0.05859375 0.04296875
0 0.681640625 0.951171875 0.060546875 0.044921875
0 0.681640625 0.984375 0.068359375 0.029296875