0 0.603515625 0.8125 0.1171875 0.08984375
0 0.69140625 0.5703125 0.1171875 0.11328125
0 0.775390625 0.271484375 0.1015625 0.09765625
0 0.92578125 0.33984375 0.08984375 0.0859375
0 0.9375 0.56640625 0.078125 0.07421875
0 0.697265625 0.1484375 0.0625 0.07421875
0 0.79296875 0.041015625 0.10546875 0.078125
0 0.490234375 0.263671875 0.078125 0.09375
0 0.439453125 0.44140625 0.0546875 0.0546875
0 0.533203125 0.60546875 0.0625 0.0546875
0 0.462890625 0.57421875 0.0546875 0.0390625
0 0.431640625 0.53515625 0.05859375 0.0546875
0 0.3984375 0.501953125 0.046875 0.04296875
0 0.359375 0.4765625 0.0390625 0.03125
0 0.244140625 0.740234375 0.1015625 0.1015625
0 0.052734375 0.73828125 0.10546875 0.125
0 0.044921875 0.41015625 0.08984375 0.11328125
0 0.1953125 0.166015625 0.07421875 0.0703125
0 0.083984375 0.04296875 0.0625 0.078125
0 0.314453125 0.4375 0.0390625 0.0390625
0 0.29296875 0.412109375 0.046875 0.0390625
0 0.25390625 0.37890625 0.04296875 0.03515625
0 0.21484375 0.3515625 0.0390625 0.04296875
0 0.19140625 0.328125 0.0390625 0.046875
0 0.15625 0.3125 0.0546875 0.046875
0 0.0859375 0.232421875 0.05859375 0.0703125
0 0.892578125 0.884765625 0.09765625 0.1015625