0 0.41015625 0.173828125 0.09375 0.08203125
0 0.53515625 0.236328125 0.06640625 0.05859375
0 0.046875 0.5 0.0703125 0.07421875
0 0.08203125 0.564453125 0.0703125 0.0625
0 0.142578125 0.595703125 0.05859375 0.046875
0 0.0390625 0.69921875 0.078125 0.06640625
0 0.05859375 0.818359375 0.08203125 0.07421875
0 0.162109375 0.8515625 0.06640625 0.0625
0 0.126953125 0.75 0.0625 0.05859375
0 0.017578125 0.345703125 0.03515625 0.0703125
0 0.578125 0.44140625 0.0859375 0.078125
0 0.623046875 0.4921875 0.05859375 0.0546875
0 0.544921875 0.1328125 0.046875 0.06640625
0 0.513671875 0.154296875 0.05078125 0.0625
0 0.505859375 0.076171875 0.07421875 0.0625
0 0.576171875 0.39453125 0.0859375 0.0390625
0 0.630859375 0.568359375 0.0703125 0.0625
0 0.671875 0.59375 0.046875 0.0390625
0 0.638671875 0.62890625 0.0546875 0.0546875
0 0.6484375 0.66796875 0.0546875 0.05078125
0 0.560546875 0.32421875 0.0546875 0.0625