0 0.048828125 0.86328125 0.064453125 0.060546875
0 0.017578125 0.796875 0.033203125 0.04296875
0 0.017578125 0.7578125 0.03515625 0.0390625
0 0.021484375 0.705078125 0.04296875 0.064453125
0 0.01171875 0.646484375 0.021484375 0.052734375
0 0.0390625 0.462890625 0.056640625 0.06640625
0 0.111328125 0.427734375 0.0625 0.048828125
0 0.140625 0.30859375 0.056640625 0.04296875
0 0.125 0.474609375 0.064453125 0.046875
0 0.146484375 0.53125 0.08984375 0.060546875
0 0.173828125 0.58984375 0.0859375 0.07421875
0 0.212890625 0.638671875 0.056640625 0.05078125
0 0.224609375 0.685546875 0.0625 0.033203125
0 0.068359375 0.951171875 0.0390625 0.056640625
0 0.099609375 0.98046875 0.05859375 0.037109375
0 0.25390625 0.7421875 0.0703125 0.03125
0 0.29296875 0.78515625 0.046875 0.03515625
0 0.330078125 0.810546875 0.05859375 0.044921875
0 0.291015625 0.841796875 0.05859375 0.044921875
0 0.36328125 0.8984375 0.150390625 0.138671875
0 0.4140625 0.9765625 0.05859375 0.044921875
0 0.53125 0.64453125 0.05078125 0.052734375
0 0.548828125 0.736328125 0.072265625 0.05859375
0 0.576171875 0.826171875 0.072265625 0.048828125
0 0.61328125 0.890625 0.068359375 0.064453125
0 0.66015625 0.978515625 0.068359375 0.041015625
0 0.560546875 0.572265625 0.060546875 0.0625
0 0.603515625 0.595703125 0.078125 0.0546875
0 0.638671875 0.671875 0.111328125 0.1015625
0 0.68359375 0.78125 0.111328125 0.1484375
0 0.71875 0.89453125 0.078125 0.0625
0 0.73046875 0.962890625 0.08203125 0.068359375
0 0.779296875 0.921875 0.060546875 0.068359375
0 0.78515625 0.873046875 0.05859375 0.048828125
0 0.841796875 0.89453125 0.078125 0.05859375
0 0.79296875 0.82421875 0.05078125 0.04296875
0 0.783203125 0.783203125 0.0625 0.0546875
0 0.7734375 0.7421875 0.072265625 0.05078125
0 0.767578125 0.693359375 0.064453125 0.05859375
0 0.751953125 0.642578125 0.05859375 0.048828125
0 0.724609375 0.6015625 0.0703125 0.0546875
0 0.67578125 0.58203125 0.068359375 0.056640625
0 0.64453125 0.552734375 0.052734375 0.046875
0 0.58984375 0.5390625 0.068359375 0.052734375
0 0.568359375 0.46875 0.072265625 0.05859375
0 0.53125 0.396484375 0.068359375 0.056640625
0 0.505859375 0.328125 0.072265625 0.072265625
0 0.486328125 0.259765625 0.064453125 0.052734375
0 0.455078125 0.193359375 0.07421875 0.06640625
0 0.43359375 0.123046875 0.0703125 0.06640625
0 0.408203125 0.048828125 0.0859375 0.0703125
0 0.072265625 0.3203125 0.041015625 0.03515625
0 0.033203125 0.380859375 0.056640625 0.04296875
0 0.107421875 0.05859375 0.052734375 0.056640625
0 0.10546875 0.392578125 0.05859375 0.052734375
0 0.125 0.34765625 0.056640625 0.041015625