0 0.126953125 0.44921875 0.09375 0.1015625
0 0.091796875 0.2265625 0.078125 0.0703125
0 0.185546875 0.197265625 0.078125 0.0859375
0 0.2890625 0.130859375 0.0625 0.0546875
0 0.314453125 0.2109375 0.05859375 0.046875
0 0.3046875 0.60546875 0.0859375 0.08984375
0 0.125 0.576171875 0.0546875 0.109375
0 0.19921875 0.732421875 0.1015625 0.08984375
0 0.068359375 0.73828125 0.1171875 0.12109375
0 0.052734375 0.91015625 0.1015625 0.1328125
0 0.146484375 0.87109375 0.09765625 0.0859375
0 0.251953125 0.87109375 0.1015625 0.0859375
0 0.169921875 0.982421875 0.08203125 0.03515625
0 0.283203125 0.95703125 0.08984375 0.0859375
0 0.369140625 0.802734375 0.078125 0.08984375
0 0.48046875 0.666015625 0.1015625 0.09375
0 0.478515625 0.587890625 0.0546875 0.0625
0 0.896484375 0.603515625 0.0859375 0.0625
0 0.904296875 0.66796875 0.078125 0.0625
0 0.94140625 0.740234375 0.0625 0.0703125
0 0.98046875 0.794921875 0.0390625 0.08203125
0 0.80859375 0.26953125 0.078125 0.078125
0 0.771484375 0.099609375 0.0703125 0.05859375
0 0.748046875 0.02734375 0.0703125 0.0546875
0 0.646484375 0.826171875 0.0390625 0.03125
0 0.720703125 0.673828125 0.06640625 0.0546875
0 0.740234375 0.74609375 0.0546875 0.0703125
0 0.765625 0.818359375 0.046875 0.0546875
0 0.783203125 0.873046875 0.0546875 0.0390625
0 0.796875 0.9375 0.078125 0.0546875
0 0.681640625 0.60546875 0.0546875 0.0625
0 0.662109375 0.546875 0.0703125 0.0703125
0 0.505859375 0.552734375 0.03125 0.046875
0 0.49609375 0.529296875 0.046875 0.04296875
0 0.421875 0.42578125 0.04296875 0.0390625
0 0.373046875 0.34375 0.03125 0.0390625
0 0.40234375 0.400390625 0.0390625 0.0390625
0 0.537109375 0.626953125 0.04296875 0.046875
0 0.525390625 0.6015625 0.046875 0.04296875
0 0.564453125 0.681640625 0.0390625 0.0390625
0 0.572265625 0.712890625 0.0234375 0.03515625
0 0.62109375 0.763671875 0.0546875 0.03125
0 0.63671875 0.796875 0.0390625 0.0390625
0 0.66015625 0.861328125 0.0390625 0.0390625
0 0.673828125 0.88671875 0.0390625 0.046875
0 0.5 0.9375 0.0625 0.0546875
0 0.443359375 0.982421875 0.0859375 0.03515625
0 0.521484375 0.978515625 0.0703125 0.04296875
0 0.474609375 0.060546875 0.046875 0.0546875
0 0.544921875 0.38671875 0.07421875 0.0703125
0 0.755859375 0.380859375 0.0546875 0.046875
0 0.73828125 0.345703125 0.0390625 0.0546875
0 0.724609375 0.310546875 0.046875 0.0546875
0 0.70703125 0.28125 0.0234375 0.0390625
0 0.70703125 0.380859375 0.05859375 0.046875
0 0.1640625 0.572265625 0.0625 0.1015625
0 0.107421875 0.28125 0.0546875 0.06640625
0 0.2421875 0.37109375 0.0859375 0.0703125
0 0.689453125 0.955078125 0.125 0.0859375
0 0.85546875 0.4375 0.0703125 0.06640625
0 0.875 0.5234375 0.09375 0.1015625
0 0.9453125 0.306640625 0.0625 0.05859375
0 0.962890625 0.3515625 0.0625 0.046875