0 0.517578125 0.806640625 0.064453125 0.068359375
0 0.3046875 0.634765625 0.05078125 0.0546875
0 0.345703125 0.65625 0.0546875 0.060546875
0 0.30859375 0.7578125 0.064453125 0.07421875
0 0.2734375 0.53125 0.064453125 0.060546875
0 0.267578125 0.482421875 0.056640625 0.044921875
0 0.8046875 0.4140625 0.078125 0.083984375
0 0.8203125 0.703125 0.103515625 0.09375
0 0.70703125 0.119140625 0.072265625 0.076171875
0 0.97265625 0.15625 0.0546875 0.048828125
0 0.609375 0.43359375 0.068359375 0.064453125
0 0.591796875 0.357421875 0.076171875 0.068359375
0 0.5078125 0.146484375 0.080078125 0.0703125
0 0.462890625 0.02734375 0.07421875 0.048828125
0 0.6328125 0.576171875 0.06640625 0.060546875
0 0.642578125 0.505859375 0.080078125 0.068359375
0 0.623046875 0.80078125 0.05859375 0.056640625
0 0.646484375 0.650390625 0.05078125 0.046875
0 0.609375 0.876953125 0.0859375 0.068359375
0 0.6015625 0.953125 0.068359375 0.0703125
0 0.4296875 0.728515625 0.064453125 0.048828125
0 0.53125 0.21484375 0.080078125 0.060546875
0 0.826171875 0.96875 0.08203125 0.0625
0 0.025390625 0.232421875 0.05078125 0.07421875
0 0.048828125 0.078125 0.05859375 0.0703125