0 0.392578125 0.88671875 0.0546875 0.0546875
0 0.17578125 0.884765625 0.078125 0.078125
0 0.310546875 0.755859375 0.09765625 0.1015625
0 0.232421875 0.693359375 0.078125 0.078125
0 0.15234375 0.408203125 0.06640625 0.0703125
0 0.0703125 0.134765625 0.0625 0.08203125
0 0.14453125 0.1171875 0.0859375 0.06640625
0 0.197265625 0.095703125 0.05859375 0.0546875
0 0.296875 0.44921875 0.046875 0.05859375
0 0.216796875 0.447265625 0.0625 0.078125
0 0.2578125 0.439453125 0.0390625 0.04296875
0 0.267578125 0.337890625 0.0625 0.046875