0 0.474609375 0.67578125 0.0546875 0.0625
0 0.462890625 0.84375 0.0546875 0.0546875
0 0.494140625 0.76953125 0.0625 0.0625
0 0.529296875 0.716796875 0.0625 0.0546875
0 0.595703125 0.642578125 0.078125 0.06640625
0 0.630859375 0.59765625 0.0703125 0.02734375
0 0.638671875 0.546875 0.07421875 0.046875
0 0.671875 0.474609375 0.0859375 0.0625
0 0.548828125 0.529296875 0.07421875 0.046875
0 0.697265625 0.3515625 0.078125 0.078125
0 0.720703125 0.291015625 0.0859375 0.05859375
0 0.76953125 0.2109375 0.0625 0.0625
0 0.80859375 0.0703125 0.0546875 0.0546875
0 0.630859375 0.294921875 0.046875 0.0546875