0 0.603515625 0.916015625 0.0703125 0.0859375
0 0.544921875 0.939453125 0.078125 0.08203125
0 0.4453125 0.865234375 0.078125 0.078125
0 0.583984375 0.650390625 0.0625 0.05078125
0 0.53515625 0.619140625 0.07421875 0.0703125
0 0.474609375 0.65234375 0.0703125 0.0703125
0 0.380859375 0.611328125 0.0625 0.0703125
0 0.453125 0.140625 0.0546875 0.0546875
0 0.38671875 0.107421875 0.078125 0.078125
0 0.29296875 0.669921875 0.0703125 0.078125
0 0.21484375 0.40234375 0.0703125 0.078125
0 0.150390625 0.228515625 0.06640625 0.05859375
0 0.09765625 0.083984375 0.0546875 0.0625
0 0.134765625 0.978515625 0.0390625 0.04296875
0 0.18359375 0.8359375 0.05078125 0.046875
0 0.1875 0.7890625 0.046875 0.0390625
0 0.201171875 0.728515625 0.05078125 0.0546875
0 0.21484375 0.67578125 0.0390625 0.03125
0 0.201171875 0.6171875 0.05859375 0.06640625
0 0.185546875 0.5625 0.0546875 0.03515625
0 0.173828125 0.53515625 0.0546875 0.03515625
0 0.16796875 0.498046875 0.0546875 0.0390625
0 0.15625 0.462890625 0.046875 0.03125
0 0.154296875 0.4296875 0.046875 0.0390625