0 0.912109375 0.400390625 0.0859375 0.06640625
0 0.94140625 0.623046875 0.08203125 0.0625
0 0.931640625 0.70703125 0.0703125 0.0703125
0 0.97265625 0.810546875 0.0546875 0.078125
0 0.859375 0.17578125 0.078125 0.078125
0 0.80078125 0.068359375 0.05859375 0.0546875
0 0.9375 0.3203125 0.04296875 0.046875
0 0.97265625 0.466796875 0.046875 0.0546875
0 0.904296875 0.451171875 0.0703125 0.03515625
0 0.912109375 0.49609375 0.078125 0.05859375
0 0.966796875 0.54296875 0.05078125 0.04296875
0 0.916015625 0.189453125 0.0390625 0.046875
0 0.958984375 0.140625 0.0546875 0.0625
0 0.896484375 0.103515625 0.0703125 0.0625
0 0.859375 0.0703125 0.046875 0.0390625
0 0.060546875 0.73828125 0.0703125 0.0625
0 0.017578125 0.697265625 0.03515625 0.04296875
0 0.03515625 0.51953125 0.0703125 0.078125
0 0.01953125 0.412109375 0.0390625 0.03515625
0 0.029296875 0.31640625 0.05859375 0.0625
0 0.1015625 0.916015625 0.05078125 0.0546875
0 0.03125 0.841796875 0.0625 0.05859375
0 0.05859375 0.62890625 0.0546875 0.0546875
0 0.07421875 0.69921875 0.0546875 0.046875
0 0.138671875 0.943359375 0.046875 0.05859375
0 0.1328125 0.875 0.0546875 0.046875