0 0.4375 0.080078125 0.07421875 0.091796875
0 0.51953125 0.09375 0.083984375 0.076171875
0 0.59765625 0.052734375 0.0859375 0.068359375
0 0.587890625 0.158203125 0.080078125 0.060546875
0 0.541015625 0.201171875 0.064453125 0.064453125
0 0.568359375 0.3125 0.08203125 0.080078125
0 0.62890625 0.296875 0.0703125 0.078125
0 0.69921875 0.232421875 0.080078125 0.068359375
0 0.78515625 0.337890625 0.083984375 0.0625
0 0.673828125 0.361328125 0.05078125 0.052734375
0 0.666015625 0.43359375 0.087890625 0.08203125
0 0.740234375 0.431640625 0.05859375 0.05859375
0 0.806640625 0.4375 0.080078125 0.0703125
0 0.7421875 0.513671875 0.068359375 0.0703125
0 0.81640625 0.60546875 0.095703125 0.09375
0 0.841796875 0.5625 0.048828125 0.056640625
0 0.890625 0.552734375 0.080078125 0.083984375
0 0.8984375 0.44921875 0.09765625 0.091796875
0 0.7421875 0.29296875 0.076171875 0.064453125
0 0.91015625 0.6875 0.06640625 0.083984375
0 0.955078125 0.66796875 0.072265625 0.064453125
0 0.974609375 0.564453125 0.05078125 0.099609375
0 0.974609375 0.775390625 0.05078125 0.095703125
0 0.48828125 0.205078125 0.091796875 0.09765625
0 0.466796875 0.162109375 0.0703125 0.046875
0 0.81640625 0.185546875 0.064453125 0.048828125
0 0.37890625 0.0703125 0.05078125 0.046875
0 0.357421875 0.037109375 0.068359375 0.044921875
0 0.41796875 0.041015625 0.064453125 0.041015625