0 0.720703125 0.310546875 0.046875 0.0546875
0 0.697265625 0.638671875 0.046875 0.0546875
0 0.728515625 0.01953125 0.05859375 0.0390625
0 0.03515625 0.279296875 0.046875 0.0625
0 0.046875 0.17578125 0.04296875 0.046875
0 0.025390625 0.37109375 0.05078125 0.046875
0 0.041015625 0.576171875 0.0546875 0.0546875
0 0.03125 0.62109375 0.0625 0.0546875
0 0.025390625 0.65234375 0.046875 0.046875
0 0.1015625 0.470703125 0.0625 0.05859375
0 0.107421875 0.421875 0.0546875 0.05078125
0 0.126953125 0.390625 0.05078125 0.0546875
0 0.685546875 0.951171875 0.0703125 0.05859375
0 0.125 0.185546875 0.05078125 0.04296875
0 0.12109375 0.232421875 0.0390625 0.0390625
0 0.119140625 0.275390625 0.05859375 0.0625
0 0.115234375 0.36328125 0.04296875 0.046875
0 0.07421875 0.12109375 0.04296875 0.046875
0 0.01953125 0.501953125 0.0390625 0.09375