0 0.39453125 0.05859375 0.041015625 0.041015625
0 0.408203125 0.09765625 0.0390625 0.02734375
0 0.408203125 0.12890625 0.04296875 0.041015625
0 0.41796875 0.17578125 0.044921875 0.044921875
0 0.421875 0.21484375 0.048828125 0.046875
0 0.423828125 0.25390625 0.048828125 0.0390625
0 0.4296875 0.298828125 0.052734375 0.046875
0 0.431640625 0.33984375 0.048828125 0.048828125
0 0.43359375 0.380859375 0.041015625 0.041015625
0 0.43359375 0.42578125 0.046875 0.037109375
0 0.44140625 0.46484375 0.05078125 0.048828125
0 0.43359375 0.498046875 0.048828125 0.041015625
0 0.4375 0.533203125 0.0390625 0.037109375
0 0.439453125 0.572265625 0.048828125 0.037109375
0 0.443359375 0.609375 0.0546875 0.037109375
0 0.44921875 0.640625 0.052734375 0.037109375
0 0.458984375 0.67578125 0.05859375 0.044921875
0 0.458984375 0.708984375 0.029296875 0.037109375
0 0.46484375 0.748046875 0.044921875 0.0390625
0 0.46484375 0.787109375 0.052734375 0.044921875
0 0.470703125 0.828125 0.048828125 0.041015625
0 0.47265625 0.857421875 0.0390625 0.0390625
0 0.47265625 0.89453125 0.044921875 0.037109375
0 0.470703125 0.927734375 0.044921875 0.046875
0 0.474609375 0.9609375 0.04296875 0.033203125
0 0.48046875 0.986328125 0.041015625 0.025390625
0 0.3046875 0.9296875 0.087890625 0.08203125
0 0.314453125 0.65234375 0.068359375 0.08984375
0 0.294921875 0.408203125 0.095703125 0.083984375
0 0.24609375 0.212890625 0.080078125 0.072265625
0 0.0546875 0.3203125 0.08203125 0.099609375
0 0.056640625 0.439453125 0.076171875 0.099609375
0 0.126953125 0.546875 0.087890625 0.06640625
0 0.119140625 0.650390625 0.076171875 0.08984375
0 0.029296875 0.6328125 0.05859375 0.1171875
0 0.05859375 0.771484375 0.07421875 0.07421875
0 0.8203125 0.20703125 0.037109375 0.03125
0 0.80859375 0.1796875 0.037109375 0.037109375
0 0.740234375 0.046875 0.052734375 0.044921875
0 0.716796875 0.017578125 0.05078125 0.03515625
0 0.7578125 0.1484375 0.080078125 0.064453125
0 0.806640625 0.138671875 0.05078125 0.068359375
0 0.8203125 0.232421875 0.037109375 0.033203125
0 0.818359375 0.26171875 0.02734375 0.029296875
0 0.828125 0.2890625 0.044921875 0.03515625
0 0.833984375 0.3203125 0.048828125 0.037109375
0 0.8359375 0.353515625 0.044921875 0.037109375
0 0.83984375 0.376953125 0.0390625 0.03125
0 0.841796875 0.40234375 0.041015625 0.025390625
0 0.84375 0.43359375 0.03125 0.03515625
0 0.837890625 0.482421875 0.091796875 0.076171875
0 0.84765625 0.521484375 0.03515625 0.03515625
0 0.8359375 0.548828125 0.0390625 0.03125
0 0.8359375 0.5859375 0.048828125 0.0390625
0 0.828125 0.6171875 0.044921875 0.03125
0 0.8203125 0.6484375 0.04296875 0.03515625
0 0.818359375 0.68359375 0.044921875 0.037109375
0 0.8125 0.7109375 0.048828125 0.03125
0 0.806640625 0.7421875 0.056640625 0.0390625
0 0.7890625 0.78125 0.080078125 0.072265625
0 0.78125 0.84375 0.041015625 0.0390625
0 0.767578125 0.873046875 0.037109375 0.0390625
0 0.78515625 0.90234375 0.037109375 0.03515625
0 0.78515625 0.927734375 0.04296875 0.03515625
0 0.783203125 0.9765625 0.09375 0.046875
0 0.626953125 0.96484375 0.064453125 0.064453125
0 0.146484375 0.23046875 0.05078125 0.044921875
0 0.13671875 0.185546875 0.044921875 0.033203125
0 0.1328125 0.271484375 0.0390625 0.03125
0 0.134765625 0.310546875 0.044921875 0.041015625
0 0.13671875 0.359375 0.056640625 0.041015625
0 0.1171875 0.4296875 0.04296875 0.0546875
0 0.146484375 0.40625 0.046875 0.0390625
0 0.158203125 0.736328125 0.046875 0.048828125
0 0.572265625 0.0859375 0.060546875 0.064453125
0 0.58203125 0.169921875 0.0546875 0.052734375
0 0.607421875 0.298828125 0.06640625 0.060546875
0 0.607421875 0.380859375 0.0625 0.060546875
0 0.611328125 0.494140625 0.060546875 0.060546875
0 0.6171875 0.5625 0.068359375 0.0703125
0 0.62109375 0.67578125 0.05859375 0.068359375
0 0.623046875 0.765625 0.05859375 0.0625
0 0.62109375 0.884765625 0.0546875 0.06640625