0 0.5625 0.96484375 0.0703125 0.0390625
0 0.548828125 0.92578125 0.078125 0.0625
0 0.53515625 0.8828125 0.0703125 0.046875
0 0.52734375 0.845703125 0.07421875 0.03125
0 0.521484375 0.81640625 0.0625 0.0390625
0 0.50390625 0.767578125 0.08203125 0.0625
0 0.50390625 0.734375 0.0546875 0.0546875
0 0.48046875 0.693359375 0.0546875 0.03125
0 0.47265625 0.6640625 0.046875 0.04296875
0 0.42578125 0.64453125 0.0546875 0.0546875
0 0.560546875 0.984375 0.0703125 0.03125
0 0.453125 0.6015625 0.0703125 0.0546875
0 0.4453125 0.5546875 0.078125 0.0546875
0 0.42578125 0.515625 0.07421875 0.03515625
0 0.4296875 0.48828125 0.0625 0.04296875
0 0.41796875 0.45703125 0.0703125 0.04296875
0 0.404296875 0.419921875 0.0703125 0.05078125
0 0.3984375 0.390625 0.05078125 0.0390625
0 0.380859375 0.353515625 0.0625 0.046875
0 0.375 0.322265625 0.07421875 0.0390625
0 0.365234375 0.28515625 0.0703125 0.046875
0 0.357421875 0.263671875 0.06640625 0.02734375
0 0.353515625 0.216796875 0.06640625 0.0546875
0 0.33984375 0.19140625 0.05859375 0.03515625
0 0.333984375 0.1484375 0.078125 0.03515625
0 0.318359375 0.11328125 0.0625 0.046875
0 0.31640625 0.078125 0.05859375 0.04296875
0 0.318359375 0.048828125 0.0625 0.046875
0 0.318359375 0.015625 0.0703125 0.03125