0 0.423828125 0.236328125 0.060546875 0.060546875
0 0.40234375 0.13671875 0.0625 0.0625
0 0.439453125 0.05078125 0.056640625 0.076171875
0 0.431640625 0.3125 0.064453125 0.056640625
0 0.44140625 0.3671875 0.05078125 0.037109375
0 0.447265625 0.4375 0.0625 0.0546875
0 0.46875 0.55078125 0.046875 0.0390625
0 0.4765625 0.595703125 0.0625 0.052734375
0 0.4765625 0.654296875 0.0625 0.056640625
0 0.478515625 0.701171875 0.064453125 0.05859375
0 0.478515625 0.75390625 0.064453125 0.056640625
0 0.501953125 0.806640625 0.052734375 0.04296875
0 0.513671875 0.87890625 0.064453125 0.05859375
0 0.517578125 0.9375 0.0546875 0.048828125
0 0.533203125 0.974609375 0.048828125 0.048828125