0 0.265625 0.673828125 0.05078125 0.0546875
0 0.265625 0.55859375 0.0390625 0.0390625
0 0.2734375 0.51171875 0.046875 0.03125
0 0.2265625 0.970703125 0.0546875 0.0546875
0 0.22265625 0.767578125 0.0546875 0.0625
0 0.2265625 0.716796875 0.0546875 0.04296875
0 0.228515625 0.66796875 0.05078125 0.046875
0 0.23046875 0.625 0.046875 0.046875
0 0.224609375 0.58203125 0.046875 0.046875
0 0.22265625 0.5390625 0.046875 0.0390625
0 0.224609375 0.4921875 0.0390625 0.0390625
0 0.23046875 0.451171875 0.04296875 0.046875
0 0.228515625 0.40625 0.04296875 0.03515625
0 0.228515625 0.3671875 0.04296875 0.05859375
0 0.203125 0.92578125 0.04296875 0.03515625
0 0.16796875 0.958984375 0.0625 0.046875