0 0.1328125 0.919921875 0.087890625 0.083984375
0 0.08984375 0.98046875 0.083984375 0.037109375
0 0.2109375 0.958984375 0.046875 0.04296875
0 0.0625 0.609375 0.07421875 0.07421875
0 0.154296875 0.572265625 0.080078125 0.060546875
0 0.0703125 0.783203125 0.041015625 0.0390625
0 0.025390625 0.8203125 0.041015625 0.041015625
0 0.0625 0.853515625 0.064453125 0.044921875
0 0.06640625 0.814453125 0.046875 0.037109375
0 0.109375 0.794921875 0.046875 0.052734375
0 0.091796875 0.744140625 0.060546875 0.052734375
0 0.03515625 0.779296875 0.056640625 0.05078125
0 0.2265625 0.66796875 0.052734375 0.044921875
0 0.013671875 0.537109375 0.02734375 0.064453125
0 0.021484375 0.4921875 0.041015625 0.033203125
0 0.0546875 0.486328125 0.04296875 0.046875
0 0.01953125 0.67578125 0.03515625 0.0390625
0 0.060546875 0.71875 0.056640625 0.0546875
0 0.083984375 0.3046875 0.06640625 0.044921875
0 0.171875 0.056640625 0.05078125 0.04296875
0 0.06640625 0.099609375 0.0546875 0.041015625
0 0.037109375 0.189453125 0.0546875 0.041015625
0 0.064453125 0.15234375 0.029296875 0.044921875
0 0.095703125 0.15234375 0.044921875 0.048828125
0 0.115234375 0.35546875 0.07421875 0.05078125