0 0.541015625 0.19140625 0.068359375 0.068359375
0 0.580078125 0.296875 0.0625 0.072265625
0 0.62890625 0.416015625 0.060546875 0.068359375
0 0.669921875 0.509765625 0.0625 0.0625
0 0.4140625 0.767578125 0.0546875 0.0546875
0 0.41015625 0.6875 0.056640625 0.05078125
0 0.423828125 0.84765625 0.076171875 0.056640625
0 0.458984375 0.9296875 0.080078125 0.056640625
0 0.53515625 0.984375 0.05859375 0.029296875
0 0.59375 0.771484375 0.0859375 0.078125
0 0.5234375 0.5390625 0.09765625 0.095703125
0 0.4609375 0.314453125 0.09375 0.087890625
0 0.37890625 0.365234375 0.078125 0.091796875
0 0.41796875 0.169921875 0.095703125 0.07421875
0 0.40234375 0.595703125 0.07421875 0.0625
0 0.380859375 0.517578125 0.0625 0.056640625
0 0.240234375 0.134765625 0.12890625 0.12890625