0 0.068359375 0.05078125 0.0625 0.05078125
0 0.107421875 0.095703125 0.0625 0.07421875
0 0.1328125 0.205078125 0.0703125 0.0625
0 0.16796875 0.337890625 0.0703125 0.0625
0 0.05859375 0.48046875 0.078125 0.0703125
0 0.21875 0.49609375 0.06640625 0.0625
0 0.021484375 0.662109375 0.0390625 0.0859375
0 0.056640625 0.763671875 0.07421875 0.06640625
0 0.181640625 0.81640625 0.0703125 0.078125
0 0.126953125 0.94921875 0.0859375 0.078125
0 0.330078125 0.96484375 0.0703125 0.0546875
0 0.31640625 0.869140625 0.0546875 0.0625
0 0.30078125 0.775390625 0.0703125 0.078125
0 0.271484375 0.66796875 0.0703125 0.05859375
0 0.61328125 0.671875 0.046875 0.06640625
0 0.6484375 0.7265625 0.0625 0.0703125
0 0.697265625 0.734375 0.0546875 0.07421875
0 0.755859375 0.734375 0.05859375 0.06640625
0 0.60546875 0.615234375 0.0546875 0.046875
0 0.59765625 0.560546875 0.0546875 0.046875
0 0.607421875 0.498046875 0.0546875 0.0625
0 0.404296875 0.083984375 0.07421875 0.05859375
0 0.4375 0.1328125 0.07421875 0.0625
0 0.47265625 0.197265625 0.0859375 0.0703125
0 0.51171875 0.244140625 0.08984375 0.05078125
0 0.54296875 0.291015625 0.0625 0.04296875
0 0.57421875 0.35546875 0.078125 0.05859375
0 0.6015625 0.40234375 0.07421875 0.05859375
0 0.6328125 0.44921875 0.0703125 0.0625
0 0.654296875 0.484375 0.05078125 0.0390625
0 0.7109375 0.548828125 0.09375 0.0546875
0 0.720703125 0.615234375 0.07421875 0.08984375
0 0.763671875 0.634765625 0.046875 0.046875
0 0.787109375 0.673828125 0.0703125 0.0390625
0 0.81640625 0.708984375 0.06640625 0.046875
0 0.84765625 0.76171875 0.0859375 0.0546875
0 0.896484375 0.794921875 0.0703125 0.046875
0 0.95703125 0.87109375 0.0859375 0.0546875
0 0.970703125 0.93359375 0.05859375 0.078125
0 0.98046875 0.822265625 0.0390625 0.06640625
0 0.953125 0.771484375 0.046875 0.046875
0 0.94140625 0.6875 0.05078125 0.0625
0 0.91796875 0.60546875 0.0546875 0.0625
0 0.888671875 0.505859375 0.0546875 0.05859375
0 0.84765625 0.451171875 0.046875 0.046875
0 0.80078125 0.388671875 0.0546875 0.0546875
0 0.767578125 0.326171875 0.0625 0.0546875
0 0.7265625 0.24609375 0.0546875 0.05859375
0 0.693359375 0.16796875 0.0625 0.0625
0 0.66015625 0.09375 0.0625 0.0546875
0 0.6171875 0.015625 0.0546875 0.03125
0 0.71875 0.013671875 0.0703125 0.02734375
0 0.748046875 0.0625 0.0859375 0.06640625
0 0.76953125 0.13671875 0.0703125 0.0703125
0 0.798828125 0.1953125 0.0625 0.05859375
0 0.828125 0.25390625 0.0703125 0.0703125
0 0.876953125 0.224609375 0.0703125 0.0625
0 0.919921875 0.310546875 0.078125 0.0703125
0 0.849609375 0.322265625 0.08203125 0.078125
0 0.89453125 0.396484375 0.078125 0.0703125
0 0.919921875 0.455078125 0.0625 0.05859375
0 0.953125 0.517578125 0.06640625 0.0625
0 0.970703125 0.583984375 0.05859375 0.06640625
0 0.189453125 0.736328125 0.0859375 0.0703125
0 0.87109375 0.693359375 0.0546875 0.07421875
0 0.376953125 0.0390625 0.15625 0.078125
0 0.853515625 0.009765625 0.06640625 0.01953125