0 0.087890625 0.599609375 0.0859375 0.06640625
0 0.05859375 0.376953125 0.08203125 0.06640625
0 0.068359375 0.29296875 0.0703125 0.07421875
0 0.02734375 0.189453125 0.0546875 0.078125
0 0.140625 0.82421875 0.078125 0.078125
0 0.19921875 0.931640625 0.05859375 0.0546875
0 0.0625 0.6796875 0.04296875 0.05078125
0 0.02734375 0.533203125 0.05078125 0.0546875
0 0.095703125 0.548828125 0.0703125 0.03515625
0 0.087890625 0.50390625 0.078125 0.05859375
0 0.033203125 0.45703125 0.05078125 0.04296875
0 0.083984375 0.810546875 0.0390625 0.046875
0 0.041015625 0.859375 0.0546875 0.0625
0 0.103515625 0.896484375 0.0703125 0.0625
0 0.140625 0.9296875 0.046875 0.0390625
0 0.939453125 0.26171875 0.0703125 0.0625
0 0.982421875 0.302734375 0.03515625 0.04296875
0 0.96484375 0.48046875 0.0703125 0.078125
0 0.98046875 0.587890625 0.0390625 0.03515625
0 0.970703125 0.68359375 0.05859375 0.0625
0 0.8984375 0.083984375 0.05078125 0.0546875
0 0.96875 0.158203125 0.0625 0.05859375
0 0.94140625 0.37109375 0.0546875 0.0546875
0 0.92578125 0.30078125 0.0546875 0.046875
0 0.861328125 0.056640625 0.05078125 0.05859375
0 0.8671875 0.125 0.0546875 0.046875