0 0.25 0.63671875 0.06640625 0.0546875
0 0.25390625 0.357421875 0.0625 0.0703125
0 0.2578125 0.0859375 0.0625 0.0546875
0 0.248046875 0.919921875 0.046875 0.046875
0 0.146484375 0.7109375 0.04296875 0.04296875
0 0.85546875 0.81640625 0.0703125 0.0703125
0 0.837890625 0.962890625 0.06640625 0.0625
0 0.921875 0.75390625 0.0546875 0.0703125
0 0.861328125 0.751953125 0.046875 0.0546875
0 0.8515625 0.689453125 0.0703125 0.05859375
0 0.869140625 0.6484375 0.04296875 0.0546875
0 0.8984375 0.466796875 0.05078125 0.05859375
0 0.8828125 0.560546875 0.0625 0.046875
0 0.908203125 0.375 0.0703125 0.078125
0 0.92578125 0.287109375 0.06640625 0.05859375
0 0.935546875 0.234375 0.0625 0.07421875
0 0.9375 0.169921875 0.0625 0.0625
0 0.87890625 0.103515625 0.0546875 0.1015625
0 0.75390625 0.2109375 0.0546875 0.05859375
0 0.736328125 0.26171875 0.0546875 0.03515625
0 0.71875 0.291015625 0.0390625 0.03125
0 0.7109375 0.3203125 0.03125 0.0390625
0 0.701171875 0.353515625 0.046875 0.046875
0 0.80859375 0.125 0.0546875 0.03125
0 0.828125 0.091796875 0.06640625 0.0390625
0 0.841796875 0.0625 0.0625 0.0234375
0 0.8515625 0.01953125 0.0390625 0.0390625
0 0.037109375 0.263671875 0.06640625 0.0546875
0 0.03515625 0.33203125 0.0390625 0.05078125
0 0.953125 0.021484375 0.0390625 0.0390625