0 0.4453125 0.6484375 0.0625 0.0546875
0 0.46875 0.798828125 0.0703125 0.0703125
0 0.482421875 0.982421875 0.0625 0.03125
0 0.576171875 0.97265625 0.09375 0.0546875
0 0.5078125 0.9375 0.0546875 0.0546875
0 0.478515625 0.146484375 0.0703125 0.0546875
0 0.6328125 0.095703125 0.08984375 0.0703125
0 0.6640625 0.044921875 0.0703125 0.0546875
0 0.7265625 0.083984375 0.0625 0.0625
0 0.875 0.08203125 0.08984375 0.078125
0 0.16015625 0.30078125 0.0703125 0.06640625
0 0.318359375 0.220703125 0.078125 0.0703125
0 0.298828125 0.158203125 0.0546875 0.0390625
0 0.03125 0.125 0.05859375 0.05859375
0 0.021484375 0.46875 0.0390625 0.078125
0 0.013671875 0.388671875 0.02734375 0.078125
0 0.47265625 0.265625 0.08984375 0.0625
0 0.404296875 0.24609375 0.0625 0.0625
0 0.388671875 0.291015625 0.0546875 0.0390625
0 0.501953125 0.021484375 0.05078125 0.03125
0 0.2890625 0.11328125 0.046875 0.0390625
0 0.234375 0.083984375 0.05078125 0.0390625
0 0.1875 0.1171875 0.046875 0.03515625
0 0.888671875 0.97265625 0.08984375 0.0546875
0 0.435546875 0.48828125 0.05078125 0.0703125
0 0.072265625 0.18359375 0.0703125 0.0625
0 0.6796875 0.9609375 0.078125 0.0703125