0 0.8125 0.6328125 0.0859375 0.078125
0 0.85546875 0.783203125 0.078125 0.08203125
0 0.802734375 0.720703125 0.078125 0.0625
0 0.716796875 0.646484375 0.0546875 0.046875
0 0.73828125 0.69140625 0.0625 0.03515625
0 0.919921875 0.908203125 0.078125 0.07421875
0 0.865234375 0.9765625 0.06640625 0.046875
0 0.796875 0.953125 0.0546875 0.0546875
0 0.720703125 0.951171875 0.0546875 0.0546875
0 0.818359375 0.888671875 0.078125 0.0625
0 0.630859375 0.287109375 0.09375 0.08984375
0 0.78125 0.46484375 0.0625 0.04296875
0 0.98046875 0.501953125 0.0390625 0.0859375
0 0.771484375 0.81640625 0.03515625 0.0390625
0 0.73046875 0.837890625 0.0703125 0.0625
0 0.693359375 0.787109375 0.0859375 0.0703125
0 0.607421875 0.462890625 0.0625 0.0546875
0 0.7109375 0.73046875 0.078125 0.0546875