0 0.7890625 0.798828125 0.0703125 0.0703125
0 0.7890625 0.4765625 0.05859375 0.0546875
0 0.83984375 0.1171875 0.046875 0.06640625
0 0.84375 0.35546875 0.046875 0.0390625
0 0.8671875 0.4453125 0.078125 0.05078125
0 0.853515625 0.607421875 0.05078125 0.0546875
0 0.814453125 0.61328125 0.0546875 0.0546875
0 0.86328125 0.23046875 0.046875 0.0546875
0 0.904296875 0.15234375 0.046875 0.0546875
0 0.830078125 0.015625 0.046875 0.03125
0 0.84375 0.521484375 0.05859375 0.0546875
0 0.71875 0.919921875 0.046875 0.04296875
0 0.724609375 0.97265625 0.0546875 0.0546875
0 0.1640625 0.478515625 0.0703125 0.06640625
0 0.1328125 0.07421875 0.0703125 0.05859375