0 0.900390625 0.06640625 0.078125 0.080078125
0 0.927734375 0.1640625 0.076171875 0.0703125
0 0.958984375 0.275390625 0.08203125 0.07421875
0 0.970703125 0.333984375 0.05859375 0.056640625
0 0.9765625 0.392578125 0.044921875 0.076171875
0 0.111328125 0.3671875 0.06640625 0.060546875
0 0.029296875 0.1328125 0.05078125 0.068359375
0 0.017578125 0.48046875 0.033203125 0.056640625
0 0.27734375 0.84375 0.076171875 0.060546875
0 0.19921875 0.609375 0.064453125 0.05859375
0 0.41015625 0.767578125 0.078125 0.048828125
0 0.11328125 0.9140625 0.078125 0.072265625
0 0.037109375 0.966796875 0.07421875 0.06640625
0 0.04296875 0.689453125 0.0546875 0.0625
0 0.0625 0.6328125 0.072265625 0.076171875
0 0.0234375 0.587890625 0.044921875 0.060546875
0 0.041015625 0.21484375 0.072265625 0.0703125