0 0.046875 0.759765625 0.0625 0.0625
0 0.03515625 0.96875 0.05859375 0.0546875
0 0.01953125 0.916015625 0.0390625 0.0390625
0 0.126953125 0.958984375 0.046875 0.0546875
0 0.205078125 0.947265625 0.05859375 0.046875
0 0.033203125 0.658203125 0.0625 0.0546875
0 0.0625 0.298828125 0.046875 0.046875
0 0.228515625 0.01953125 0.05859375 0.0390625
0 0.2265625 0.07421875 0.0546875 0.046875
0 0.404296875 0.0546875 0.04296875 0.0390625
0 0.42578125 0.126953125 0.046875 0.03515625
0 0.427734375 0.095703125 0.046875 0.046875
0 0.439453125 0.248046875 0.0390625 0.046875
0 0.41015625 0.21875 0.046875 0.0546875
0 0.470703125 0.28515625 0.0390625 0.03515625
0 0.4921875 0.322265625 0.046875 0.05078125
0 0.3671875 0.294921875 0.04296875 0.046875
0 0.263671875 0.1875 0.0390625 0.046875
0 0.212890625 0.19921875 0.0546875 0.046875
0 0.21484375 0.12890625 0.0546875 0.04296875
0 0.361328125 0.146484375 0.0703125 0.046875
0 0.224609375 0.255859375 0.03125 0.04296875
0 0.228515625 0.310546875 0.046875 0.05078125
0 0.314453125 0.37890625 0.0546875 0.0546875
0 0.234375 0.36328125 0.05078125 0.0390625
0 0.232421875 0.416015625 0.046875 0.0390625
0 0.048828125 0.052734375 0.09375 0.0859375
0 0.046875 0.12109375 0.0625 0.04296875
0 0.18359375 0.6953125 0.0390625 0.0390625
0 0.154296875 0.751953125 0.03125 0.0390625
0 0.080078125 0.220703125 0.0859375 0.0625
0 0.041015625 0.544921875 0.08203125 0.07421875
0 0.294921875 0.443359375 0.046875 0.0390625
0 0.265625 0.505859375 0.046875 0.0390625
0 0.048828125 0.806640625 0.05078125 0.046875
0 0.05859375 0.85546875 0.03515625 0.03125
0 0.072265625 0.89453125 0.02734375 0.0390625