0 0.93359375 0.453125 0.06640625 0.05078125
0 0.951171875 0.59765625 0.068359375 0.060546875
0 0.958984375 0.6953125 0.068359375 0.078125
0 0.947265625 0.787109375 0.064453125 0.08203125
0 0.908203125 0.291015625 0.052734375 0.037109375
0 0.90625 0.263671875 0.048828125 0.04296875
0 0.90234375 0.228515625 0.064453125 0.03515625
0 0.06640625 0.53125 0.0703125 0.068359375
0 0.029296875 0.203125 0.056640625 0.087890625
0 0.076171875 0.734375 0.07421875 0.072265625
0 0.099609375 0.9375 0.087890625 0.076171875
0 0.044921875 0.978515625 0.08984375 0.04296875