0 0.9453125 0.1796875 0.0546875 0.03125
0 0.962890625 0.203125 0.05078125 0.03515625
0 0.98046875 0.23046875 0.0390625 0.02734375
0 0.990234375 0.265625 0.01953125 0.046875
0 0.927734375 0.1484375 0.046875 0.046875
0 0.91796875 0.12109375 0.04296875 0.03125
0 0.912109375 0.083984375 0.05078125 0.0390625
0 0.900390625 0.05078125 0.0546875 0.03515625
0 0.890625 0.01953125 0.0546875 0.0390625
0 0.626953125 0.93359375 0.0625 0.05859375
0 0.62890625 0.982421875 0.05859375 0.03125
0 0.611328125 0.873046875 0.0625 0.0625
0 0.599609375 0.810546875 0.046875 0.046875
0 0.58984375 0.763671875 0.0625 0.0546875
0 0.587890625 0.69140625 0.0546875 0.07421875
0 0.595703125 0.5234375 0.0546875 0.05859375
0 0.578125 0.349609375 0.0546875 0.0546875
0 0.55859375 0.212890625 0.046875 0.0546875
0 0.53515625 0.068359375 0.046875 0.0546875
0 0.560546875 0.60546875 0.0546875 0.0625
0 0.5546875 0.541015625 0.0625 0.046875
0 0.548828125 0.501953125 0.0546875 0.046875
0 0.541015625 0.46875 0.0546875 0.0390625
0 0.5390625 0.427734375 0.0546875 0.05859375
0 0.525390625 0.32421875 0.0546875 0.04296875
0 0.521484375 0.3515625 0.0625 0.0390625
0 0.52734375 0.376953125 0.0390625 0.04296875
0 0.525390625 0.28515625 0.0703125 0.046875
0 0.515625 0.24609375 0.05859375 0.0390625
0 0.51171875 0.21484375 0.0546875 0.0390625
0 0.509765625 0.181640625 0.05859375 0.0390625
0 0.50390625 0.140625 0.05859375 0.04296875
0 0.498046875 0.103515625 0.05859375 0.046875
0 0.484375 0.07421875 0.05859375 0.03125
0 0.478515625 0.041015625 0.05078125 0.046875
0 0.4609375 0.015625 0.046875 0.03125
0 0.408203125 0.79296875 0.06640625 0.0625
0 0.431640625 0.859375 0.046875 0.0390625
0 0.46875 0.9375 0.046875 0.046875
0 0.28125 0.58203125 0.046875 0.046875
0 0.265625 0.474609375 0.05859375 0.0546875
0 0.1484375 0.974609375 0.0546875 0.05078125
0 0.15234375 0.93359375 0.0546875 0.046875
0 0.15234375 0.88671875 0.0625 0.0390625
0 0.15234375 0.845703125 0.05859375 0.04296875
0 0.16015625 0.8046875 0.0625 0.0390625
0 0.169921875 0.763671875 0.05078125 0.046875
0 0.203125 0.83984375 0.04296875 0.0390625
0 0.208984375 0.630859375 0.0546875 0.0390625
0 0.19140625 0.669921875 0.0546875 0.0390625
0 0.228515625 0.5859375 0.0546875 0.05078125
0 0.212890625 0.4921875 0.046875 0.02734375
0 0.220703125 0.51953125 0.046875 0.0234375
0 0.224609375 0.546875 0.0546875 0.046875
0 0.21875 0.451171875 0.05078125 0.03125
0 0.21875 0.416015625 0.05078125 0.05859375
0 0.197265625 0.3125 0.05859375 0.0546875
0 0.26171875 0.18359375 0.0625 0.05078125
0 0.240234375 0.09375 0.0625 0.046875
0 0.234375 0.041015625 0.07421875 0.0703125
0 0.2890625 0.275390625 0.05078125 0.046875
0 0.76953125 0.015625 0.046875 0.03125
0 0.7890625 0.154296875 0.04296875 0.0546875