0 0.79296875 0.623046875 0.076171875 0.068359375
0 0.8203125 0.51953125 0.072265625 0.052734375
0 0.876953125 0.078125 0.0625 0.05078125
0 0.861328125 0.150390625 0.080078125 0.07421875
0 0.625 0.2265625 0.060546875 0.07421875
0 0.595703125 0.31640625 0.078125 0.060546875
0 0.60546875 0.390625 0.099609375 0.0703125
0 0.58984375 0.470703125 0.10546875 0.072265625
0 0.796875 0.75 0.083984375 0.087890625
0 0.80859375 0.87890625 0.1015625 0.07421875
0 0.81640625 0.4140625 0.0625 0.087890625
0 0.84765625 0.23046875 0.0625 0.064453125
0 0.59375 0.5546875 0.09765625 0.080078125