0 0.66015625 0.64453125 0.083984375 0.064453125
0 0.755859375 0.955078125 0.083984375 0.068359375
0 0.818359375 0.9765625 0.06640625 0.046875
0 0.615234375 0.23828125 0.068359375 0.048828125
0 0.515625 0.1640625 0.08203125 0.072265625
0 0.46484375 0.115234375 0.076171875 0.06640625
0 0.390625 0.060546875 0.0625 0.044921875
0 0.376953125 0.119140625 0.072265625 0.052734375
0 0.357421875 0.169921875 0.07421875 0.05078125
0 0.537109375 0.099609375 0.044921875 0.048828125
0 0.56640625 0.0703125 0.080078125 0.052734375
0 0.537109375 0.01953125 0.064453125 0.0390625
0 0.78125 0.533203125 0.076171875 0.05859375
0 0.71875 0.453125 0.06640625 0.0546875
0 0.783203125 0.46875 0.072265625 0.052734375
0 0.69140625 0.908203125 0.044921875 0.052734375