0 0.765625 0.3125 0.048828125 0.064453125
0 0.765625 0.16015625 0.05078125 0.068359375
0 0.7421875 0.0234375 0.0625 0.046875
0 0.814453125 0.314453125 0.052734375 0.072265625
0 0.837890625 0.4453125 0.087890625 0.083984375
0 0.837890625 0.564453125 0.05078125 0.068359375
0 0.849609375 0.681640625 0.064453125 0.046875
0 0.8515625 0.806640625 0.048828125 0.041015625
0 0.83984375 0.953125 0.0625 0.041015625
0 0.779296875 0.83203125 0.056640625 0.06640625
0 0.775390625 0.98828125 0.064453125 0.0234375
0 0.7734375 0.658203125 0.068359375 0.078125
0 0.76171875 0.48046875 0.052734375 0.068359375
0 0.5390625 0.24609375 0.04296875 0.044921875
0 0.857421875 0.3046875 0.052734375 0.060546875