0 0.232421875 0.63671875 0.095703125 0.07421875
0 0.2890625 0.578125 0.09375 0.080078125
0 0.341796875 0.505859375 0.064453125 0.056640625
0 0.3984375 0.435546875 0.076171875 0.072265625
0 0.453125 0.37109375 0.064453125 0.056640625
0 0.50390625 0.30078125 0.068359375 0.064453125
0 0.556640625 0.216796875 0.068359375 0.06640625
0 0.640625 0.201171875 0.064453125 0.0703125
0 0.662109375 0.109375 0.083984375 0.08203125
0 0.7265625 0.04296875 0.080078125 0.0703125
0 0.75390625 0.10546875 0.056640625 0.05078125
0 0.7734375 0.138671875 0.0703125 0.044921875
0 0.798828125 0.173828125 0.083984375 0.044921875
0 0.83203125 0.251953125 0.0859375 0.060546875
0 0.841796875 0.291015625 0.068359375 0.046875
0 0.87890625 0.32421875 0.06640625 0.05078125
0 0.90625 0.361328125 0.068359375 0.046875
0 0.919921875 0.396484375 0.072265625 0.046875
0 0.939453125 0.44140625 0.080078125 0.0546875
0 0.94140625 0.48828125 0.0625 0.05859375
0 0.79296875 0.498046875 0.068359375 0.060546875
0 0.69140625 0.306640625 0.056640625 0.064453125
0 0.84375 0.6015625 0.064453125 0.056640625
0 0.888671875 0.69921875 0.068359375 0.06640625
0 0.927734375 0.80078125 0.0625 0.052734375
0 0.05078125 0.908203125 0.0703125 0.072265625
0 0.0546875 0.9765625 0.078125 0.046875
0 0.96484375 0.888671875 0.0703125 0.091796875
0 0.91796875 0.587890625 0.05078125 0.064453125
0 0.978515625 0.52734375 0.04296875 0.109375
0 0.95703125 0.634765625 0.044921875 0.056640625