0 0.54296875 0.07421875 0.06640625 0.06640625
0 0.57421875 0.158203125 0.0625 0.0625
0 0.59765625 0.23046875 0.0703125 0.0703125
0 0.48046875 0.4765625 0.09765625 0.1171875
0 0.404296875 0.232421875 0.11328125 0.1015625
0 0.626953125 0.640625 0.0703125 0.078125
0 0.765625 0.87109375 0.1171875 0.1171875
0 0.576171875 0.837890625 0.08203125 0.07421875
0 0.544921875 0.693359375 0.078125 0.0859375
0 0.4921875 0.88671875 0.05859375 0.0703125
0 0.3671875 0.8125 0.0703125 0.078125
0 0.453125 0.80859375 0.0703125 0.0703125
0 0.423828125 0.7109375 0.0703125 0.07421875
0 0.375 0.591796875 0.0703125 0.0625
0 0.326171875 0.501953125 0.0703125 0.0703125
0 0.291015625 0.408203125 0.0625 0.06640625
0 0.97265625 0.806640625 0.0546875 0.046875
0 0.984375 0.759765625 0.03125 0.05078125
0 0.986328125 0.85546875 0.02734375 0.0390625
0 0.94140625 0.021484375 0.078125 0.04296875