0 0.810546875 0.041015625 0.0625 0.0625
0 0.83984375 0.103515625 0.0625 0.0546875
0 0.859375 0.158203125 0.078125 0.05078125
0 0.873046875 0.208984375 0.046875 0.04296875
0 0.89453125 0.23828125 0.0546875 0.046875
0 0.91015625 0.283203125 0.05859375 0.046875
0 0.92578125 0.322265625 0.0546875 0.046875
0 0.927734375 0.36328125 0.0390625 0.046875
0 0.951171875 0.40234375 0.0625 0.04296875
0 0.9609375 0.439453125 0.05859375 0.046875
0 0.96875 0.482421875 0.0546875 0.03515625
0 0.974609375 0.51953125 0.05078125 0.046875
0 0.982421875 0.564453125 0.03515625 0.046875
0 0.986328125 0.619140625 0.0234375 0.0625