0 0.4921875 0.796875 0.07421875 0.0703125
0 0.44921875 0.833984375 0.05078125 0.0625
0 0.5 0.90625 0.05078125 0.046875
0 0.53125 0.8828125 0.0625 0.05859375
0 0.595703125 0.912109375 0.0859375 0.0703125
0 0.611328125 0.974609375 0.08984375 0.046875
0 0.5546875 0.982421875 0.05078125 0.03515625
0 0.4375 0.97265625 0.0546875 0.0546875
0 0.3828125 0.892578125 0.05859375 0.0625
0 0.46484375 0.763671875 0.0546875 0.046875
0 0.400390625 0.68359375 0.09765625 0.0703125
0 0.318359375 0.705078125 0.05859375 0.046875
0 0.330078125 0.66015625 0.0703125 0.0546875
0 0.24609375 0.53125 0.078125 0.0625
0 0.23046875 0.658203125 0.06640625 0.0625
0 0.181640625 0.587890625 0.0703125 0.0625
0 0.166015625 0.451171875 0.0546875 0.05859375
0 0.1328125 0.513671875 0.0625 0.0546875
0 0.06640625 0.435546875 0.07421875 0.0625
0 0.359375 0.771484375 0.12109375 0.09375