0 0.95703125 0.064453125 0.060546875 0.06640625
0 0.412109375 0.951171875 0.08203125 0.0546875
0 0.37890625 0.875 0.1015625 0.068359375
0 0.3515625 0.802734375 0.0859375 0.076171875
0 0.31640625 0.70703125 0.078125 0.0546875
0 0.29296875 0.64453125 0.078125 0.060546875
0 0.265625 0.548828125 0.06640625 0.056640625
0 0.251953125 0.470703125 0.08984375 0.0703125
0 0.22265625 0.380859375 0.078125 0.068359375
0 0.244140625 0.4140625 0.044921875 0.0390625
0 0.205078125 0.3203125 0.083984375 0.072265625
0 0.189453125 0.255859375 0.072265625 0.05859375
0 0.154296875 0.181640625 0.0703125 0.05859375
0 0.134765625 0.1171875 0.09765625 0.06640625
0 0.103515625 0.06640625 0.083984375 0.068359375
0 0.064453125 0.013671875 0.09765625 0.02734375