0 0.208984375 0.384765625 0.087890625 0.091796875
0 0.240234375 0.04296875 0.060546875 0.06640625
0 0.2109375 0.638671875 0.0703125 0.072265625
0 0.232421875 0.888671875 0.08203125 0.083984375
0 0.03515625 0.6640625 0.068359375 0.0859375
0 0.126953125 0.384765625 0.0390625 0.0390625
0 0.125 0.34765625 0.041015625 0.0390625
0 0.130859375 0.310546875 0.04296875 0.044921875
0 0.1328125 0.2734375 0.04296875 0.044921875
0 0.150390625 0.236328125 0.048828125 0.044921875
0 0.16015625 0.205078125 0.037109375 0.044921875
0 0.169921875 0.16796875 0.04296875 0.046875
0 0.1875 0.134765625 0.048828125 0.04296875
0 0.19140625 0.095703125 0.04296875 0.041015625
0 0.205078125 0.056640625 0.044921875 0.041015625
0 0.21484375 0.017578125 0.0546875 0.03515625
0 0.12890625 0.421875 0.044921875 0.041015625
0 0.12109375 0.47265625 0.041015625 0.052734375
0 0.125 0.548828125 0.0546875 0.037109375
0 0.123046875 0.599609375 0.05078125 0.046875
0 0.134765625 0.6640625 0.056640625 0.033203125
0 0.134765625 0.689453125 0.033203125 0.041015625
0 0.13671875 0.724609375 0.048828125 0.041015625
0 0.142578125 0.7578125 0.04296875 0.041015625
0 0.96875 0.45703125 0.0625 0.0625
0 0.978515625 0.3359375 0.04296875 0.060546875
0 0.962890625 0.595703125 0.072265625 0.0703125
0 0.962890625 0.685546875 0.072265625 0.0859375
0 0.982421875 0.77734375 0.03515625 0.056640625
0 0.447265625 0.01171875 0.044921875 0.021484375
0 0.455078125 0.03515625 0.052734375 0.0390625
0 0.44140625 0.07421875 0.046875 0.04296875
0 0.439453125 0.125 0.0546875 0.03515625
0 0.4296875 0.169921875 0.04296875 0.052734375
0 0.421875 0.212890625 0.04296875 0.046875
0 0.41015625 0.2578125 0.052734375 0.044921875
0 0.408203125 0.296875 0.046875 0.041015625
0 0.40234375 0.34375 0.05078125 0.04296875
0 0.396484375 0.390625 0.048828125 0.046875
0 0.390625 0.43359375 0.05078125 0.044921875
0 0.390625 0.486328125 0.056640625 0.044921875
0 0.38671875 0.525390625 0.05859375 0.05078125
0 0.384765625 0.57421875 0.056640625 0.052734375
0 0.380859375 0.62109375 0.05078125 0.05078125
0 0.373046875 0.66015625 0.041015625 0.048828125
0 0.376953125 0.7109375 0.046875 0.052734375
0 0.376953125 0.765625 0.0546875 0.0390625
0 0.3828125 0.810546875 0.06640625 0.041015625
0 0.384765625 0.853515625 0.0546875 0.046875
0 0.390625 0.892578125 0.05859375 0.052734375
0 0.3984375 0.958984375 0.037109375 0.056640625
0 0.515625 0.5078125 0.064453125 0.07421875
0 0.50390625 0.64453125 0.0703125 0.068359375
0 0.498046875 0.72265625 0.05859375 0.06640625
0 0.5234375 0.818359375 0.0625 0.064453125
0 0.537109375 0.892578125 0.05859375 0.064453125
0 0.572265625 0.9765625 0.080078125 0.044921875
0 0.5390625 0.384765625 0.068359375 0.072265625
0 0.556640625 0.263671875 0.0546875 0.048828125
0 0.587890625 0.1640625 0.052734375 0.0703125
0 0.609375 0.064453125 0.037109375 0.06640625
0 0.76171875 0.142578125 0.046875 0.0390625
0 0.76171875 0.11328125 0.046875 0.0390625
0 0.720703125 0.18359375 0.046875 0.041015625
0 0.703125 0.29296875 0.060546875 0.04296875
0 0.6796875 0.37890625 0.07421875 0.08984375
0 0.685546875 0.470703125 0.099609375 0.080078125
0 0.642578125 0.498046875 0.044921875 0.04296875
0 0.63671875 0.529296875 0.048828125 0.048828125
0 0.630859375 0.58984375 0.046875 0.0546875
0 0.6328125 0.6328125 0.044921875 0.052734375
0 0.634765625 0.669921875 0.048828125 0.041015625
0 0.650390625 0.71875 0.05078125 0.02734375
0 0.62890625 0.78515625 0.0390625 0.02734375
0 0.66796875 0.79296875 0.041015625 0.0390625
0 0.6796875 0.822265625 0.05078125 0.03125
0 0.703125 0.87890625 0.044921875 0.041015625
0 0.720703125 0.91015625 0.046875 0.041015625
0 0.744140625 0.94921875 0.05078125 0.041015625
0 0.771484375 0.0234375 0.05078125 0.046875
0 0.517578125 0.314453125 0.048828125 0.04296875
0 0.056640625 0.97265625 0.0859375 0.052734375