0 0.908203125 0.2109375 0.0546875 0.078125
0 0.86328125 0.025390625 0.078125 0.05078125
0 0.904296875 0.0859375 0.05078125 0.0625
0 0.833984375 0.564453125 0.0546875 0.0625
0 0.904296875 0.658203125 0.0546875 0.04296875
0 0.826171875 0.845703125 0.09375 0.078125
0 0.912109375 0.54296875 0.0546875 0.046875
0 0.9140625 0.60546875 0.05078125 0.0546875
0 0.912109375 0.439453125 0.0546875 0.046875
0 0.916015625 0.392578125 0.05859375 0.046875
0 0.90234375 0.150390625 0.03125 0.046875
0 0.974609375 0.15234375 0.05078125 0.0703125