0 0.69140625 0.11328125 0.109375 0.0625
0 0.787109375 0.310546875 0.1015625 0.09375
0 0.880859375 0.50390625 0.0703125 0.08984375
0 0.974609375 0.728515625 0.05078125 0.0859375
0 0.87109375 0.83984375 0.0859375 0.0859375
0 0.810546875 0.650390625 0.0625 0.078125
0 0.70703125 0.734375 0.1015625 0.125
0 0.62109375 0.841796875 0.0859375 0.078125
0 0.53125 0.65234375 0.08984375 0.09375
0 0.6015625 0.521484375 0.1171875 0.109375
0 0.390625 0.3671875 0.09375 0.0859375
0 0.40625 0.16015625 0.0859375 0.09375
0 0.2265625 0.099609375 0.1015625 0.078125
0 0.125 0.228515625 0.0703125 0.078125
0 0.046875 0.126953125 0.08984375 0.07421875
0 0.2109375 0.615234375 0.09375 0.078125
0 0.240234375 0.76953125 0.05859375 0.046875
0 0.232421875 0.736328125 0.0546875 0.046875
0 0.19921875 0.69921875 0.0625 0.0234375
0 0.06640625 0.673828125 0.06640625 0.06640625
0 0.18359375 0.87109375 0.05078125 0.0546875
0 0.431640625 0.744140625 0.09375 0.0859375
0 0.044921875 0.9296875 0.08203125 0.08984375
0 0.1328125 0.58203125 0.0546875 0.05078125
0 0.10546875 0.541015625 0.05859375 0.06640625
0 0.064453125 0.47265625 0.0625 0.0625
0 0.025390625 0.419921875 0.05078125 0.0625
0 0.888671875 0.01953125 0.08203125 0.0390625