0 0.2734375 0.693359375 0.07421875 0.078125
0 0.27734375 0.416015625 0.0703125 0.078125
0 0.8515625 0.927734375 0.0390625 0.04296875
0 0.880859375 0.62890625 0.05078125 0.05078125
0 0.89453125 0.5859375 0.046875 0.0390625
0 0.9453125 0.328125 0.0625 0.05078125
0 0.978515625 0.244140625 0.0390625 0.06640625
0 0.966796875 0.603515625 0.0546875 0.1015625
0 0.830078125 0.701171875 0.046875 0.03515625
0 0.2578125 0.978515625 0.0625 0.0390625
0 0.216796875 0.2890625 0.03125 0.04296875
0 0.232421875 0.232421875 0.046875 0.0390625
0 0.21484375 0.33203125 0.0390625 0.04296875
0 0.92578125 0.427734375 0.046875 0.05078125
0 0.912109375 0.462890625 0.03515625 0.05078125
0 0.912109375 0.50390625 0.06640625 0.05078125
0 0.90234375 0.546875 0.046875 0.046875
0 0.873046875 0.546875 0.0234375 0.0234375
0 0.96484375 0.951171875 0.0546875 0.0625
0 0.9609375 0.8984375 0.05078125 0.0703125
0 0.958984375 0.83984375 0.046875 0.05078125
0 0.958984375 0.783203125 0.0546875 0.05078125
0 0.96875 0.71875 0.0625 0.0546875
0 0.8046875 0.78125 0.046875 0.0625
0 0.849609375 0.763671875 0.0546875 0.046875