0 0.466796875 0.705078125 0.078125 0.07421875
0 0.39453125 0.912109375 0.0390625 0.05859375
0 0.35546875 0.919921875 0.05859375 0.0703125
0 0.388671875 0.982421875 0.0546875 0.03125
0 0.18359375 0.736328125 0.05859375 0.046875
0 0.140625 0.75 0.0625 0.0625
0 0.173828125 0.8515625 0.05078125 0.0546875
0 0.205078125 0.9765625 0.0546875 0.046875
0 0.162109375 0.93359375 0.0703125 0.078125
0 0.05859375 0.861328125 0.046875 0.0546875
0 0.123046875 0.88671875 0.08984375 0.04296875
0 0.123046875 0.826171875 0.0703125 0.0546875
0 0.205078125 0.6171875 0.046875 0.046875
0 0.39453125 0.79296875 0.0625 0.078125
0 0.572265625 0.818359375 0.0546875 0.0390625
0 0.484375 0.80859375 0.0859375 0.0625
0 0.4765625 0.888671875 0.08203125 0.046875
0 0.453125 0.9296875 0.04296875 0.046875
0 0.32421875 0.84375 0.0703125 0.0625
0 0.25390625 0.7890625 0.07421875 0.0625
0 0.263671875 0.978515625 0.046875 0.0390625
0 0.275390625 0.953125 0.06640625 0.046875
0 0.296875 0.654296875 0.0546875 0.046875
0 0.591796875 0.6640625 0.0546875 0.0546875
0 0.591796875 0.94921875 0.08984375 0.07421875
0 0.37890625 0.552734375 0.078125 0.0703125
0 0.306640625 0.521484375 0.0703125 0.0546875
0 0.439453125 0.517578125 0.0625 0.04296875
0 0.494140625 0.640625 0.09765625 0.0859375
0 0.02734375 0.1875 0.0546875 0.046875
0 0.30859375 0.443359375 0.07421875 0.046875