0 0.806640625 0.244140625 0.04296875 0.0625
0 0.80078125 0.125 0.046875 0.0546875
0 0.392578125 0.583984375 0.05859375 0.0390625
0 0.39453125 0.623046875 0.0390625 0.0234375
0 0.404296875 0.658203125 0.0390625 0.0390625
0 0.404296875 0.689453125 0.04296875 0.0390625
0 0.4140625 0.72265625 0.046875 0.0390625
0 0.419921875 0.75390625 0.03125 0.03125
0 0.43359375 0.841796875 0.046875 0.03125
0 0.43359375 0.81640625 0.04296875 0.0390625
0 0.43359375 0.884765625 0.0390625 0.03125
0 0.435546875 0.9140625 0.0390625 0.03125
0 0.44140625 0.93359375 0.0390625 0.03125
0 0.44140625 0.94921875 0.03125 0.03125
0 0.419921875 0.958984375 0.0390625 0.0390625
0 0.447265625 0.97265625 0.0390625 0.0234375
0 0.396484375 0.548828125 0.0546875 0.046875
0 0.3984375 0.517578125 0.046875 0.0390625
0 0.400390625 0.482421875 0.05078125 0.0390625
0 0.396484375 0.453125 0.046875 0.0390625
0 0.39453125 0.423828125 0.04296875 0.03515625
0 0.39453125 0.3984375 0.0390625 0.0390625
0 0.359375 0.380859375 0.046875 0.04296875
0 0.38671875 0.3671875 0.05078125 0.03125
0 0.380859375 0.34375 0.046875 0.03125
0 0.3828125 0.31640625 0.046875 0.03125
0 0.3828125 0.287109375 0.046875 0.03125
0 0.375 0.255859375 0.0546875 0.04296875
0 0.3359375 0.224609375 0.0546875 0.03125
0 0.345703125 0.244140625 0.0390625 0.03125
0 0.267578125 0.05078125 0.046875 0.046875
0 0.302734375 0.0234375 0.046875 0.046875
0 0.34765625 0.1484375 0.04296875 0.0390625