0 0.861328125 0.923828125 0.078125 0.0859375
0 0.8203125 0.765625 0.0625 0.0625
0 0.498046875 0.400390625 0.0546875 0.0625
0 0.4140625 0.212890625 0.0390625 0.046875
0 0.40234375 0.349609375 0.0390625 0.03125
0 0.3984375 0.396484375 0.05078125 0.04296875
0 0.408203125 0.435546875 0.04296875 0.04296875
0 0.400390625 0.482421875 0.0546875 0.046875
0 0.41015625 0.5234375 0.04296875 0.04296875
0 0.4140625 0.5546875 0.046875 0.0546875
0 0.462890625 0.642578125 0.0390625 0.046875
0 0.505859375 0.69921875 0.04296875 0.046875
0 0.546875 0.74609375 0.046875 0.046875
0 0.55859375 0.80859375 0.04296875 0.046875
0 0.603515625 0.79296875 0.046875 0.04296875
0 0.6484375 0.771484375 0.046875 0.0546875
0 0.740234375 0.830078125 0.06640625 0.0703125
0 0.8046875 0.86328125 0.0625 0.0625