0 0.59375 0.66015625 0.0546875 0.06640625
0 0.5390625 0.62890625 0.06640625 0.0859375
0 0.48828125 0.666015625 0.07421875 0.08203125
0 0.396484375 0.638671875 0.09375 0.09765625
0 0.447265625 0.876953125 0.06640625 0.078125
0 0.546875 0.939453125 0.07421875 0.078125
0 0.609375 0.923828125 0.09765625 0.09765625
0 0.294921875 0.6796875 0.0703125 0.0703125
0 0.208984375 0.404296875 0.06640625 0.078125
0 0.158203125 0.236328125 0.06640625 0.0546875
0 0.453125 0.1484375 0.0703125 0.0625
0 0.3984375 0.11328125 0.078125 0.078125
0 0.400390625 0.01171875 0.05078125 0.0234375