0 0.47265625 0.75390625 0.0390625 0.0390625
0 0.474609375 0.7890625 0.05078125 0.046875
0 0.474609375 0.568359375 0.0625 0.046875
0 0.453125 0.2109375 0.05078125 0.0625
0 0.458984375 0.365234375 0.05078125 0.03515625
0 0.47265625 0.392578125 0.0390625 0.03125
0 0.2734375 0.548828125 0.0625 0.05078125
0 0.283203125 0.751953125 0.05859375 0.0546875
0 0.28515625 0.95703125 0.0625 0.0625
0 0.4765625 0.68359375 0.0390625 0.03125
0 0.451171875 0.26953125 0.05078125 0.04296875
0 0.44140625 0.32421875 0.04296875 0.0390625
0 0.46484375 0.427734375 0.04296875 0.046875
0 0.4921875 0.97265625 0.0546875 0.046875