0 0.1015625 0.953125 0.05859375 0.046875
0 0.091796875 0.923828125 0.05859375 0.05078125
0 0.0625 0.890625 0.046875 0.0390625
0 0.06640625 0.8359375 0.03515625 0.05859375
0 0.03515625 0.8359375 0.046875 0.0546875
0 0.017578125 0.8046875 0.02734375 0.03125
0 0.0078125 0.771484375 0.015625 0.046875
0 0.126953125 0.98828125 0.06640625 0.0234375
0 0.888671875 0.861328125 0.046875 0.05859375
0 0.88671875 0.779296875 0.0390625 0.0546875
0 0.880859375 0.7109375 0.046875 0.0625
0 0.880859375 0.646484375 0.05078125 0.046875
0 0.8671875 0.484375 0.046875 0.05859375
0 0.935546875 0.919921875 0.0546875 0.04296875
0 0.943359375 0.95703125 0.05859375 0.03125
0 0.94921875 0.98828125 0.046875 0.0234375
0 0.939453125 0.88671875 0.05078125 0.046875
0 0.931640625 0.84765625 0.046875 0.0390625
0 0.927734375 0.830078125 0.05078125 0.03125
0 0.923828125 0.794921875 0.0546875 0.0546875
0 0.923828125 0.763671875 0.046875 0.0390625
0 0.921875 0.73828125 0.03515625 0.03515625
0 0.923828125 0.7109375 0.046875 0.03125
0 0.921875 0.681640625 0.03125 0.0234375
0 0.9140625 0.654296875 0.03125 0.0390625
0 0.904296875 0.623046875 0.04296875 0.03125
0 0.8984375 0.59765625 0.046875 0.03125
0 0.900390625 0.5625 0.04296875 0.0390625
0 0.89453125 0.53125 0.046875 0.0390625
0 0.912109375 0.5078125 0.0390625 0.04296875
0 0.927734375 0.48046875 0.0390625 0.03125
0 0.923828125 0.4375 0.0625 0.046875
0 0.923828125 0.408203125 0.0625 0.03125
0 0.927734375 0.376953125 0.0546875 0.046875
0 0.9765625 0.365234375 0.046875 0.078125
0 0.982421875 0.515625 0.03515625 0.0859375
0 0.92578125 0.3359375 0.046875 0.0390625
0 0.923828125 0.306640625 0.0546875 0.0390625
0 0.919921875 0.271484375 0.05859375 0.04296875
0 0.9140625 0.232421875 0.0625 0.0390625
0 0.9140625 0.20703125 0.05859375 0.0234375
0 0.96875 0.244140625 0.0625 0.05078125
0 0.912109375 0.173828125 0.0703125 0.03125
0 0.91796875 0.150390625 0.05078125 0.0390625
0 0.916015625 0.109375 0.0546875 0.03125
0 0.912109375 0.078125 0.0390625 0.03125
0 0.919921875 0.0390625 0.0625 0.03125
0 0.927734375 0.013671875 0.05078125 0.02734375
0 0.984375 0.193359375 0.03125 0.0546875
0 0.982421875 0.12890625 0.03125 0.0546875
0 0.98828125 0.033203125 0.0234375 0.06640625