0 0.609375 0.37890625 0.0859375 0.0625
0 0.58203125 0.3046875 0.0703125 0.0703125
0 0.486328125 0.1640625 0.0703125 0.0703125
0 0.41015625 0.0546875 0.0859375 0.0703125
0 0.482421875 0.017578125 0.07421875 0.03515625
0 0.5703125 0.0234375 0.07421875 0.046875
0 0.5546875 0.107421875 0.0859375 0.078125
0 0.638671875 0.060546875 0.0546875 0.046875
0 0.638671875 0.16015625 0.078125 0.0703125
0 0.724609375 0.16796875 0.078125 0.0703125
0 0.68359375 0.26171875 0.0703125 0.078125
0 0.818359375 0.322265625 0.1171875 0.1015625
0 0.751953125 0.390625 0.078125 0.078125
0 0.763671875 0.634765625 0.078125 0.078125
0 0.669921875 0.48828125 0.0859375 0.078125
0 0.826171875 0.529296875 0.078125 0.06640625
0 0.857421875 0.4140625 0.1171875 0.10546875
0 0.904296875 0.494140625 0.1171875 0.10546875
0 0.93359375 0.583984375 0.1015625 0.09375
0 0.84765625 0.650390625 0.07421875 0.0703125
0 0.822265625 0.765625 0.08984375 0.0859375
0 0.888671875 0.755859375 0.0703125 0.0625
0 0.958984375 0.71484375 0.078125 0.09375
0 0.95703125 0.767578125 0.07421875 0.05078125
0 0.951171875 0.8828125 0.078125 0.1171875
0 0.890625 0.90234375 0.078125 0.07421875
0 0.767578125 0.236328125 0.140625 0.12109375