0 0.970703125 0.06640625 0.05859375 0.0703125
0 0.966796875 0.154296875 0.060546875 0.05859375
0 0.962890625 0.224609375 0.046875 0.048828125
0 0.953125 0.36328125 0.060546875 0.044921875
0 0.91796875 0.642578125 0.064453125 0.048828125
0 0.943359375 0.73046875 0.068359375 0.0625
0 0.91796875 0.435546875 0.048828125 0.044921875
0 0.916015625 0.392578125 0.052734375 0.046875
0 0.91015625 0.525390625 0.068359375 0.083984375
0 0.380859375 0.671875 0.068359375 0.064453125
0 0.326171875 0.55859375 0.068359375 0.06640625
0 0.255859375 0.54296875 0.072265625 0.0546875
0 0.064453125 0.798828125 0.08203125 0.060546875
0 0.109375 0.96875 0.08203125 0.0625
0 0.29296875 0.310546875 0.078125 0.068359375
0 0.21875 0.349609375 0.05859375 0.060546875
0 0.236328125 0.21484375 0.06640625 0.060546875
0 0.236328125 0.166015625 0.072265625 0.06640625
0 0.185546875 0.10546875 0.07421875 0.068359375
0 0.125 0.05859375 0.0625 0.0546875
0 0.3203125 0.44140625 0.04296875 0.08203125
0 0.3203125 0.974609375 0.125 0.05078125
0 0.033203125 0.681640625 0.06640625 0.056640625
0 0.025390625 0.587890625 0.05078125 0.0625
0 0.98828125 0.9453125 0.021484375 0.09375