0 0.67578125 0.5703125 0.0703125 0.0625
0 0.658203125 0.5078125 0.109375 0.05859375
0 0.640625 0.435546875 0.078125 0.0703125
0 0.578125 0.396484375 0.109375 0.07421875
0 0.59375 0.341796875 0.0703125 0.0625
0 0.58203125 0.30078125 0.05859375 0.04296875
0 0.49609375 0.185546875 0.09375 0.08984375
0 0.533203125 0.53125 0.09375 0.08203125
0 0.685546875 0.673828125 0.06640625 0.0703125
0 0.640625 0.72265625 0.09765625 0.078125
0 0.73828125 0.857421875 0.0859375 0.078125
0 0.810546875 0.875 0.0546875 0.046875
0 0.8203125 0.90625 0.05078125 0.046875
0 0.759765625 0.755859375 0.0703125 0.046875
0 0.732421875 0.697265625 0.0546875 0.05859375
0 0.931640625 0.630859375 0.1328125 0.1328125
0 0.837890625 0.373046875 0.1328125 0.1328125
0 0.720703125 0.103515625 0.1328125 0.125
0 0.296875 0.869140625 0.10546875 0.09375
0 0.212890625 0.8046875 0.078125 0.0703125
0 0.189453125 0.572265625 0.11328125 0.09765625
0 0.169921875 0.47265625 0.078125 0.08203125
0 0.1015625 0.244140625 0.09375 0.08984375
0 0.033203125 0.154296875 0.06640625 0.11328125
0 0.822265625 0.943359375 0.0390625 0.05078125
0 0.841796875 0.966796875 0.04296875 0.0234375
0 0.84765625 0.986328125 0.05078125 0.0234375