0 0.51171875 0.189453125 0.068359375 0.08203125
0 0.560546875 0.162109375 0.06640625 0.068359375
0 0.625 0.09375 0.068359375 0.0703125
0 0.66796875 0.1796875 0.060546875 0.068359375
0 0.779296875 0.34375 0.064453125 0.05859375
0 0.6796875 0.29296875 0.0625 0.04296875
0 0.751953125 0.45703125 0.087890625 0.078125
0 0.8203125 0.400390625 0.06640625 0.08203125
0 0.875 0.482421875 0.072265625 0.07421875
0 0.8359375 0.541015625 0.068359375 0.072265625
0 0.93359375 0.55078125 0.068359375 0.0703125
0 0.404296875 0.078125 0.078125 0.06640625
0 0.572265625 0.021484375 0.07421875 0.04296875
0 0.5078125 0.083984375 0.072265625 0.0546875
0 0.388671875 0.021484375 0.080078125 0.04296875