0 0.671875 0.283203125 0.05859375 0.056640625
0 0.66796875 0.322265625 0.05078125 0.0546875
0 0.669921875 0.373046875 0.060546875 0.060546875
0 0.666015625 0.419921875 0.056640625 0.06640625
0 0.62109375 0.46875 0.03515625 0.046875
0 0.666015625 0.47265625 0.064453125 0.064453125
0 0.66015625 0.564453125 0.083984375 0.0625
0 0.654296875 0.609375 0.0703125 0.052734375
0 0.6484375 0.666015625 0.07421875 0.060546875
0 0.6484375 0.71484375 0.072265625 0.064453125
0 0.650390625 0.767578125 0.078125 0.060546875
0 0.638671875 0.849609375 0.07421875 0.046875
0 0.65234375 0.89453125 0.056640625 0.044921875
0 0.671875 0.228515625 0.064453125 0.060546875
0 0.671875 0.03515625 0.0703125 0.056640625
0 0.62109375 0.05859375 0.037109375 0.044921875
0 0.666015625 0.08984375 0.046875 0.04296875
0 0.669921875 0.142578125 0.05078125 0.048828125
0 0.623046875 0.986328125 0.046875 0.02734375
0 0.6484375 0.947265625 0.06640625 0.044921875
0 0.6640625 0.521484375 0.046875 0.048828125
0 0.634765625 0.8125 0.037109375 0.046875
0 0.662109375 0.185546875 0.041015625 0.033203125
0 0.607421875 0.125 0.07421875 0.064453125