0 0.88671875 0.890625 0.07421875 0.0703125
0 0.95703125 0.884765625 0.08203125 0.10546875
0 0.82421875 0.751953125 0.0859375 0.0859375
0 0.892578125 0.748046875 0.0703125 0.0703125
0 0.94921875 0.7109375 0.09375 0.10546875
0 0.849609375 0.63671875 0.07421875 0.07421875
0 0.76953125 0.634765625 0.08203125 0.0703125
0 0.9375 0.58984375 0.0859375 0.078125
0 0.908203125 0.490234375 0.109375 0.10546875
0 0.8203125 0.5234375 0.08984375 0.08984375
0 0.755859375 0.384765625 0.0859375 0.08984375
0 0.82421875 0.318359375 0.125 0.10546875
0 0.86328125 0.408203125 0.109375 0.0859375
0 0.669921875 0.48046875 0.0859375 0.0859375
0 0.607421875 0.37109375 0.078125 0.0703125
0 0.578125 0.296875 0.08203125 0.078125
0 0.68359375 0.2578125 0.0859375 0.078125
0 0.787109375 0.23828125 0.078125 0.04296875
0 0.779296875 0.1953125 0.06640625 0.046875
0 0.732421875 0.158203125 0.078125 0.07421875
0 0.640625 0.150390625 0.078125 0.0703125
0 0.482421875 0.154296875 0.07421875 0.0703125
0 0.546875 0.09765625 0.078125 0.0625
0 0.623046875 0.033203125 0.06640625 0.06640625
0 0.66796875 0.068359375 0.05078125 0.0546875
0 0.56640625 0.0234375 0.0625 0.046875
0 0.53515625 0.04296875 0.0625 0.0546875
0 0.482421875 0.013671875 0.0625 0.02734375
0 0.412109375 0.0390625 0.0625 0.0625