0 0.126953125 0.046875 0.060546875 0.048828125
0 0.134765625 0.095703125 0.056640625 0.05078125
0 0.14453125 0.142578125 0.056640625 0.046875
0 0.15234375 0.18359375 0.044921875 0.033203125
0 0.17578125 0.294921875 0.05859375 0.05859375
0 0.185546875 0.341796875 0.056640625 0.03515625
0 0.18359375 0.40625 0.05859375 0.046875
0 0.193359375 0.458984375 0.0546875 0.044921875
0 0.208984375 0.51171875 0.060546875 0.056640625
0 0.212890625 0.560546875 0.0625 0.04296875
0 0.21875 0.607421875 0.072265625 0.0390625
0 0.240234375 0.69921875 0.048828125 0.033203125
0 0.212890625 0.681640625 0.0390625 0.041015625
0 0.2265625 0.64453125 0.05078125 0.03515625
0 0.25 0.748046875 0.05859375 0.04296875
0 0.185546875 0.767578125 0.048828125 0.046875
0 0.26171875 0.80078125 0.07421875 0.0546875
0 0.263671875 0.8515625 0.0546875 0.0546875
0 0.29296875 0.94140625 0.044921875 0.046875
0 0.3125 0.982421875 0.056640625 0.03515625
0 0.212890625 0.119140625 0.056640625 0.052734375
0 0.203125 0.068359375 0.064453125 0.04296875
0 0.1953125 0.0234375 0.068359375 0.044921875
0 0.236328125 0.216796875 0.056640625 0.037109375
0 0.220703125 0.17578125 0.060546875 0.048828125
0 0.23828125 0.271484375 0.0546875 0.06640625
0 0.677734375 0.37109375 0.05078125 0.044921875
0 0.6796875 0.314453125 0.0390625 0.044921875
0 0.671875 0.2734375 0.052734375 0.052734375
0 0.669921875 0.2265625 0.05078125 0.048828125
0 0.66796875 0.134765625 0.041015625 0.046875
0 0.689453125 0.08984375 0.041015625 0.048828125
0 0.740234375 0.037109375 0.060546875 0.046875
0 0.68359375 0.017578125 0.048828125 0.03515625
0 0.685546875 0.41796875 0.046875 0.04296875
0 0.693359375 0.46484375 0.056640625 0.0546875
0 0.703125 0.509765625 0.05859375 0.052734375
0 0.71484375 0.556640625 0.056640625 0.0390625
0 0.708984375 0.59765625 0.048828125 0.046875
0 0.716796875 0.638671875 0.04296875 0.044921875
0 0.728515625 0.68359375 0.04296875 0.0390625
0 0.751953125 0.732421875 0.0546875 0.044921875
0 0.765625 0.771484375 0.04296875 0.033203125
0 0.77734375 0.810546875 0.037109375 0.029296875
0 0.7421875 0.857421875 0.052734375 0.04296875
0 0.79296875 0.85546875 0.05078125 0.0546875
0 0.8046875 0.90625 0.0546875 0.052734375
0 0.8671875 0.912109375 0.044921875 0.060546875
0 0.716796875 0.220703125 0.044921875 0.05078125
0 0.7109375 0.1640625 0.056640625 0.0625
0 0.669921875 0.1796875 0.056640625 0.052734375
0 0.7578125 0.08203125 0.056640625 0.056640625
0 0.169921875 0.25 0.09375 0.080078125
0 0.71875 0.27734375 0.06640625 0.078125
0 0.75 0.611328125 0.021484375 0.04296875
0 0.765625 0.6484375 0.072265625 0.052734375
0 0.466796875 0.5234375 0.0703125 0.048828125
0 0.78515625 0.697265625 0.095703125 0.068359375
0 0.80859375 0.75390625 0.07421875 0.056640625
0 0.83984375 0.8046875 0.111328125 0.052734375
0 0.84375 0.857421875 0.0625 0.048828125