0 0.966796875 0.138671875 0.06640625 0.07421875
0 0.8828125 0.529296875 0.064453125 0.07421875
0 0.845703125 0.89453125 0.0703125 0.05078125
0 0.83203125 0.708984375 0.0546875 0.04296875
0 0.763671875 0.6640625 0.064453125 0.037109375
0 0.30078125 0.388671875 0.083984375 0.0625
0 0.755859375 0.7109375 0.044921875 0.05078125
0 0.8203125 0.7578125 0.0625 0.048828125
0 0.7109375 0.435546875 0.052734375 0.05859375
0 0.625 0.37109375 0.07421875 0.048828125
0 0.580078125 0.099609375 0.06640625 0.05859375