0 0.166015625 0.30078125 0.078125 0.0546875
0 0.138671875 0.431640625 0.0703125 0.0625
0 0.09765625 0.556640625 0.0546875 0.0390625
0 0.015625 0.390625 0.03125 0.05078125
0 0.015625 0.330078125 0.03125 0.05078125
0 0.02734375 0.267578125 0.0546875 0.05859375
0 0.095703125 0.044921875 0.0625 0.0625
0 0.05078125 0.16796875 0.05078125 0.0625
0 0.123046875 0.48828125 0.046875 0.05859375
0 0.544921875 0.984375 0.0546875 0.03125
0 0.560546875 0.9453125 0.04296875 0.02734375
0 0.578125 0.908203125 0.05078125 0.046875
0 0.595703125 0.873046875 0.04296875 0.046875
0 0.62109375 0.8359375 0.0625 0.0546875
0 0.650390625 0.806640625 0.03125 0.046875
0 0.666015625 0.77734375 0.0390625 0.0390625
0 0.740234375 0.68359375 0.046875 0.0546875
0 0.7578125 0.638671875 0.05078125 0.046875
0 0.779296875 0.59765625 0.046875 0.046875
0 0.822265625 0.53125 0.0625 0.06640625
0 0.841796875 0.5 0.05078125 0.05078125
0 0.859375 0.458984375 0.046875 0.0546875
0 0.87890625 0.421875 0.046875 0.0546875
0 0.900390625 0.388671875 0.05078125 0.046875
0 0.91796875 0.34765625 0.0390625 0.046875
0 0.94140625 0.302734375 0.0390625 0.0390625
0 0.958984375 0.2578125 0.0546875 0.05078125
0 0.982421875 0.169921875 0.03515625 0.046875