0 0.484375 0.1640625 0.048828125 0.048828125
0 0.53515625 0.154296875 0.0703125 0.052734375
0 0.15625 0.94921875 0.072265625 0.0546875
0 0.083984375 0.837890625 0.068359375 0.06640625
0 0.220703125 0.826171875 0.044921875 0.04296875
0 0.228515625 0.517578125 0.048828125 0.05078125
0 0.740234375 0.017578125 0.068359375 0.03515625
0 0.251953125 0.4140625 0.060546875 0.048828125
0 0.234375 0.572265625 0.052734375 0.041015625
0 0.232421875 0.62890625 0.056640625 0.044921875
0 0.30078125 0.224609375 0.052734375 0.0546875
0 0.3046875 0.134765625 0.0625 0.056640625