0 0.9296875 0.359375 0.0703125 0.0390625
0 0.943359375 0.30859375 0.06640625 0.05859375
0 0.8828125 0.892578125 0.0625 0.05859375
0 0.888671875 0.98046875 0.05859375 0.0390625
0 0.880859375 0.509765625 0.05078125 0.046875
0 0.904296875 0.560546875 0.0546875 0.04296875
0 0.748046875 0.681640625 0.0625 0.0546875
0 0.69140625 0.708984375 0.0859375 0.05859375
0 0.96484375 0.0859375 0.0703125 0.0625
0 0.98046875 0.736328125 0.0390625 0.03515625
0 0.98828125 0.70703125 0.0234375 0.01953125
0 0.986328125 0.654296875 0.0234375 0.015625
0 0.98828125 0.63671875 0.0234375 0.015625
0 0.98828125 0.6171875 0.015625 0.0234375
0 0.986328125 0.59375 0.0234375 0.03125