0 0.0546875 0.396484375 0.08203125 0.06640625
0 0.0546875 0.2890625 0.044921875 0.044921875
0 0.951171875 0.142578125 0.076171875 0.068359375
0 0.94921875 0.03125 0.095703125 0.060546875
0 0.96484375 0.283203125 0.0703125 0.083984375
0 0.974609375 0.408203125 0.048828125 0.048828125
0 0.990234375 0.53125 0.01953125 0.068359375
0 0.845703125 0.984375 0.0625 0.029296875
0 0.923828125 0.984375 0.0546875 0.03125
0 0.484375 0.2109375 0.083984375 0.07421875
0 0.5078125 0.021484375 0.0625 0.04296875
0 0.05078125 0.3515625 0.05078125 0.041015625