0 0.275390625 0.548828125 0.08203125 0.08203125
0 0.283203125 0.751953125 0.080078125 0.0859375
0 0.29296875 0.955078125 0.072265625 0.068359375
0 0.22265625 0.978515625 0.0546875 0.04296875
0 0.47265625 0.5703125 0.0625 0.05859375
0 0.46484375 0.703125 0.064453125 0.048828125
0 0.46875 0.6484375 0.046875 0.0546875
0 0.470703125 0.787109375 0.056640625 0.046875
0 0.4765625 0.818359375 0.0390625 0.05078125
0 0.470703125 0.873046875 0.033203125 0.033203125
0 0.46875 0.5078125 0.037109375 0.05078125
0 0.46875 0.400390625 0.05078125 0.048828125