0 0.158203125 0.169921875 0.0703125 0.05078125
0 0.107421875 0.232421875 0.078125 0.0625
0 0.041015625 0.29296875 0.0703125 0.06640625
0 0.21484375 0.115234375 0.0703125 0.0625
0 0.2734375 0.05078125 0.0859375 0.0703125
0 0.57421875 0.251953125 0.078125 0.0625
0 0.8046875 0.67578125 0.0625 0.05859375
0 0.806640625 0.7734375 0.06640625 0.0625
0 0.771484375 0.728515625 0.0546875 0.05078125
0 0.7109375 0.658203125 0.078125 0.05078125
0 0.6875 0.61328125 0.0859375 0.0546875
0 0.625 0.552734375 0.078125 0.0546875
0 0.572265625 0.49609375 0.0859375 0.0625
0 0.533203125 0.45703125 0.0703125 0.05859375
0 0.501953125 0.427734375 0.0546875 0.04296875
0 0.484375 0.384765625 0.078125 0.05078125
0 0.443359375 0.3515625 0.078125 0.05859375
0 0.37890625 0.2890625 0.0546875 0.04296875
0 0.353515625 0.26171875 0.06640625 0.046875
0 0.341796875 0.234375 0.0625 0.03125
0 0.30859375 0.205078125 0.0859375 0.0390625
0 0.298828125 0.1484375 0.078125 0.04296875
0 0.29296875 0.103515625 0.0625 0.046875
0 0.755859375 0.5703125 0.0703125 0.0546875
0 0.734375 0.525390625 0.07421875 0.0625
0 0.64453125 0.353515625 0.05859375 0.0546875
0 0.701171875 0.43359375 0.0703125 0.06640625
0 0.916015625 0.8671875 0.046875 0.0546875
0 0.853515625 0.845703125 0.0703125 0.06640625
0 0.375 0.51171875 0.046875 0.0390625
0 0.37109375 0.462890625 0.046875 0.0390625
0 0.6484375 0.443359375 0.0703125 0.0546875
0 0.37890625 0.5546875 0.05078125 0.046875
0 0.376953125 0.595703125 0.0546875 0.046875
0 0.388671875 0.625 0.0546875 0.046875