0 0.6796875 0.01953125 0.0625 0.0390625
0 0.681640625 0.0546875 0.0546875 0.041015625
0 0.681640625 0.087890625 0.044921875 0.033203125
0 0.697265625 0.12109375 0.0390625 0.037109375
0 0.697265625 0.16015625 0.07421875 0.041015625
0 0.701171875 0.19921875 0.06640625 0.05078125
0 0.759765625 0.171875 0.03515625 0.037109375
0 0.765625 0.259765625 0.041015625 0.048828125
0 0.708984375 0.265625 0.060546875 0.041015625
0 0.720703125 0.302734375 0.068359375 0.04296875
0 0.72265625 0.333984375 0.056640625 0.03125
0 0.732421875 0.361328125 0.0703125 0.037109375
0 0.740234375 0.396484375 0.0703125 0.04296875
0 0.7421875 0.43359375 0.0703125 0.041015625
0 0.75 0.47265625 0.06640625 0.048828125
0 0.67578125 0.396484375 0.0546875 0.046875
0 0.724609375 0.568359375 0.0625 0.05078125
0 0.734375 0.638671875 0.072265625 0.0703125
0 0.78125 0.615234375 0.060546875 0.064453125
0 0.658203125 0.734375 0.060546875 0.056640625
0 0.728515625 0.736328125 0.048828125 0.056640625
0 0.783203125 0.8046875 0.048828125 0.056640625
0 0.78515625 0.76171875 0.046875 0.041015625
0 0.67578125 0.62890625 0.052734375 0.046875
0 0.673828125 0.552734375 0.044921875 0.044921875
0 0.673828125 0.48046875 0.052734375 0.044921875
0 0.677734375 0.427734375 0.048828125 0.037109375
0 0.61328125 0.744140625 0.052734375 0.056640625
0 0.634765625 0.6953125 0.0546875 0.048828125
0 0.6328125 0.810546875 0.0546875 0.056640625
0 0.646484375 0.888671875 0.04296875 0.048828125
0 0.65234375 0.966796875 0.05078125 0.056640625
0 0.720703125 0.80078125 0.06640625 0.05078125
0 0.734375 0.84375 0.052734375 0.048828125
0 0.7734375 0.896484375 0.076171875 0.068359375
0 0.78125 0.845703125 0.052734375 0.048828125
0 0.783203125 0.951171875 0.056640625 0.0546875
0 0.78515625 0.984375 0.06640625 0.03125
0 0.87109375 0.955078125 0.064453125 0.052734375
0 0.8515625 0.888671875 0.06640625 0.1171875
0 0.87109375 0.984375 0.060546875 0.029296875