0 0.66015625 0.416015625 0.068359375 0.0703125
0 0.794921875 0.685546875 0.076171875 0.076171875
0 0.85546875 0.869140625 0.068359375 0.0703125
0 0.875 0.7890625 0.052734375 0.056640625
0 0.826171875 0.765625 0.05859375 0.0546875
0 0.70703125 0.568359375 0.064453125 0.060546875
0 0.642578125 0.611328125 0.0546875 0.044921875
0 0.669921875 0.765625 0.046875 0.0546875
0 0.5390625 0.279296875 0.048828125 0.060546875
0 0.84765625 0.029296875 0.0703125 0.05859375
0 0.5625 0.365234375 0.056640625 0.05859375
0 0.52734375 0.392578125 0.060546875 0.0625
0 0.548828125 0.57421875 0.052734375 0.0625