0 0.07421875 0.142578125 0.1015625 0.09375
0 0.23046875 0.177734375 0.12109375 0.1015625
0 0.412109375 0.24609375 0.078125 0.0703125
0 0.40625 0.330078125 0.09375 0.0703125
0 0.408203125 0.412109375 0.10546875 0.0859375
0 0.404296875 0.498046875 0.09765625 0.0859375
0 0.3984375 0.58203125 0.09765625 0.0859375
0 0.390625 0.669921875 0.0859375 0.078125
0 0.390625 0.7421875 0.0859375 0.07421875
0 0.384765625 0.83203125 0.09375 0.0859375
0 0.384765625 0.916015625 0.0703125 0.08203125
0 0.37109375 0.9765625 0.0625 0.046875
0 0.505859375 0.919921875 0.0546875 0.0859375
0 0.4453125 0.970703125 0.0859375 0.05859375
0 0.58203125 0.970703125 0.109375 0.05859375
0 0.736328125 0.80859375 0.08203125 0.0859375
0 0.212890625 0.0234375 0.109375 0.046875