0 0.91796875 0.189453125 0.06640625 0.068359375
0 0.830078125 0.49609375 0.05078125 0.056640625
0 0.853515625 0.455078125 0.0546875 0.044921875
0 0.87109375 0.501953125 0.052734375 0.0625
0 0.80078125 0.685546875 0.04296875 0.03515625
0 0.8359375 0.677734375 0.0546875 0.0546875
0 0.912109375 0.822265625 0.046875 0.044921875
0 0.869140625 0.712890625 0.05859375 0.048828125
0 0.87890625 0.60546875 0.08984375 0.0546875
0 0.703125 0.296875 0.064453125 0.056640625
0 0.677734375 0.181640625 0.0859375 0.06640625
0 0.740234375 0.134765625 0.068359375 0.095703125
0 0.669921875 0.095703125 0.091796875 0.048828125
0 0.685546875 0.05859375 0.06640625 0.033203125
0 0.853515625 0.900390625 0.072265625 0.05859375
0 0.83203125 0.3359375 0.08203125 0.0625
0 0.81640625 0.29296875 0.0703125 0.046875