0 0.4765625 0.025390625 0.052734375 0.03515625
0 0.482421875 0.05859375 0.041015625 0.03125
0 0.482421875 0.091796875 0.052734375 0.037109375
0 0.478515625 0.123046875 0.04296875 0.037109375
0 0.48046875 0.154296875 0.05859375 0.033203125
0 0.478515625 0.181640625 0.052734375 0.02734375
0 0.48046875 0.205078125 0.0390625 0.03125
0 0.486328125 0.2265625 0.04296875 0.02734375
0 0.478515625 0.255859375 0.0546875 0.033203125
0 0.482421875 0.28125 0.048828125 0.025390625
0 0.482421875 0.306640625 0.052734375 0.02734375
0 0.470703125 0.330078125 0.044921875 0.03515625
0 0.453125 0.357421875 0.037109375 0.013671875
0 0.44921875 0.375 0.048828125 0.0234375
0 0.435546875 0.396484375 0.0390625 0.029296875
0 0.439453125 0.423828125 0.046875 0.03125
0 0.447265625 0.455078125 0.041015625 0.041015625
0 0.458984375 0.484375 0.041015625 0.02734375
0 0.4609375 0.51171875 0.04296875 0.041015625
0 0.46875 0.54296875 0.044921875 0.033203125
0 0.4609375 0.5703125 0.046875 0.029296875
0 0.462890625 0.607421875 0.046875 0.04296875
0 0.46875 0.638671875 0.05078125 0.03515625
0 0.478515625 0.673828125 0.048828125 0.04296875
0 0.482421875 0.7109375 0.0546875 0.0390625
0 0.486328125 0.7421875 0.0546875 0.037109375
0 0.490234375 0.775390625 0.044921875 0.037109375
0 0.494140625 0.81640625 0.056640625 0.044921875
0 0.4921875 0.853515625 0.060546875 0.048828125
0 0.48828125 0.88671875 0.0390625 0.03125
0 0.5 0.916015625 0.044921875 0.041015625
0 0.501953125 0.947265625 0.052734375 0.037109375
0 0.96875 0.927734375 0.0625 0.072265625
0 0.912109375 0.634765625 0.0703125 0.078125
0 0.822265625 0.349609375 0.076171875 0.05859375
0 0.78125 0.076171875 0.06640625 0.083984375
0 0.6328125 0.0625 0.0703125 0.0625
0 0.62890625 0.1796875 0.060546875 0.05859375
0 0.634765625 0.25390625 0.041015625 0.04296875
0 0.630859375 0.3671875 0.048828125 0.041015625
0 0.6484375 0.431640625 0.0625 0.064453125
0 0.658203125 0.501953125 0.060546875 0.048828125
0 0.66796875 0.5703125 0.05078125 0.048828125
0 0.67578125 0.677734375 0.048828125 0.05078125
0 0.67578125 0.76171875 0.060546875 0.048828125
0 0.6953125 0.8203125 0.0625 0.052734375
0 0.697265625 0.86328125 0.0546875 0.046875
0 0.70703125 0.904296875 0.052734375 0.041015625
0 0.7265625 0.97265625 0.05859375 0.052734375
0 0.80859375 0.228515625 0.03515625 0.03125
0 0.810546875 0.203125 0.044921875 0.03125
0 0.794921875 0.134765625 0.044921875 0.044921875
0 0.810546875 0.26953125 0.046875 0.03515625
0 0.794921875 0.298828125 0.03515625 0.037109375
0 0.80078125 0.171875 0.048828125 0.033203125
0 0.146484375 0.572265625 0.07421875 0.07421875
0 0.08203125 0.837890625 0.07421875 0.078125
0 0.314453125 0.818359375 0.068359375 0.0703125
0 0.302734375 0.537109375 0.068359375 0.0546875
0 0.140625 0.388671875 0.09375 0.091796875
0 0.298828125 0.283203125 0.072265625 0.064453125
0 0.3046875 0.03515625 0.09375 0.0703125
0 0.15625 0.171875 0.1015625 0.0859375
0 0.228515625 0.48046875 0.052734375 0.044921875
0 0.224609375 0.4375 0.046875 0.048828125
0 0.22265625 0.5234375 0.056640625 0.041015625
0 0.224609375 0.560546875 0.048828125 0.04296875
0 0.2265625 0.630859375 0.048828125 0.044921875
0 0.232421875 0.681640625 0.056640625 0.05078125
0 0.22265625 0.716796875 0.04296875 0.046875
0 0.783203125 0.029296875 0.060546875 0.056640625
0 0.22265625 0.759765625 0.044921875 0.03125
0 0.22265625 0.791015625 0.044921875 0.02734375
0 0.216796875 0.81640625 0.041015625 0.029296875