0 0.13671875 0.798828125 0.046875 0.0625
0 0.091796875 0.783203125 0.06640625 0.0546875
0 0.09375 0.73828125 0.0390625 0.0390625
0 0.064453125 0.70703125 0.05859375 0.046875
0 0.03515625 0.662109375 0.05859375 0.0546875
0 0.189453125 0.89453125 0.046875 0.0390625
0 0.154296875 0.84765625 0.0625 0.04296875
0 0.232421875 0.931640625 0.0546875 0.046875
0 0.216796875 0.248046875 0.0546875 0.05078125
0 0.18359375 0.0546875 0.0625 0.0546875
0 0.115234375 0.0703125 0.06640625 0.0625
0 0.224609375 0.12890625 0.05859375 0.078125
0 0.123046875 0.27734375 0.046875 0.0703125
0 0.18359375 0.302734375 0.0703125 0.0625
0 0.048828125 0.015625 0.0625 0.03125
0 0.08203125 0.041015625 0.0625 0.0625
0 0.017578125 0.07421875 0.03515625 0.04296875
0 0.109375 0.669921875 0.04296875 0.04296875
0 0.177734375 0.73046875 0.04296875 0.03515625
0 0.189453125 0.015625 0.0703125 0.03125