0 0.337890625 0.47265625 0.0703125 0.0625
0 0.314453125 0.42578125 0.0625 0.07421875
0 0.349609375 0.2578125 0.09375 0.07421875
0 0.380859375 0.0703125 0.0546875 0.0546875
0 0.35546875 0.845703125 0.0859375 0.08984375
0 0.33984375 0.71875 0.08984375 0.06640625
0 0.390625 0.654296875 0.0625 0.08984375
0 0.326171875 0.646484375 0.08984375 0.0859375
0 0.24609375 0.677734375 0.0859375 0.09765625
0 0.326171875 0.068359375 0.0703125 0.0703125
0 0.390625 0.53125 0.0859375 0.0859375
0 0.447265625 0.666015625 0.078125 0.06640625