0 0.52734375 0.51953125 0.064453125 0.060546875
0 0.330078125 0.654296875 0.064453125 0.052734375
0 0.345703125 0.748046875 0.083984375 0.068359375
0 0.341796875 0.701171875 0.064453125 0.05859375
0 0.373046875 0.80859375 0.060546875 0.064453125
0 0.662109375 0.974609375 0.06640625 0.048828125
0 0.90625 0.33203125 0.05859375 0.044921875
0 0.3125 0.59765625 0.048828125 0.05078125
0 0.294921875 0.505859375 0.05078125 0.060546875
0 0.28515625 0.458984375 0.05078125 0.0546875
0 0.29296875 0.009765625 0.076171875 0.01953125
0 0.30078125 0.044921875 0.07421875 0.041015625
0 0.31640625 0.166015625 0.048828125 0.048828125
0 0.330078125 0.212890625 0.0703125 0.044921875
0 0.330078125 0.28125 0.048828125 0.0390625
0 0.359375 0.341796875 0.07421875 0.0546875
0 0.38671875 0.40234375 0.064453125 0.052734375
0 0.41015625 0.4609375 0.064453125 0.0546875
0 0.5625 0.40625 0.05078125 0.052734375
0 0.435546875 0.533203125 0.083984375 0.064453125
0 0.4453125 0.720703125 0.06640625 0.083984375