0 0.728515625 0.380859375 0.072265625 0.080078125
0 0.73046875 0.583984375 0.07421875 0.091796875
0 0.7265625 0.765625 0.083984375 0.087890625
0 0.732421875 0.962890625 0.095703125 0.07421875
0 0.92578125 0.861328125 0.06640625 0.0625
0 0.875 0.62890625 0.076171875 0.08203125
0 0.849609375 0.404296875 0.08203125 0.08203125
0 0.841796875 0.220703125 0.078125 0.078125
0 0.732421875 0.15234375 0.09765625 0.08203125
0 0.72265625 0.23046875 0.07421875 0.064453125
0 0.833984375 0.03515625 0.07421875 0.060546875
0 0.9609375 0.11328125 0.06640625 0.060546875
0 0.98046875 0.2421875 0.0390625 0.064453125
0 0.96484375 0.013671875 0.05078125 0.02734375