0 0.478515625 0.23046875 0.06640625 0.0546875
0 0.458984375 0.11328125 0.056640625 0.0546875
0 0.431640625 0.046875 0.06640625 0.0625
0 0.416015625 0.013671875 0.068359375 0.02734375
0 0.505859375 0.310546875 0.0546875 0.052734375
0 0.482421875 0.279296875 0.0546875 0.04296875
0 0.5078125 0.341796875 0.0546875 0.0390625
0 0.5625 0.359375 0.052734375 0.05078125
0 0.537109375 0.408203125 0.0625 0.056640625
0 0.546875 0.45703125 0.0703125 0.05078125
0 0.552734375 0.490234375 0.056640625 0.052734375
0 0.583984375 0.5859375 0.07421875 0.025390625
0 0.56640625 0.55859375 0.064453125 0.041015625
0 0.556640625 0.5234375 0.05078125 0.037109375
0 0.583984375 0.625 0.072265625 0.0625
0 0.6171875 0.68359375 0.064453125 0.052734375
0 0.625 0.71875 0.076171875 0.0390625
0 0.623046875 0.75 0.08984375 0.05078125
0 0.634765625 0.78515625 0.06640625 0.046875
0 0.64453125 0.8203125 0.064453125 0.044921875
0 0.69140625 0.80859375 0.060546875 0.0625
0 0.6484375 0.857421875 0.06640625 0.056640625
0 0.666015625 0.92578125 0.080078125 0.056640625
0 0.666015625 0.958984375 0.05859375 0.041015625
0 0.69140625 0.982421875 0.060546875 0.033203125
0 0.462890625 0.158203125 0.064453125 0.03515625
0 0.46875 0.189453125 0.064453125 0.044921875