0 0.390625 0.62109375 0.083984375 0.0625
0 0.41796875 0.6953125 0.072265625 0.072265625
0 0.513671875 0.8359375 0.0703125 0.072265625
0 0.58984375 0.9453125 0.083984375 0.0703125
0 0.517578125 0.982421875 0.07421875 0.03515625
0 0.4296875 0.9765625 0.072265625 0.046875
0 0.4453125 0.892578125 0.0859375 0.076171875
0 0.361328125 0.939453125 0.052734375 0.048828125
0 0.361328125 0.83984375 0.078125 0.072265625
0 0.275390625 0.83203125 0.080078125 0.068359375
0 0.31640625 0.73828125 0.072265625 0.076171875
0 0.181640625 0.677734375 0.119140625 0.099609375
0 0.248046875 0.609375 0.080078125 0.078125
0 0.236328125 0.365234375 0.080078125 0.080078125
0 0.330078125 0.51171875 0.0859375 0.076171875
0 0.173828125 0.470703125 0.076171875 0.06640625
0 0.142578125 0.5859375 0.119140625 0.10546875
0 0.095703125 0.505859375 0.115234375 0.10546875
0 0.06640625 0.416015625 0.103515625 0.095703125
0 0.15234375 0.349609375 0.07421875 0.0703125
0 0.177734375 0.234375 0.08984375 0.083984375
0 0.111328125 0.244140625 0.0703125 0.0625
0 0.041015625 0.28515625 0.080078125 0.095703125
0 0.04296875 0.232421875 0.07421875 0.05078125
0 0.048828125 0.1171875 0.080078125 0.119140625
0 0.109375 0.09765625 0.080078125 0.07421875
0 0.232421875 0.763671875 0.138671875 0.12109375