0 0.55859375 0.37890625 0.0625 0.044921875
0 0.55859375 0.22265625 0.052734375 0.041015625
0 0.55078125 0.16796875 0.05078125 0.0546875
0 0.537109375 0.115234375 0.0703125 0.046875
0 0.529296875 0.060546875 0.0625 0.0390625
0 0.5078125 0.029296875 0.046875 0.04296875
0 0.619140625 0.751953125 0.05078125 0.041015625
0 0.58203125 0.6015625 0.06640625 0.052734375
0 0.576171875 0.548828125 0.06640625 0.0546875
0 0.564453125 0.490234375 0.046875 0.05078125
0 0.560546875 0.4375 0.060546875 0.048828125
0 0.587890625 0.64453125 0.056640625 0.0390625
0 0.603515625 0.703125 0.064453125 0.0625
0 0.63671875 0.830078125 0.0546875 0.044921875
0 0.62109375 0.798828125 0.052734375 0.044921875
0 0.64453125 0.888671875 0.060546875 0.046875
0 0.67578125 0.943359375 0.0546875 0.037109375
0 0.693359375 0.98046875 0.060546875 0.0390625
0 0.720703125 0.603515625 0.044921875 0.037109375