0 0.7734375 0.34765625 0.08984375 0.1015625
0 0.78515625 0.490234375 0.09765625 0.0859375
0 0.794921875 0.5625 0.115234375 0.080078125
0 0.7734375 0.146484375 0.1015625 0.083984375
0 0.755859375 0.033203125 0.078125 0.0625
0 0.83984375 0.8671875 0.080078125 0.091796875
0 0.0546875 0.6015625 0.068359375 0.06640625
0 0.283203125 0.291015625 0.083984375 0.099609375
0 0.263671875 0.634765625 0.078125 0.068359375
0 0.814453125 0.732421875 0.091796875 0.080078125
0 0.814453125 0.666015625 0.078125 0.056640625
0 0.861328125 0.9765625 0.095703125 0.044921875
0 0.5703125 0.9609375 0.0625 0.068359375
0 0.640625 0.978515625 0.064453125 0.04296875
0 0.638671875 0.9453125 0.041015625 0.037109375