0 0.65234375 0.095703125 0.115234375 0.109375
0 0.658203125 0.31640625 0.07421875 0.08984375
0 0.74609375 0.345703125 0.072265625 0.06640625
0 0.64453125 0.462890625 0.09765625 0.09375
0 0.662109375 0.396484375 0.068359375 0.052734375
0 0.494140625 0.34765625 0.078125 0.064453125
0 0.50390625 0.470703125 0.072265625 0.06640625
0 0.599609375 0.56640625 0.0859375 0.087890625
0 0.708984375 0.544921875 0.07421875 0.076171875
0 0.666015625 0.65625 0.0546875 0.04296875
0 0.560546875 0.66796875 0.0859375 0.080078125
0 0.521484375 0.96484375 0.064453125 0.0625
0 0.5390625 0.884765625 0.05859375 0.044921875
0 0.609375 0.849609375 0.083984375 0.080078125
0 0.654296875 0.94140625 0.060546875 0.06640625
0 0.5703125 0.962890625 0.048828125 0.05078125
0 0.494140625 0.134765625 0.076171875 0.0859375