0 0.068359375 0.521484375 0.087890625 0.09765625
0 0.09765625 0.73828125 0.107421875 0.107421875
0 0.021484375 0.658203125 0.04296875 0.04296875
0 0.087890625 0.37109375 0.11328125 0.087890625
0 0.109375 0.1171875 0.087890625 0.072265625
0 0.154296875 0.818359375 0.08203125 0.08203125
0 0.02734375 0.92578125 0.0546875 0.1171875
0 0.244140625 0.9453125 0.076171875 0.060546875
0 0.267578125 0.646484375 0.08203125 0.072265625
0 0.259765625 0.3203125 0.076171875 0.0625
0 0.259765625 0.052734375 0.072265625 0.0859375
0 0.01953125 0.11328125 0.0390625 0.05078125
0 0.025390625 0.064453125 0.048828125 0.048828125
0 0.0234375 0.171875 0.046875 0.052734375
0 0.017578125 0.197265625 0.033203125 0.048828125
0 0.01171875 0.25390625 0.0234375 0.037109375
0 0.015625 0.30078125 0.029296875 0.05859375
0 0.01953125 0.458984375 0.0390625 0.046875
0 0.232421875 0.37890625 0.064453125 0.044921875
0 0.23046875 0.419921875 0.05859375 0.052734375
0 0.2265625 0.47265625 0.0625 0.05078125
0 0.216796875 0.517578125 0.056640625 0.029296875
0 0.220703125 0.55078125 0.05859375 0.04296875
0 0.22265625 0.591796875 0.0546875 0.04296875
0 0.208984375 0.6328125 0.044921875 0.05078125
0 0.2109375 0.673828125 0.046875 0.041015625
0 0.212890625 0.712890625 0.068359375 0.037109375
0 0.220703125 0.748046875 0.048828125 0.05078125
0 0.21875 0.7890625 0.0546875 0.0390625
0 0.21875 0.826171875 0.052734375 0.046875
0 0.224609375 0.87109375 0.056640625 0.046875
0 0.23046875 0.9140625 0.078125 0.041015625
0 0.18359375 0.982421875 0.048828125 0.03515625
0 0.314453125 0.16015625 0.064453125 0.052734375
0 0.513671875 0.0234375 0.05078125 0.046875
0 0.52734375 0.158203125 0.060546875 0.056640625
0 0.53515625 0.28125 0.064453125 0.0546875
0 0.55078125 0.404296875 0.0546875 0.041015625
0 0.529296875 0.330078125 0.048828125 0.04296875
0 0.419921875 0.767578125 0.046875 0.052734375
0 0.431640625 0.73046875 0.046875 0.03515625
0 0.435546875 0.69140625 0.048828125 0.03515625
0 0.431640625 0.65234375 0.041015625 0.0390625
0 0.4375 0.611328125 0.048828125 0.044921875
0 0.439453125 0.560546875 0.037109375 0.03125
0 0.4453125 0.486328125 0.0625 0.060546875
0 0.41015625 0.419921875 0.05859375 0.052734375
0 0.408203125 0.376953125 0.0546875 0.064453125
0 0.45703125 0.404296875 0.08203125 0.052734375
0 0.453125 0.328125 0.05859375 0.04296875
0 0.44921875 0.373046875 0.05078125 0.046875
0 0.44140625 0.294921875 0.0546875 0.056640625
0 0.44140625 0.232421875 0.037109375 0.033203125
0 0.439453125 0.1953125 0.04296875 0.0390625
0 0.43359375 0.15234375 0.041015625 0.037109375
0 0.4375 0.10546875 0.044921875 0.041015625
0 0.427734375 0.0546875 0.0546875 0.064453125
0 0.427734375 0.802734375 0.05859375 0.046875
0 0.443359375 0.8671875 0.0546875 0.044921875
0 0.451171875 0.912109375 0.056640625 0.04296875
0 0.462890625 0.943359375 0.0546875 0.056640625
0 0.453125 0.98046875 0.03125 0.037109375
0 0.330078125 0.28125 0.0390625 0.05078125
0 0.56640625 0.55078125 0.048828125 0.046875
0 0.54296875 0.50390625 0.05859375 0.0390625
0 0.587890625 0.662109375 0.046875 0.0390625
0 0.609375 0.828125 0.07421875 0.07421875
0 0.611328125 0.767578125 0.03515625 0.041015625
0 0.666015625 0.734375 0.0859375 0.064453125
0 0.62890625 0.966796875 0.0859375 0.06640625
0 0.67578125 0.865234375 0.076171875 0.083984375
0 0.609375 0.021484375 0.046875 0.04296875
0 0.611328125 0.056640625 0.052734375 0.044921875
0 0.619140625 0.083984375 0.046875 0.041015625
0 0.63671875 0.158203125 0.083984375 0.056640625
0 0.638671875 0.208984375 0.046875 0.064453125
0 0.658203125 0.283203125 0.08984375 0.08203125
0 0.955078125 0.37890625 0.056640625 0.03515625
0 0.822265625 0.412109375 0.0546875 0.052734375
0 0.775390625 0.427734375 0.041015625 0.046875
0 0.880859375 0.037109375 0.046875 0.04296875
0 0.91796875 0.09375 0.041015625 0.04296875
0 0.919921875 0.126953125 0.044921875 0.05078125
0 0.970703125 0.51953125 0.046875 0.0546875
0 0.90625 0.447265625 0.03515625 0.03515625
0 0.978515625 0.6640625 0.041015625 0.0546875
0 0.873046875 0.80859375 0.048828125 0.044921875
0 0.96484375 0.916015625 0.0390625 0.041015625
0 0.84765625 0.62890625 0.03515625 0.0390625
0 0.875 0.62890625 0.033203125 0.046875
0 0.8984375 0.60546875 0.046875 0.048828125
0 0.634765625 0.337890625 0.0546875 0.0390625
0 0.638671875 0.3671875 0.046875 0.03515625
0 0.654296875 0.404296875 0.048828125 0.04296875
0 0.66015625 0.43359375 0.041015625 0.033203125
0 0.671875 0.513671875 0.08984375 0.083984375
0 0.705078125 0.560546875 0.044921875 0.025390625
0 0.7109375 0.5859375 0.046875 0.02734375
0 0.72265625 0.615234375 0.052734375 0.046875
0 0.73046875 0.650390625 0.05078125 0.029296875
0 0.736328125 0.67578125 0.041015625 0.0234375
0 0.748046875 0.69921875 0.0390625 0.021484375
0 0.75390625 0.7421875 0.05859375 0.056640625
0 0.755859375 0.80859375 0.087890625 0.068359375
0 0.76953125 0.8515625 0.052734375 0.044921875
0 0.767578125 0.884765625 0.0390625 0.02734375
0 0.7734375 0.921875 0.064453125 0.04296875
0 0.7734375 0.97265625 0.05859375 0.052734375
0 0.310546875 0.935546875 0.06640625 0.060546875