0 0.416015625 0.166015625 0.09375 0.078125
0 0.81640625 0.541015625 0.07421875 0.0859375
0 0.826171875 0.65625 0.0859375 0.0859375
0 0.8515625 0.783203125 0.0703125 0.0703125
0 0.87109375 0.89453125 0.05859375 0.0703125
0 0.701171875 0.107421875 0.0859375 0.1015625
0 0.767578125 0.306640625 0.078125 0.0703125
0 0.80078125 0.4296875 0.07421875 0.07421875
0 0.50390625 0.37890625 0.1015625 0.0703125
0 0.580078125 0.62890625 0.09375 0.078125
0 0.65625 0.017578125 0.0859375 0.03515625
0 0.8828125 0.984375 0.0625 0.03125