0 0.869140625 0.537109375 0.05859375 0.05078125
0 0.86328125 0.623046875 0.05859375 0.0546875
0 0.84765625 0.701171875 0.06640625 0.0703125
0 0.84375 0.7890625 0.0703125 0.0625
0 0.83203125 0.84765625 0.0703125 0.0625
0 0.828125 0.923828125 0.0703125 0.0703125
0 0.833984375 0.982421875 0.08203125 0.03515625
0 0.8828125 0.453125 0.0625 0.046875
0 0.810546875 0.455078125 0.046875 0.0390625
0 0.8828125 0.36328125 0.0625 0.05078125
0 0.875 0.28125 0.0546875 0.046875
0 0.865234375 0.3203125 0.0625 0.0390625
0 0.888671875 0.14453125 0.06640625 0.0625
0 0.876953125 0.07421875 0.0546875 0.05078125
0 0.8671875 0.021484375 0.0625 0.04296875