0 0.921875 0.05859375 0.064453125 0.056640625
0 0.736328125 0.12890625 0.1015625 0.087890625
0 0.89453125 0.3671875 0.09375 0.078125
0 0.7265625 0.623046875 0.083984375 0.083984375
0 0.5546875 0.404296875 0.103515625 0.10546875
0 0.423828125 0.1953125 0.087890625 0.0859375
0 0.19921875 0.05078125 0.1015625 0.083984375
0 0.314453125 0.333984375 0.09765625 0.091796875
0 0.423828125 0.59375 0.099609375 0.095703125
0 0.5703125 0.822265625 0.095703125 0.080078125
0 0.884765625 0.853515625 0.08203125 0.087890625
0 0.19140625 0.84375 0.080078125 0.07421875
0 0.134765625 0.671875 0.08203125 0.080078125
0 0.064453125 0.486328125 0.087890625 0.080078125
0 0.01953125 0.3671875 0.0390625 0.068359375
0 0.056640625 0.634765625 0.064453125 0.037109375
0 0.06640625 0.671875 0.072265625 0.046875
0 0.0859375 0.708984375 0.0546875 0.056640625
0 0.14453125 0.89453125 0.06640625 0.044921875
0 0.1796875 0.982421875 0.05859375 0.033203125
0 0.162109375 0.931640625 0.05078125 0.041015625
0 0.013671875 0.552734375 0.025390625 0.048828125
0 0.158203125 0.46875 0.056640625 0.0625
0 0.072265625 0.5703125 0.060546875 0.05078125