0 0.6640625 0.43359375 0.080078125 0.08203125
0 0.74609375 0.529296875 0.07421875 0.07421875
0 0.818359375 0.626953125 0.09375 0.0859375
0 0.83984375 0.564453125 0.05859375 0.0546875
0 0.88671875 0.556640625 0.076171875 0.07421875
0 0.90625 0.69921875 0.068359375 0.078125
0 0.947265625 0.67578125 0.06640625 0.0625
0 0.97265625 0.78515625 0.0546875 0.09765625
0 0.97265625 0.576171875 0.052734375 0.10546875
0 0.888671875 0.451171875 0.09375 0.083984375
0 0.802734375 0.44140625 0.0625 0.06640625
0 0.73828125 0.44921875 0.072265625 0.07421875
0 0.779296875 0.349609375 0.09375 0.07421875
0 0.806640625 0.203125 0.0625 0.0703125
0 0.826171875 0.03125 0.044921875 0.052734375
0 0.806640625 0.025390625 0.0390625 0.0390625
0 0.587890625 0.05859375 0.07421875 0.06640625
0 0.513671875 0.09765625 0.072265625 0.0703125
0 0.583984375 0.1640625 0.0625 0.060546875
0 0.58984375 0.125 0.056640625 0.046875
0 0.6171875 0.224609375 0.08203125 0.060546875
0 0.576171875 0.318359375 0.07421875 0.080078125
0 0.625 0.3046875 0.056640625 0.0625
0 0.67578125 0.3671875 0.060546875 0.04296875
0 0.69921875 0.2421875 0.083984375 0.076171875
0 0.7421875 0.296875 0.072265625 0.0625
0 0.5390625 0.201171875 0.064453125 0.072265625
0 0.486328125 0.205078125 0.05078125 0.060546875
0 0.373046875 0.072265625 0.07421875 0.07421875
0 0.431640625 0.08984375 0.0703125 0.078125
0 0.443359375 0.01171875 0.064453125 0.0234375