0 0.05859375 0.828125 0.056640625 0.052734375
0 0.30078125 0.85546875 0.04296875 0.044921875
0 0.2578125 0.861328125 0.052734375 0.05078125
0 0.224609375 0.859375 0.046875 0.0390625
0 0.525390625 0.361328125 0.05859375 0.05859375
0 0.521484375 0.29296875 0.05859375 0.056640625
0 0.166015625 0.837890625 0.037109375 0.044921875
0 0.19140625 0.845703125 0.03515625 0.041015625
0 0.150390625 0.873046875 0.04296875 0.033203125
0 0.013671875 0.822265625 0.025390625 0.0390625
0 0.52734375 0.451171875 0.025390625 0.044921875
0 0.51953125 0.22265625 0.08984375 0.064453125