0 0.919921875 0.978515625 0.07421875 0.04296875
0 0.892578125 0.931640625 0.08984375 0.07421875
0 0.861328125 0.873046875 0.09375 0.0625
0 0.841796875 0.8125 0.0703125 0.0703125
0 0.818359375 0.74609375 0.06640625 0.0625
0 0.79296875 0.68359375 0.078125 0.06640625
0 0.77734375 0.623046875 0.078125 0.0703125
0 0.751953125 0.53515625 0.0859375 0.08984375
0 0.73046875 0.447265625 0.0859375 0.078125
0 0.705078125 0.353515625 0.1015625 0.0546875
0 0.677734375 0.294921875 0.0703125 0.06640625
0 0.6484375 0.201171875 0.07421875 0.07421875
0 0.619140625 0.119140625 0.0703125 0.0703125
0 0.580078125 0.03515625 0.078125 0.0625
0 0.037109375 0.927734375 0.046875 0.05859375