0 0.66796875 0.265625 0.046875 0.0546875
0 0.69140625 0.21484375 0.05078125 0.05078125
0 0.755859375 0.07421875 0.0546875 0.046875
0 0.51953125 0.490234375 0.0625 0.046875
0 0.544921875 0.455078125 0.0390625 0.03515625
0 0.572265625 0.3984375 0.0546875 0.02734375
0 0.634765625 0.34765625 0.05078125 0.0390625
0 0.509765625 0.525390625 0.0546875 0.03125
0 0.4921875 0.552734375 0.0625 0.03125
0 0.333984375 0.8671875 0.046875 0.0390625
0 0.6484375 0.310546875 0.04296875 0.04296875
0 0.3125 0.908203125 0.05859375 0.0390625