0 0.525390625 0.32421875 0.056640625 0.060546875
0 0.537109375 0.15625 0.052734375 0.056640625
0 0.505859375 0.23046875 0.0625 0.060546875
0 0.470703125 0.283203125 0.060546875 0.0546875
0 0.404296875 0.357421875 0.080078125 0.06640625
0 0.369140625 0.40234375 0.072265625 0.02734375
0 0.361328125 0.453125 0.07421875 0.046875
0 0.328125 0.525390625 0.087890625 0.0625
0 0.451171875 0.470703125 0.07421875 0.048828125
0 0.302734375 0.6484375 0.078125 0.076171875
0 0.279296875 0.708984375 0.087890625 0.056640625
0 0.23046875 0.7890625 0.060546875 0.0625
0 0.19140625 0.9296875 0.0546875 0.0546875
0 0.369140625 0.705078125 0.046875 0.056640625