0 0.1171875 0.94921875 0.0625 0.06640625
0 0.09765625 0.869140625 0.04296875 0.0703125
0 0.189453125 0.677734375 0.0390625 0.0546875
0 0.140625 0.748046875 0.05859375 0.0546875
0 0.18359375 0.7578125 0.0390625 0.0390625
0 0.142578125 0.861328125 0.0546875 0.0546875
0 0.154296875 0.900390625 0.0390625 0.03515625
0 0.267578125 0.470703125 0.05078125 0.046875
0 0.236328125 0.431640625 0.078125 0.0625
0 0.287109375 0.359375 0.03515625 0.046875
0 0.390625 0.19921875 0.046875 0.046875
0 0.359375 0.23828125 0.0546875 0.046875
0 0.328125 0.28515625 0.0546875 0.046875
0 0.30078125 0.326171875 0.046875 0.03515625
0 0.423828125 0.12109375 0.0546875 0.03125
0 0.41796875 0.16796875 0.05078125 0.0546875
0 0.439453125 0.091796875 0.046875 0.046875
0 0.25 0.49609375 0.046875 0.03125
0 0.23046875 0.529296875 0.04296875 0.05078125
0 0.197265625 0.6328125 0.05078125 0.0390625
0 0.20703125 0.58984375 0.0390625 0.0625
0 0.1796875 0.560546875 0.05078125 0.0546875
0 0.1875 0.8046875 0.0234375 0.0390625
0 0.16796875 0.79296875 0.02734375 0.03515625
0 0.431640625 0.0625 0.0390625 0.01953125
0 0.431640625 0.041015625 0.03125 0.015625
0 0.43359375 0.021484375 0.0390625 0.015625
0 0.439453125 0.0078125 0.0625 0.015625