0 0.255859375 0.375 0.0859375 0.083984375
0 0.1875 0.259765625 0.099609375 0.103515625
0 0.107421875 0.228515625 0.08203125 0.0625
0 0.060546875 0.189453125 0.056640625 0.041015625
0 0.03125 0.1328125 0.0625 0.1015625
0 0.8984375 0.642578125 0.060546875 0.05859375
0 0.87109375 0.671875 0.056640625 0.0546875
0 0.693359375 0.337890625 0.099609375 0.091796875
0 0.453125 0.2578125 0.0625 0.068359375
0 0.302734375 0.189453125 0.1015625 0.072265625
0 0.5703125 0.3046875 0.091796875 0.091796875
0 0.1796875 0.14453125 0.064453125 0.068359375
0 0.12109375 0.140625 0.0859375 0.1171875