0 0.734375 0.326171875 0.0546875 0.0546875
0 0.734375 0.44140625 0.0390625 0.0390625
0 0.7265625 0.48828125 0.046875 0.03125
0 0.7734375 0.029296875 0.0546875 0.0546875
0 0.77734375 0.232421875 0.0546875 0.0625
0 0.7734375 0.283203125 0.0546875 0.04296875
0 0.771484375 0.33203125 0.0546875 0.046875
0 0.76953125 0.375 0.046875 0.046875
0 0.775390625 0.41796875 0.046875 0.046875
0 0.77734375 0.4609375 0.046875 0.0390625
0 0.775390625 0.5078125 0.0390625 0.0390625
0 0.76953125 0.548828125 0.04296875 0.046875
0 0.771484375 0.59375 0.04296875 0.03515625
0 0.771484375 0.6328125 0.0390625 0.05859375
0 0.796875 0.07421875 0.04296875 0.03515625
0 0.83203125 0.041015625 0.0625 0.046875