0 0.236328125 0.966796875 0.0546875 0.0546875
0 0.236328125 0.884765625 0.0546875 0.06640625
0 0.2421875 0.8046875 0.05859375 0.0546875
0 0.248046875 0.7265625 0.05859375 0.0546875
0 0.24609375 0.6640625 0.05859375 0.04296875
0 0.255859375 0.595703125 0.0625 0.0546875
0 0.248046875 0.51953125 0.0546875 0.0546875
0 0.20703125 0.626953125 0.05859375 0.0625
0 0.263671875 0.43359375 0.0546875 0.05859375
0 0.2734375 0.3828125 0.05859375 0.05859375
0 0.283203125 0.31640625 0.078125 0.0625
0 0.25390625 0.119140625 0.0546875 0.05859375
0 0.197265625 0.431640625 0.0546875 0.0546875
0 0.21484375 0.388671875 0.046875 0.0625
0 0.248046875 0.033203125 0.0546875 0.06640625