0 0.685546875 0.53125 0.0703125 0.05859375
0 0.638671875 0.458984375 0.0703125 0.0625
0 0.58984375 0.3828125 0.0703125 0.0625
0 0.171875 0.625 0.09765625 0.08203125
0 0.029296875 0.53515625 0.05859375 0.078125
0 0.0625 0.630859375 0.06640625 0.05859375
0 0.080078125 0.572265625 0.0546875 0.0546875
0 0.107421875 0.546875 0.0625 0.05859375
0 0.435546875 0.712890625 0.08203125 0.078125
0 0.375 0.69921875 0.0625 0.0703125
0 0.306640625 0.654296875 0.078125 0.07421875
0 0.5625 0.765625 0.1015625 0.0859375
0 0.697265625 0.810546875 0.10546875 0.078125
0 0.73828125 0.61328125 0.08203125 0.0703125
0 0.8203125 0.728515625 0.0859375 0.0859375
0 0.904296875 0.763671875 0.0859375 0.07421875
0 0.8671875 0.841796875 0.0859375 0.0703125
0 0.96484375 0.8515625 0.0625 0.09375
0 0.8203125 0.951171875 0.078125 0.06640625
0 0.533203125 0.349609375 0.078125 0.0390625
0 0.02734375 0.041015625 0.0546875 0.07421875
0 0.0703125 0.029296875 0.046875 0.03515625
0 0.0703125 0.41015625 0.09765625 0.08984375
0 0.1953125 0.404296875 0.05859375 0.0546875
0 0.80078125 0.474609375 0.0625 0.05859375