0 0.8984375 0.046875 0.05859375 0.048828125
0 0.908203125 0.076171875 0.05859375 0.05078125
0 0.9375 0.109375 0.044921875 0.037109375
0 0.93359375 0.1640625 0.03515625 0.05859375
0 0.96484375 0.1640625 0.048828125 0.0546875
0 0.982421875 0.1953125 0.02734375 0.033203125
0 0.9921875 0.228515625 0.013671875 0.044921875
0 0.873046875 0.01171875 0.06640625 0.0234375
0 0.111328125 0.138671875 0.046875 0.05859375
0 0.11328125 0.220703125 0.0390625 0.056640625
0 0.119140625 0.2890625 0.046875 0.0625
0 0.119140625 0.353515625 0.05078125 0.044921875
0 0.1328125 0.515625 0.044921875 0.056640625
0 0.064453125 0.080078125 0.056640625 0.04296875
0 0.056640625 0.04296875 0.056640625 0.03125
0 0.05078125 0.01171875 0.046875 0.0234375
0 0.060546875 0.11328125 0.05078125 0.044921875
0 0.068359375 0.15234375 0.048828125 0.037109375
0 0.072265625 0.169921875 0.05078125 0.033203125
0 0.076171875 0.205078125 0.0546875 0.052734375
0 0.076171875 0.236328125 0.044921875 0.037109375
0 0.078125 0.26171875 0.03515625 0.03515625
0 0.076171875 0.2890625 0.046875 0.033203125
0 0.078125 0.318359375 0.03125 0.025390625
0 0.0859375 0.345703125 0.033203125 0.0390625
0 0.095703125 0.376953125 0.04296875 0.033203125
0 0.1015625 0.40234375 0.044921875 0.033203125
0 0.099609375 0.4375 0.04296875 0.0390625
0 0.10546875 0.46875 0.048828125 0.041015625
0 0.087890625 0.4921875 0.041015625 0.04296875
0 0.072265625 0.51953125 0.041015625 0.03125
0 0.076171875 0.5625 0.060546875 0.048828125
0 0.076171875 0.591796875 0.060546875 0.033203125
0 0.072265625 0.623046875 0.052734375 0.048828125
0 0.0234375 0.634765625 0.046875 0.076171875
0 0.017578125 0.484375 0.03515625 0.083984375
0 0.07421875 0.6640625 0.046875 0.037109375
0 0.076171875 0.693359375 0.0546875 0.0390625
0 0.080078125 0.728515625 0.05859375 0.04296875
0 0.0859375 0.767578125 0.0625 0.037109375
0 0.0859375 0.79296875 0.05859375 0.025390625
0 0.03125 0.755859375 0.0625 0.05078125
0 0.087890625 0.826171875 0.072265625 0.033203125
0 0.08203125 0.849609375 0.05078125 0.037109375
0 0.083984375 0.890625 0.0546875 0.029296875
0 0.087890625 0.921875 0.041015625 0.03125
0 0.080078125 0.9609375 0.060546875 0.029296875
0 0.072265625 0.986328125 0.05078125 0.02734375
0 0.015625 0.806640625 0.029296875 0.052734375
0 0.017578125 0.87109375 0.033203125 0.056640625
0 0.01171875 0.966796875 0.0234375 0.06640625