0 0.330078125 0.626953125 0.046875 0.0625
0 0.33984375 0.375 0.046875 0.0546875
0 0.3671875 0.029296875 0.046875 0.0390625
0 0.36328125 0.068359375 0.03515625 0.03125
0 0.357421875 0.109375 0.0546875 0.0390625
0 0.24609375 0.962890625 0.0546875 0.0546875
0 0.294921875 0.654296875 0.0625 0.04296875
0 0.287109375 0.595703125 0.0546875 0.0390625
0 0.294921875 0.513671875 0.0546875 0.046875
0 0.296875 0.47265625 0.0546875 0.05078125
0 0.298828125 0.4296875 0.0546875 0.0390625
0 0.306640625 0.373046875 0.0625 0.0546875
0 0.3125 0.326171875 0.06640625 0.0546875
0 0.32421875 0.28515625 0.0625 0.0546875
0 0.326171875 0.23828125 0.0390625 0.0390625
0 0.3359375 0.19921875 0.0546875 0.04296875
0 0.345703125 0.15625 0.06640625 0.05078125