0 0.701171875 0.58203125 0.06640625 0.064453125
0 0.740234375 0.357421875 0.060546875 0.056640625
0 0.810546875 0.126953125 0.064453125 0.064453125
0 0.708984375 0.80078125 0.076171875 0.078125
0 0.70703125 0.970703125 0.0859375 0.05859375
0 0.90625 0.9609375 0.052734375 0.0546875
0 0.900390625 0.712890625 0.05078125 0.05859375
0 0.498046875 0.517578125 0.056640625 0.060546875
0 0.498046875 0.3984375 0.056640625 0.052734375
0 0.505859375 0.337890625 0.0625 0.056640625
0 0.46484375 0.451171875 0.048828125 0.0546875
0 0.5078125 0.451171875 0.0546875 0.0546875