0 0.263671875 0.587890625 0.0625 0.0625
0 0.2421875 0.673828125 0.0625 0.0625
0 0.31640625 0.904296875 0.05859375 0.05078125
0 0.34765625 0.970703125 0.0625 0.05078125
0 0.28125 0.7265625 0.0703125 0.0625
0 0.1875 0.5390625 0.0546875 0.0546875
0 0.1953125 0.443359375 0.06640625 0.046875
0 0.19921875 0.392578125 0.0546875 0.05078125
0 0.146484375 0.384765625 0.05859375 0.05859375
0 0.13671875 0.32421875 0.0546875 0.0546875
0 0.171875 0.27734375 0.0625 0.0625
0 0.1875 0.32421875 0.07421875 0.046875
0 0.12890625 0.21875 0.0546875 0.0390625
0 0.119140625 0.248046875 0.0625 0.0625
0 0.158203125 0.150390625 0.05859375 0.0546875
0 0.130859375 0.087890625 0.05859375 0.0703125
0 0.1328125 0.02734375 0.0625 0.0546875
0 0.30078125 0.853515625 0.046875 0.0390625