0 0.0546875 0.908203125 0.05859375 0.05859375
0 0.017578125 0.93359375 0.03515625 0.046875
0 0.115234375 0.86328125 0.046875 0.0546875
0 0.06640625 0.87109375 0.0546875 0.05859375
0 0.08984375 0.802734375 0.0625 0.06640625
0 0.171875 0.818359375 0.09765625 0.09375
0 0.041015625 0.814453125 0.05078125 0.04296875
0 0.02734375 0.748046875 0.0546875 0.06640625
0 0.095703125 0.728515625 0.0703125 0.0546875
0 0.044921875 0.66796875 0.0703125 0.0625
0 0.103515625 0.640625 0.0703125 0.0625
0 0.064453125 0.578125 0.0625 0.0546875
0 0.1796875 0.66796875 0.09375 0.1015625
0 0.271484375 0.787109375 0.078125 0.0703125
0 0.33203125 0.701171875 0.078125 0.0703125
0 0.1484375 0.509765625 0.09765625 0.0859375
0 0.07421875 0.5 0.06640625 0.0546875
0 0.02734375 0.52734375 0.0546875 0.06640625
0 0.0234375 0.470703125 0.046875 0.05859375
0 0.123046875 0.412109375 0.08203125 0.0703125
0 0.06640625 0.43359375 0.0546875 0.0546875
0 0.01953125 0.408203125 0.0390625 0.0625
0 0.0546875 0.33984375 0.10546875 0.08984375
0 0.021484375 0.265625 0.04296875 0.08984375
0 0.240234375 0.15234375 0.08203125 0.0625
0 0.27734375 0.091796875 0.06640625 0.0625
0 0.267578125 0.03125 0.07421875 0.0625
0 0.18359375 0.34375 0.0625 0.05859375
0 0.28515625 0.59765625 0.0859375 0.08203125
0 0.365234375 0.5390625 0.0546875 0.078125
0 0.1640625 0.287109375 0.078125 0.0625
0 0.11328125 0.134765625 0.0859375 0.04296875
0 0.099609375 0.03515625 0.0625 0.0625
0 0.1015625 0.0859375 0.0625 0.0546875
0 0.046875 0.046875 0.05859375 0.0546875
0 0.39453125 0.2890625 0.0859375 0.0703125
0 0.28125 0.509765625 0.08984375 0.09375
0 0.447265625 0.662109375 0.08203125 0.078125
0 0.447265625 0.830078125 0.05078125 0.06640625
0 0.412109375 0.921875 0.078125 0.09375
0 0.529296875 0.939453125 0.078125 0.0625
0 0.4921875 0.84765625 0.05078125 0.0546875
0 0.18359375 0.96875 0.0703125 0.0625
0 0.396484375 0.416015625 0.0859375 0.09375
0 0.482421875 0.447265625 0.06640625 0.0625
0 0.451171875 0.51171875 0.06640625 0.0703125
0 0.568359375 0.099609375 0.078125 0.0703125
0 0.533203125 0.0234375 0.07421875 0.046875
0 0.771484375 0.056640625 0.0703125 0.046875
0 0.8046875 0.162109375 0.05078125 0.05078125
0 0.875 0.17578125 0.0625 0.0625
0 0.8671875 0.1171875 0.0703125 0.06640625
0 0.857421875 0.064453125 0.0625 0.04296875
0 0.85546875 0.02734375 0.06640625 0.0546875
0 0.890625 0.24609375 0.05859375 0.05859375
0 0.62890625 0.33203125 0.0625 0.078125
0 0.59375 0.208984375 0.078125 0.0703125
0 0.6875 0.439453125 0.0703125 0.078125
0 0.720703125 0.544921875 0.0859375 0.0859375
0 0.767578125 0.626953125 0.078125 0.0703125
0 0.865234375 0.77734375 0.08203125 0.06640625
0 0.95703125 0.634765625 0.0625 0.0625
0 0.978515625 0.740234375 0.04296875 0.1015625
0 0.919921875 0.931640625 0.0859375 0.06640625
0 0.90234375 0.51953125 0.05859375 0.046875
0 0.814453125 0.3046875 0.0625 0.05078125
0 0.86328125 0.44140625 0.08984375 0.05078125
0 0.451171875 0.181640625 0.0546875 0.0625
0 0.44140625 0.125 0.0546875 0.0390625
0 0.412109375 0.064453125 0.06640625 0.07421875
0 0.23046875 0.4375 0.16015625 0.12109375
0 0.34765625 0.76171875 0.05859375 0.0625
0 0.408203125 0.75390625 0.05078125 0.046875
0 0.3828125 0.728515625 0.0625 0.05859375
0 0.75390625 0.900390625 0.0859375 0.0703125
0 0.681640625 0.892578125 0.0625 0.05078125
0 0.71484375 0.94140625 0.05859375 0.046875
0 0.77734375 0.9453125 0.0546875 0.0390625
0 0.75 0.978515625 0.07421875 0.04296875
0 0.673828125 0.9609375 0.046875 0.0234375
0 0.671875 0.931640625 0.0390625 0.03125
0 0.646484375 0.9296875 0.0546875 0.04296875
0 0.9765625 0.818359375 0.046875 0.04296875
0 0.880859375 0.40234375 0.0625 0.04296875
0 0.873046875 0.373046875 0.078125 0.046875
0 0.828125 0.25 0.07421875 0.0546875
0 0.68359375 0.390625 0.03125 0.0234375
0 0.669921875 0.359375 0.03125 0.03125
0 0.658203125 0.205078125 0.0390625 0.04296875
0 0.66796875 0.166015625 0.03125 0.03125
0 0.671875 0.134765625 0.02734375 0.0390625
0 0.671875 0.095703125 0.03125 0.02734375
0 0.669921875 0.0546875 0.015625 0.01953125
0 0.666015625 0.02734375 0.03125 0.03125
0 0.662109375 0.005859375 0.0390625 0.01171875