0 0.8671875 0.61328125 0.0859375 0.078125
0 0.92578125 0.541015625 0.08203125 0.078125
0 0.837890625 0.3984375 0.078125 0.0703125
0 0.7421875 0.2578125 0.0703125 0.0546875
0 0.673828125 0.30078125 0.0859375 0.109375
0 0.654296875 0.099609375 0.078125 0.0546875
0 0.6171875 0.029296875 0.05078125 0.0546875
0 0.49609375 0.005859375 0.0390625 0.01171875
0 0.4765625 0.060546875 0.03515625 0.0390625
0 0.26953125 0.7578125 0.0859375 0.08203125
0 0.15234375 0.541015625 0.0703125 0.0859375
0 0.03125 0.392578125 0.0625 0.06640625