0 0.486328125 0.595703125 0.0546875 0.0546875
0 0.509765625 0.564453125 0.046875 0.03125
0 0.49609375 0.5390625 0.0546875 0.046875
0 0.451171875 0.54296875 0.0390625 0.03125
0 0.4609375 0.4609375 0.0546875 0.0390625
0 0.435546875 0.44140625 0.04296875 0.0546875
0 0.37109375 0.380859375 0.0625 0.0546875
0 0.470703125 0.052734375 0.05078125 0.0390625
0 0.31640625 0.216796875 0.05859375 0.0546875
0 0.3203125 0.15234375 0.08203125 0.0625
0 0.181640625 0.19921875 0.09375 0.08203125
0 0.234375 0.400390625 0.08984375 0.078125
0 0.30859375 0.607421875 0.0703125 0.0390625
0 0.3046875 0.578125 0.0625 0.046875
0 0.3671875 0.798828125 0.08203125 0.078125
0 0.435546875 0.9765625 0.05859375 0.046875
0 0.515625 0.990234375 0.046875 0.01953125
0 0.501953125 0.939453125 0.0546875 0.0625
0 0.52734375 0.59765625 0.0390625 0.046875
0 0.544921875 0.626953125 0.046875 0.04296875
0 0.552734375 0.6484375 0.04296875 0.0234375
0 0.5625 0.673828125 0.05078125 0.0390625
0 0.568359375 0.708984375 0.0546875 0.03515625
0 0.634765625 0.7890625 0.05078125 0.0390625
0 0.62109375 0.76953125 0.0390625 0.0390625
0 0.59375 0.73828125 0.046875 0.0390625
0 0.64453125 0.822265625 0.046875 0.03125
0 0.662109375 0.8515625 0.04296875 0.03515625
0 0.671875 0.880859375 0.04296875 0.03125
0 0.59375 0.9375 0.06640625 0.0703125
0 0.662109375 0.541015625 0.046875 0.05078125
0 0.58984375 0.49609375 0.046875 0.04296875
0 0.556640625 0.421875 0.046875 0.046875
0 0.68359375 0.587890625 0.046875 0.06640625
0 0.7109375 0.6640625 0.06640625 0.0546875
0 0.740234375 0.740234375 0.0625 0.0546875
0 0.76953125 0.81640625 0.05859375 0.046875
0 0.783203125 0.87890625 0.0703125 0.05859375
0 0.80078125 0.927734375 0.0546875 0.046875
0 0.681640625 0.9453125 0.0546875 0.0390625
0 0.7421875 0.9765625 0.0859375 0.046875
0 0.80859375 0.9921875 0.0625 0.015625
0 0.814453125 0.265625 0.0625 0.0546875
0 0.76171875 0.2421875 0.046875 0.05078125
0 0.78125 0.1640625 0.046875 0.0390625
0 0.76953125 0.09765625 0.0546875 0.046875
0 0.75390625 0.03515625 0.08984375 0.06640625
0 0.826171875 0.3515625 0.0625 0.0546875
0 0.83984375 0.4296875 0.046875 0.0546875
0 0.869140625 0.50390625 0.0625 0.0546875
0 0.900390625 0.58984375 0.0625 0.0625
0 0.912109375 0.669921875 0.0703125 0.07421875
0 0.947265625 0.73046875 0.0625 0.0546875
0 0.9765625 0.78515625 0.046875 0.0625
0 0.98046875 0.666015625 0.0390625 0.0546875
0 0.955078125 0.310546875 0.0546875 0.046875
0 0.986328125 0.37890625 0.02734375 0.0859375
0 0.482421875 0.666015625 0.1015625 0.0859375
0 0.11328125 0.236328125 0.12109375 0.09375
0 0.12890625 0.4453125 0.1015625 0.09375
0 0.142578125 0.56640625 0.109375 0.1015625
0 0.072265625 0.732421875 0.109375 0.09375
0 0.0546875 0.810546875 0.08984375 0.0703125
0 0.029296875 0.88671875 0.05859375 0.0703125
0 0.142578125 0.865234375 0.08203125 0.1015625
0 0.169921875 0.984375 0.08984375 0.03125
0 0.32421875 0.982421875 0.0625 0.03125
0 0.27734375 0.94921875 0.0859375 0.078125
0 0.244140625 0.8671875 0.09375 0.078125
0 0.18359375 0.732421875 0.1015625 0.0859375
0 0.611328125 0.318359375 0.078125 0.0390625
0 0.5546875 0.28515625 0.046875 0.0625
0 0.9765625 0.865234375 0.046875 0.05078125
0 0.654296875 0.28125 0.0546875 0.0390625
0 0.71875 0.302734375 0.0234375 0.046875
0 0.73046875 0.33203125 0.0390625 0.03125
0 0.748046875 0.3671875 0.046875 0.046875