0 0.7890625 0.34765625 0.048828125 0.056640625
0 0.765625 0.29296875 0.046875 0.04296875
0 0.775390625 0.240234375 0.037109375 0.037109375
0 0.775390625 0.19140625 0.04296875 0.037109375
0 0.775390625 0.138671875 0.0390625 0.041015625
0 0.771484375 0.0859375 0.048828125 0.041015625
0 0.7734375 0.0234375 0.041015625 0.044921875
0 0.775390625 0.470703125 0.04296875 0.04296875
0 0.744140625 0.490234375 0.041015625 0.044921875
0 0.75 0.546875 0.05078125 0.04296875
0 0.740234375 0.6015625 0.052734375 0.041015625
0 0.744140625 0.6484375 0.037109375 0.046875
0 0.74609375 0.705078125 0.041015625 0.0390625
0 0.748046875 0.75390625 0.044921875 0.0390625
0 0.763671875 0.80859375 0.041015625 0.041015625
0 0.76171875 0.87109375 0.044921875 0.044921875
0 0.75 0.9296875 0.033203125 0.041015625
0 0.736328125 0.982421875 0.046875 0.03515625
0 0.677734375 0.294921875 0.048828125 0.0390625
0 0.662109375 0.251953125 0.052734375 0.0390625
0 0.650390625 0.171875 0.052734375 0.048828125
0 0.6171875 0.10546875 0.046875 0.041015625
0 0.59375 0.041015625 0.046875 0.041015625
0 0.578125 0.013671875 0.041015625 0.02734375
0 0.73828125 0.431640625 0.064453125 0.0546875
0 0.7109375 0.345703125 0.033203125 0.03515625