0 0.720703125 0.6484375 0.0703125 0.0625
0 0.689453125 0.89453125 0.060546875 0.052734375
0 0.77734375 0.966796875 0.060546875 0.06640625
0 0.626953125 0.8203125 0.064453125 0.068359375
0 0.681640625 0.72265625 0.076171875 0.08203125
0 0.68359375 0.779296875 0.0390625 0.07421875
0 0.78125 0.572265625 0.08984375 0.08984375
0 0.80859375 0.451171875 0.076171875 0.072265625
0 0.84375 0.337890625 0.076171875 0.103515625
0 0.87109375 0.23046875 0.08203125 0.099609375
0 0.896484375 0.126953125 0.076171875 0.064453125
0 0.982421875 0.021484375 0.03515625 0.04296875