0 0.865234375 0.265625 0.0703125 0.07421875
0 0.794921875 0.30078125 0.078125 0.0859375
0 0.896484375 0.39453125 0.0859375 0.0625
0 0.810546875 0.392578125 0.0859375 0.0703125
0 0.828125 0.48828125 0.0703125 0.0546875
0 0.93359375 0.556640625 0.078125 0.07421875
0 0.841796875 0.119140625 0.078125 0.0625
0 0.87890625 0.041015625 0.05859375 0.0625
0 0.7109375 0.01953125 0.078125 0.0390625
0 0.767578125 0.197265625 0.046875 0.046875
0 0.96875 0.697265625 0.0625 0.0703125
0 0.87890625 0.9140625 0.078125 0.0546875
0 0.830078125 0.591796875 0.0703125 0.0703125
0 0.857421875 0.7109375 0.06640625 0.08203125
0 0.962890625 0.783203125 0.07421875 0.0625