0 0.640625 0.845703125 0.048828125 0.044921875
0 0.642578125 0.896484375 0.052734375 0.052734375
0 0.669921875 0.95703125 0.048828125 0.046875
0 0.6953125 0.98828125 0.0390625 0.021484375
0 0.623046875 0.810546875 0.041015625 0.044921875
0 0.615234375 0.76171875 0.068359375 0.05078125
0 0.599609375 0.708984375 0.0546875 0.046875
0 0.5859375 0.65625 0.05078125 0.04296875
0 0.55078125 0.390625 0.05859375 0.052734375
0 0.55078125 0.447265625 0.0625 0.044921875
0 0.548828125 0.337890625 0.0546875 0.044921875
0 0.556640625 0.240234375 0.05859375 0.044921875
0 0.556640625 0.2890625 0.060546875 0.060546875
0 0.544921875 0.185546875 0.046875 0.0546875
0 0.537109375 0.125 0.05078125 0.052734375
0 0.52734375 0.078125 0.041015625 0.041015625
0 0.517578125 0.044921875 0.048828125 0.029296875
0 0.40234375 0.08203125 0.052734375 0.048828125
0 0.234375 0.447265625 0.056640625 0.064453125
0 0.212890625 0.392578125 0.06640625 0.037109375
0 0.03515625 0.65625 0.056640625 0.044921875
0 0.90625 0.974609375 0.0703125 0.048828125
0 0.89453125 0.921875 0.072265625 0.060546875
0 0.82421875 0.748046875 0.06640625 0.07421875
0 0.857421875 0.826171875 0.080078125 0.1015625
0 0.775390625 0.94140625 0.048828125 0.05078125
0 0.64453125 0.52734375 0.04296875 0.044921875
0 0.689453125 0.3046875 0.048828125 0.048828125
0 0.69140625 0.337890625 0.05078125 0.048828125
0 0.6796875 0.40234375 0.041015625 0.02734375
0 0.68359375 0.431640625 0.0390625 0.052734375
0 0.693359375 0.47265625 0.052734375 0.037109375
0 0.6953125 0.52734375 0.041015625 0.048828125
0 0.689453125 0.27734375 0.041015625 0.02734375
0 0.67578125 0.25390625 0.056640625 0.041015625
0 0.671875 0.21875 0.0546875 0.041015625
0 0.6640625 0.177734375 0.0625 0.03515625
0 0.560546875 0.5 0.060546875 0.046875
0 0.572265625 0.560546875 0.0546875 0.04296875
0 0.640625 0.57421875 0.044921875 0.041015625
0 0.6171875 0.603515625 0.048828125 0.044921875
0 0.580078125 0.611328125 0.04296875 0.0390625
0 0.654296875 0.341796875 0.04296875 0.0390625