0 0.42578125 0.080078125 0.083984375 0.083984375
0 0.404296875 0.15234375 0.0703125 0.064453125
0 0.369140625 0.20703125 0.0703125 0.064453125
0 0.32421875 0.32421875 0.0703125 0.06640625
0 0.3046875 0.419921875 0.078125 0.068359375
0 0.25390625 0.505859375 0.0703125 0.07421875
0 0.11328125 0.396484375 0.07421875 0.0625
0 0.05859375 0.578125 0.10546875 0.091796875
0 0.095703125 0.775390625 0.068359375 0.076171875
0 0.171875 0.66015625 0.076171875 0.076171875
0 0.037109375 0.884765625 0.072265625 0.1015625
0 0.162109375 0.212890625 0.083984375 0.1015625
0 0.212890625 0.03125 0.10546875 0.0625
0 0.560546875 0.01171875 0.06640625 0.0234375
0 0.7890625 0.333984375 0.05859375 0.056640625
0 0.841796875 0.6171875 0.064453125 0.0625
0 0.75 0.9375 0.072265625 0.05859375
0 0.08203125 0.099609375 0.05859375 0.0703125
0 0.185546875 0.505859375 0.072265625 0.068359375
0 0.013671875 0.392578125 0.025390625 0.083984375
0 0.015625 0.75390625 0.029296875 0.078125