0 0.33203125 0.63671875 0.0546875 0.05078125
0 0.451171875 0.525390625 0.05078125 0.046875
0 0.533203125 0.5078125 0.0546875 0.05859375
0 0.498046875 0.619140625 0.0703125 0.0546875
0 0.423828125 0.466796875 0.0625 0.05859375
0 0.318359375 0.296875 0.046875 0.05078125
0 0.357421875 0.333984375 0.05078125 0.05078125
0 0.33203125 0.2265625 0.06640625 0.0625
0 0.328125 0.107421875 0.0546875 0.046875
0 0.30859375 0.037109375 0.0625 0.0546875
0 0.361328125 0.744140625 0.078125 0.0625
0 0.3515625 0.693359375 0.0625 0.0546875
0 0.412109375 0.890625 0.0703125 0.046875
0 0.4453125 0.984375 0.0703125 0.03125
0 0.41015625 0.935546875 0.06640625 0.0625
0 0.375 0.80078125 0.0546875 0.0390625
0 0.390625 0.841796875 0.05859375 0.0390625
0 0.33984375 0.576171875 0.07421875 0.078125
0 0.38671875 0.38671875 0.05078125 0.046875
0 0.255859375 0.203125 0.05859375 0.05078125
0 0.2734375 0.158203125 0.0546875 0.046875
0 0.248046875 0.283203125 0.05078125 0.05859375
0 0.271484375 0.3515625 0.046875 0.0390625
0 0.27734375 0.400390625 0.07421875 0.05859375
0 0.013671875 0.90234375 0.0234375 0.09375
0 0.0625 0.962890625 0.08984375 0.046875
0 0.119140625 0.990234375 0.0625 0.01953125