0 0.921875 0.419921875 0.06640625 0.08203125
0 0.958984375 0.498046875 0.080078125 0.05859375
0 0.982421875 0.61328125 0.033203125 0.06640625
0 0.9765625 0.7578125 0.046875 0.1171875
0 0.94140625 0.556640625 0.087890625 0.078125
0 0.974609375 0.251953125 0.05078125 0.08203125
0 0.7265625 0.064453125 0.06640625 0.068359375
0 0.73046875 0.013671875 0.06640625 0.02734375
0 0.880859375 0.154296875 0.068359375 0.0703125
0 0.94921875 0.140625 0.056640625 0.060546875
0 0.82421875 0.205078125 0.060546875 0.080078125
0 0.904296875 0.060546875 0.05078125 0.052734375
0 0.939453125 0.04296875 0.044921875 0.04296875
0 0.9765625 0.115234375 0.046875 0.06640625
0 0.84375 0.771484375 0.04296875 0.0390625
0 0.830078125 0.732421875 0.048828125 0.04296875
0 0.80859375 0.685546875 0.05078125 0.05078125
0 0.693359375 0.34765625 0.052734375 0.0390625
0 0.705078125 0.3984375 0.044921875 0.033203125
0 0.62890625 0.17578125 0.033203125 0.0546875
0 0.51171875 0.193359375 0.064453125 0.06640625
0 0.470703125 0.099609375 0.08203125 0.06640625
0 0.541015625 0.28515625 0.0703125 0.0703125
0 0.572265625 0.388671875 0.078125 0.07421875
0 0.60546875 0.47265625 0.064453125 0.05859375
0 0.6328125 0.548828125 0.0703125 0.078125
0 0.658203125 0.642578125 0.05859375 0.064453125
0 0.681640625 0.732421875 0.05859375 0.05859375
0 0.712890625 0.83203125 0.052734375 0.05859375
0 0.783203125 0.8046875 0.05859375 0.0703125
0 0.751953125 0.505859375 0.037109375 0.052734375
0 0.744140625 0.916015625 0.0703125 0.087890625
0 0.771484375 0.984375 0.068359375 0.03125
0 0.322265625 0.44140625 0.052734375 0.0625
0 0.291015625 0.33984375 0.064453125 0.056640625
0 0.263671875 0.2265625 0.056640625 0.044921875
0 0.248046875 0.140625 0.056640625 0.052734375
0 0.236328125 0.037109375 0.0625 0.05859375
0 0.357421875 0.546875 0.056640625 0.04296875
0 0.3984375 0.65234375 0.060546875 0.064453125
0 0.4296875 0.755859375 0.064453125 0.05859375
0 0.4453125 0.84375 0.044921875 0.052734375
0 0.341796875 0.6875 0.060546875 0.05078125
0 0.3125 0.58984375 0.060546875 0.060546875
0 0.263671875 0.517578125 0.0703125 0.0625
0 0.224609375 0.44140625 0.044921875 0.037109375
0 0.203125 0.36328125 0.037109375 0.044921875
0 0.1953125 0.30859375 0.060546875 0.05078125
0 0.1171875 0.220703125 0.056640625 0.046875
0 0.1640625 0.1796875 0.05859375 0.0625
0 0.162109375 0.1484375 0.064453125 0.04296875
0 0.1484375 0.109375 0.056640625 0.056640625
0 0.158203125 0.0703125 0.07421875 0.048828125
0 0.146484375 0.03515625 0.052734375 0.044921875
0 0.025390625 0.142578125 0.05078125 0.103515625
0 0.125 0.453125 0.068359375 0.0625
0 0.029296875 0.44921875 0.05859375 0.09375
0 0.02734375 0.865234375 0.037109375 0.052734375
0 0.125 0.892578125 0.064453125 0.037109375
0 0.3046875 0.78125 0.05078125 0.029296875
0 0.291015625 0.7421875 0.033203125 0.052734375
0 0.326171875 0.841796875 0.04296875 0.064453125
0 0.478515625 0.9609375 0.056640625 0.046875
0 0.083984375 0.673828125 0.05859375 0.05859375
0 0.34375 0.1015625 0.05078125 0.04296875
0 0.328125 0.064453125 0.048828125 0.037109375
0 0.330078125 0.03125 0.048828125 0.048828125
0 0.34765625 0.13671875 0.04296875 0.046875
0 0.361328125 0.17578125 0.05078125 0.0625
0 0.365234375 0.220703125 0.044921875 0.046875
0 0.416015625 0.173828125 0.03515625 0.048828125
0 0.4453125 0.298828125 0.083984375 0.07421875
0 0.375 0.24609375 0.046875 0.03515625
0 0.373046875 0.27734375 0.041015625 0.03515625
0 0.37890625 0.30859375 0.05078125 0.013671875
0 0.388671875 0.353515625 0.044921875 0.044921875
0 0.380859375 0.326171875 0.033203125 0.03125
0 0.388671875 0.396484375 0.048828125 0.04296875
0 0.41015625 0.431640625 0.044921875 0.044921875
0 0.41796875 0.46875 0.033203125 0.044921875
0 0.431640625 0.498046875 0.02734375 0.0390625
0 0.4375 0.53125 0.046875 0.037109375
0 0.455078125 0.568359375 0.048828125 0.044921875
0 0.46875 0.603515625 0.041015625 0.03515625
0 0.482421875 0.640625 0.05078125 0.046875
0 0.494140625 0.671875 0.052734375 0.0390625
0 0.51171875 0.70703125 0.046875 0.046875
0 0.51953125 0.748046875 0.041015625 0.056640625
0 0.5390625 0.779296875 0.044921875 0.046875
0 0.5546875 0.81640625 0.03515625 0.0390625
0 0.576171875 0.84765625 0.046875 0.037109375
0 0.591796875 0.8828125 0.046875 0.04296875
0 0.5546875 0.962890625 0.03515625 0.052734375
0 0.626953125 0.923828125 0.0390625 0.04296875
0 0.650390625 0.98046875 0.052734375 0.037109375
0 0.25390625 0.765625 0.056640625 0.068359375
0 0.65625 0.255859375 0.03125 0.0390625
0 0.60546875 0.1171875 0.029296875 0.041015625
0 0.576171875 0.0390625 0.103515625 0.078125
0 0.431640625 0.001953125 0.06640625 0.00390625
0 0.076171875 0.650390625 0.044921875 0.03515625