0 0.16796875 0.513671875 0.0703125 0.05859375
0 0.201171875 0.328125 0.05859375 0.0625
0 0.21484375 0.2890625 0.0546875 0.0390625
0 0.18359375 0.25390625 0.0546875 0.0546875
0 0.201171875 0.19921875 0.046875 0.0390625
0 0.158203125 0.169921875 0.05859375 0.078125
0 0.1328125 0.09765625 0.0546875 0.0390625
0 0.1015625 0.044921875 0.0625 0.05859375
0 0.240234375 0.578125 0.0625 0.0625
0 0.2421875 0.74609375 0.07421875 0.078125
0 0.25390625 0.869140625 0.0625 0.0625
0 0.259765625 0.970703125 0.05859375 0.05859375
0 0.1875 0.970703125 0.0625 0.0546875
0 0.1796875 0.916015625 0.0625 0.0546875
0 0.18359375 0.857421875 0.0625 0.0546875
0 0.171875 0.80859375 0.0703125 0.046875
0 0.169921875 0.75390625 0.06640625 0.04296875
0 0.216796875 0.640625 0.046875 0.046875
0 0.1640625 0.603515625 0.0625 0.0390625
0 0.1640625 0.66796875 0.04296875 0.0390625
0 0.166015625 0.703125 0.0546875 0.04296875
0 0.943359375 0.421875 0.0625 0.05859375
0 0.939453125 0.314453125 0.0703125 0.04296875
0 0.91796875 0.2421875 0.0546875 0.0390625
0 0.919921875 0.021484375 0.0703125 0.02734375
0 0.931640625 0.05078125 0.04296875 0.03515625
0 0.94140625 0.08203125 0.0546875 0.0390625
0 0.958984375 0.119140625 0.046875 0.0390625
0 0.966796875 0.158203125 0.0546875 0.05078125
0 0.974609375 0.203125 0.04296875 0.046875
0 0.978515625 0.234375 0.03125 0.046875
0 0.98046875 0.2734375 0.0390625 0.0546875
0 0.9921875 0.466796875 0.015625 0.0390625
0 0.98828125 0.50390625 0.0234375 0.03125
0 0.984375 0.529296875 0.03125 0.03125
0 0.9453125 0.544921875 0.0625 0.0703125
0 0.986328125 0.556640625 0.02734375 0.03515625
0 0.986328125 0.611328125 0.02734375 0.07421875
0 0.96875 0.6640625 0.0625 0.0546875
0 0.97265625 0.74609375 0.0546875 0.0703125
0 0.986328125 0.849609375 0.02734375 0.06640625
0 0.955078125 0.91015625 0.0390625 0.04296875
0 0.9921875 0.96875 0.015625 0.0390625
0 0.904296875 0.140625 0.0546875 0.046875
0 0.171875 0.564453125 0.046875 0.04296875