0 0.1875 0.3671875 0.0859375 0.078125
0 0.14453125 0.216796875 0.078125 0.08203125
0 0.197265625 0.279296875 0.078125 0.0625
0 0.283203125 0.353515625 0.0546875 0.046875
0 0.26171875 0.30859375 0.0625 0.03515625
0 0.080078125 0.091796875 0.078125 0.07421875
0 0.134765625 0.0234375 0.0625 0.046875
0 0.203125 0.046875 0.0546875 0.0546875
0 0.279296875 0.048828125 0.0546875 0.0546875
0 0.181640625 0.111328125 0.078125 0.0625
0 0.369140625 0.712890625 0.09375 0.08984375
0 0.21875 0.53515625 0.0625 0.04296875
0 0.01953125 0.498046875 0.0390625 0.0859375
0 0.228515625 0.18359375 0.03515625 0.0390625
0 0.26953125 0.162109375 0.0703125 0.0625
0 0.306640625 0.212890625 0.0859375 0.0703125
0 0.392578125 0.537109375 0.0625 0.0546875
0 0.2890625 0.26953125 0.078125 0.0546875