0 0.05859375 0.666015625 0.0859375 0.052734375
0 0.083984375 0.75 0.083984375 0.068359375
0 0.0859375 0.83203125 0.0625 0.068359375
0 0.09765625 0.892578125 0.064453125 0.076171875
0 0.537109375 0.759765625 0.083984375 0.0859375
0 0.701171875 0.724609375 0.052734375 0.05078125
0 0.73046875 0.7421875 0.04296875 0.0625
0 0.83984375 0.693359375 0.052734375 0.060546875
0 0.87890625 0.6484375 0.056640625 0.056640625
0 0.861328125 0.595703125 0.048828125 0.056640625
0 0.802734375 0.5625 0.068359375 0.087890625
0 0.853515625 0.53125 0.0625 0.05859375
0 0.912109375 0.513671875 0.080078125 0.076171875
0 0.9375 0.611328125 0.08203125 0.076171875
0 0.955078125 0.708984375 0.064453125 0.080078125
0 0.90234375 0.728515625 0.0625 0.05859375
0 0.880859375 0.8046875 0.064453125 0.0703125
0 0.9765625 0.802734375 0.046875 0.05078125
0 0.890625 0.427734375 0.0625 0.068359375
0 0.763671875 0.42578125 0.07421875 0.072265625
0 0.80078125 0.349609375 0.056640625 0.0625
0 0.876953125 0.330078125 0.068359375 0.056640625
0 0.849609375 0.251953125 0.078125 0.072265625
0 0.779296875 0.248046875 0.052734375 0.05078125
0 0.7109375 0.2734375 0.080078125 0.08203125
0 0.740234375 0.140625 0.068359375 0.0546875
0 0.640625 0.087890625 0.072265625 0.0703125
0 0.70703125 0.044921875 0.083984375 0.078125
0 0.595703125 0.01953125 0.091796875 0.0390625
0 0.978515625 0.46875 0.04296875 0.076171875
0 0.974609375 0.39453125 0.05078125 0.0625
0 0.115234375 0.984375 0.076171875 0.03125
0 0.017578125 0.5625 0.03515625 0.0625
0 0.822265625 0.4453125 0.0546875 0.064453125
0 0.916015625 0.78125 0.048828125 0.03515625
0 0.919921875 0.875 0.068359375 0.0625