0 0.73828125 0.630859375 0.0703125 0.0703125
0 0.7265625 0.443359375 0.0546875 0.0546875
0 0.662109375 0.2109375 0.0546875 0.0625
0 0.611328125 0.03515625 0.046875 0.05078125
0 0.66015625 0.03125 0.078125 0.0625
0 0.7265625 0.052734375 0.0625 0.046875
0 0.67578125 0.09375 0.08203125 0.0625
0 0.740234375 0.56640625 0.0390625 0.03515625
0 0.759765625 0.798828125 0.0625 0.0625
0 0.80078125 0.97265625 0.0703125 0.0546875
0 0.83203125 0.919921875 0.05078125 0.04296875
0 0.833984375 0.419921875 0.0546875 0.046875