0 0.4296875 0.40625 0.08203125 0.08203125
0 0.521484375 0.5078125 0.09375 0.0625
0 0.2734375 0.3671875 0.08984375 0.0703125
0 0.25 0.310546875 0.078125 0.0703125
0 0.115234375 0.23046875 0.08984375 0.0625
0 0.025390625 0.390625 0.05078125 0.06640625
0 0.0234375 0.318359375 0.046875 0.09765625
0 0.171875 0.162109375 0.09375 0.0859375
0 0.115234375 0.12109375 0.0703125 0.046875
0 0.146484375 0.037109375 0.09375 0.07421875
0 0.0390625 0.0234375 0.078125 0.046875
0 0.0703125 0.076171875 0.06640625 0.06640625