0 0.513671875 0.15625 0.060546875 0.04296875
0 0.4609375 0.02734375 0.044921875 0.0546875
0 0.56640625 0.318359375 0.05859375 0.05859375
0 0.59375 0.453125 0.0546875 0.068359375
0 0.62109375 0.603515625 0.048828125 0.052734375
0 0.6484375 0.716796875 0.0390625 0.06640625
0 0.689453125 0.87109375 0.041015625 0.068359375
0 0.72265625 0.833984375 0.06640625 0.046875
0 0.73828125 0.876953125 0.060546875 0.05078125
0 0.75 0.921875 0.0703125 0.046875
0 0.759765625 0.966796875 0.068359375 0.064453125
0 0.7109375 0.7890625 0.064453125 0.0390625
0 0.6875 0.73828125 0.052734375 0.05078125
0 0.6875 0.703125 0.052734375 0.052734375
0 0.673828125 0.67578125 0.048828125 0.0390625
0 0.662109375 0.640625 0.0546875 0.05078125
0 0.654296875 0.6015625 0.04296875 0.046875
0 0.658203125 0.57421875 0.060546875 0.048828125
0 0.654296875 0.533203125 0.056640625 0.037109375
0 0.650390625 0.5 0.060546875 0.046875
0 0.650390625 0.46484375 0.0625 0.05078125
0 0.646484375 0.42578125 0.048828125 0.041015625
0 0.642578125 0.38671875 0.06640625 0.046875
0 0.638671875 0.357421875 0.05078125 0.041015625
0 0.638671875 0.330078125 0.05859375 0.0390625
0 0.630859375 0.294921875 0.0546875 0.046875
0 0.626953125 0.26171875 0.0546875 0.04296875
0 0.619140625 0.224609375 0.0546875 0.0390625
0 0.619140625 0.19140625 0.05859375 0.03515625
0 0.59765625 0.1640625 0.048828125 0.0390625
0 0.564453125 0.119140625 0.0546875 0.04296875
0 0.544921875 0.083984375 0.056640625 0.044921875
0 0.501953125 0.08984375 0.04296875 0.04296875
0 0.525390625 0.0546875 0.04296875 0.05078125
0 0.517578125 0.025390625 0.0546875 0.05078125
0 0.09765625 0.046875 0.060546875 0.041015625
0 0.109375 0.078125 0.052734375 0.04296875
0 0.11328125 0.111328125 0.05078125 0.033203125
0 0.130859375 0.146484375 0.052734375 0.04296875
0 0.13671875 0.18359375 0.052734375 0.048828125
0 0.150390625 0.224609375 0.056640625 0.041015625
0 0.1640625 0.259765625 0.05859375 0.033203125
0 0.171875 0.294921875 0.05078125 0.0390625
0 0.1796875 0.330078125 0.056640625 0.044921875
0 0.19140625 0.3671875 0.044921875 0.048828125
0 0.189453125 0.41015625 0.056640625 0.046875
0 0.197265625 0.4453125 0.05078125 0.044921875
0 0.201171875 0.486328125 0.0546875 0.04296875
0 0.212890625 0.52734375 0.048828125 0.041015625
0 0.21875 0.591796875 0.048828125 0.037109375
0 0.232421875 0.625 0.044921875 0.04296875
0 0.228515625 0.65625 0.05078125 0.04296875
0 0.234375 0.689453125 0.06640625 0.0390625
0 0.234375 0.724609375 0.0546875 0.037109375
0 0.2421875 0.763671875 0.056640625 0.044921875
0 0.2578125 0.8046875 0.080078125 0.046875
0 0.861328125 0.298828125 0.060546875 0.046875
0 0.82421875 0.19921875 0.056640625 0.0625
0 0.26953125 0.833984375 0.05078125 0.033203125
0 0.275390625 0.869140625 0.04296875 0.04296875