0 0.595703125 0.826171875 0.0546875 0.0625
0 0.66796875 0.82421875 0.09375 0.0859375
0 0.626953125 0.9375 0.07421875 0.0625
0 0.63671875 0.736328125 0.0625 0.078125
0 0.615234375 0.646484375 0.0703125 0.078125
0 0.669921875 0.462890625 0.0625 0.0546875
0 0.6875 0.412109375 0.05078125 0.0546875
0 0.580078125 0.50390625 0.0546875 0.046875
0 0.615234375 0.490234375 0.0546875 0.046875
0 0.580078125 0.287109375 0.07421875 0.0625
0 0.583984375 0.216796875 0.0546875 0.05078125
0 0.5703125 0.138671875 0.05859375 0.0546875
0 0.578125 0.41015625 0.04296875 0.04296875
0 0.572265625 0.37109375 0.046875 0.046875
0 0.619140625 0.345703125 0.0625 0.0390625
0 0.552734375 0.046875 0.06640625 0.0625
0 0.669921875 0.505859375 0.0625 0.0546875
0 0.62890625 0.521484375 0.046875 0.0390625
0 0.578125 0.552734375 0.046875 0.046875
0 0.595703125 0.744140625 0.05078125 0.0546875
0 0.62109375 0.431640625 0.0625 0.078125
0 0.57421875 0.451171875 0.046875 0.0703125