0 0.75390625 0.24609375 0.06640625 0.078125
0 0.74609375 0.130859375 0.056640625 0.078125
0 0.82421875 0.560546875 0.052734375 0.0546875
0 0.830078125 0.4765625 0.0703125 0.072265625
0 0.796875 0.373046875 0.052734375 0.078125
0 0.8359375 0.38671875 0.05078125 0.0625
0 0.841796875 0.345703125 0.048828125 0.04296875
0 0.83984375 0.25390625 0.0546875 0.060546875
0 0.82421875 0.181640625 0.03125 0.037109375
0 0.818359375 0.03125 0.056640625 0.052734375
0 0.8359375 0.294921875 0.05078125 0.048828125
0 0.796875 0.66796875 0.056640625 0.064453125
0 0.818359375 0.61328125 0.076171875 0.052734375
0 0.060546875 0.59375 0.060546875 0.05859375
0 0.0625 0.66796875 0.044921875 0.0625
0 0.072265625 0.7578125 0.0546875 0.052734375
0 0.056640625 0.498046875 0.052734375 0.060546875
0 0.05859375 0.412109375 0.056640625 0.060546875
0 0.044921875 0.37109375 0.056640625 0.0546875
0 0.03125 0.265625 0.060546875 0.0546875
0 0.01953125 0.677734375 0.0390625 0.05078125
0 0.01953125 0.71875 0.0390625 0.046875
0 0.021484375 0.759765625 0.041015625 0.044921875
0 0.029296875 0.794921875 0.044921875 0.037109375
0 0.037109375 0.833984375 0.048828125 0.041015625
0 0.048828125 0.876953125 0.037109375 0.037109375
0 0.05859375 0.919921875 0.041015625 0.044921875
0 0.0625 0.943359375 0.029296875 0.037109375
0 0.07421875 0.978515625 0.037109375 0.041015625
0 0.013671875 0.533203125 0.02734375 0.03515625
0 0.015625 0.49609375 0.029296875 0.03125
0 0.015625 0.470703125 0.029296875 0.029296875
0 0.015625 0.439453125 0.029296875 0.033203125
0 0.013671875 0.40625 0.02734375 0.037109375
0 0.02734375 0.57421875 0.04296875 0.046875
0 0.10546875 0.951171875 0.056640625 0.04296875
0 0.8984375 0.958984375 0.083984375 0.06640625
0 0.0078125 0.12890625 0.013671875 0.04296875
0 0.8046875 0.732421875 0.06640625 0.068359375
0 0.841796875 0.81640625 0.0390625 0.046875
0 0.85546875 0.859375 0.072265625 0.046875
0 0.873046875 0.900390625 0.072265625 0.0546875