0 0.619140625 0.3671875 0.04296875 0.0390625
0 0.6171875 0.486328125 0.0546875 0.07421875
0 0.55078125 0.654296875 0.0390625 0.0546875
0 0.634765625 0.021484375 0.04296875 0.03125
0 0.62890625 0.06640625 0.0390625 0.0390625
0 0.62890625 0.103515625 0.03125 0.0234375
0 0.630859375 0.13671875 0.046875 0.0390625
0 0.6328125 0.185546875 0.0625 0.046875
0 0.63671875 0.22265625 0.0625 0.05078125
0 0.634765625 0.259765625 0.0625 0.0390625
0 0.640625 0.302734375 0.0703125 0.0546875
0 0.6640625 0.4921875 0.0625 0.05859375
0 0.6640625 0.53125 0.05078125 0.0390625
0 0.677734375 0.431640625 0.046875 0.0546875
0 0.634765625 0.56640625 0.078125 0.0703125
0 0.607421875 0.60546875 0.05859375 0.0546875
0 0.5859375 0.646484375 0.0390625 0.046875
0 0.564453125 0.68359375 0.0546875 0.05078125
0 0.53515625 0.72265625 0.03125 0.0390625
0 0.517578125 0.765625 0.046875 0.046875
0 0.505859375 0.814453125 0.05078125 0.05859375
0 0.484375 0.84765625 0.0546875 0.046875
0 0.46875 0.88671875 0.0546875 0.04296875
0 0.455078125 0.919921875 0.0546875 0.046875
0 0.4375 0.95703125 0.0390625 0.03515625
0 0.423828125 0.982421875 0.05078125 0.03515625