0 0.123046875 0.95703125 0.0703125 0.0703125
0 0.107421875 0.8828125 0.0546875 0.0703125
0 0.15234375 0.869140625 0.0546875 0.046875
0 0.166015625 0.84375 0.0546875 0.046875
0 0.177734375 0.802734375 0.0546875 0.046875
0 0.1875 0.763671875 0.0546875 0.0546875
0 0.19921875 0.6875 0.0546875 0.0546875
0 0.212890625 0.640625 0.04296875 0.046875
0 0.220703125 0.6015625 0.046875 0.0546875
0 0.244140625 0.533203125 0.05078125 0.03515625
0 0.23046875 0.560546875 0.046875 0.03515625
0 0.25390625 0.5 0.0546875 0.046875
0 0.271484375 0.46484375 0.05078125 0.0546875
0 0.298828125 0.369140625 0.0546875 0.05078125
0 0.27734375 0.408203125 0.0546875 0.0390625
0 0.3203125 0.33203125 0.0546875 0.0546875
0 0.333984375 0.283203125 0.05078125 0.046875
0 0.365234375 0.244140625 0.0546875 0.046875
0 0.40234375 0.208984375 0.0546875 0.04296875
0 0.435546875 0.12890625 0.0625 0.046875
0 0.443359375 0.09765625 0.046875 0.0390625
0 0.447265625 0.0703125 0.03515625 0.03125
0 0.443359375 0.05078125 0.03125 0.02734375
0 0.443359375 0.02734375 0.03125 0.0234375
0 0.435546875 0.01171875 0.03515625 0.0234375
0 0.419921875 0.052734375 0.03125 0.0390625
0 0.427734375 0.17578125 0.046875 0.0390625
0 0.658203125 0.736328125 0.03515625 0.05078125
0 0.625 0.703125 0.0546875 0.046875