0 0.94140625 0.333984375 0.0859375 0.0546875
0 0.916015625 0.25 0.0859375 0.0703125
0 0.9140625 0.16796875 0.0625 0.0703125
0 0.90234375 0.107421875 0.0625 0.078125
0 0.462890625 0.240234375 0.0859375 0.0859375
0 0.298828125 0.275390625 0.0546875 0.05078125
0 0.26953125 0.2578125 0.04296875 0.0625
0 0.16015625 0.306640625 0.0546875 0.0625
0 0.12109375 0.3515625 0.0546875 0.0546875
0 0.138671875 0.404296875 0.05078125 0.0546875
0 0.197265625 0.4375 0.0703125 0.0859375
0 0.146484375 0.46875 0.0625 0.05859375
0 0.087890625 0.486328125 0.078125 0.078125
0 0.0625 0.388671875 0.08203125 0.078125
0 0.044921875 0.291015625 0.06640625 0.08203125
0 0.09765625 0.271484375 0.0625 0.05859375
0 0.119140625 0.1953125 0.06640625 0.0703125
0 0.0234375 0.197265625 0.046875 0.05078125
0 0.109375 0.572265625 0.0625 0.0703125
0 0.236328125 0.57421875 0.07421875 0.0703125
0 0.19921875 0.650390625 0.0546875 0.0625
0 0.123046875 0.669921875 0.0703125 0.0546875
0 0.150390625 0.748046875 0.078125 0.0703125
0 0.220703125 0.751953125 0.0546875 0.05078125
0 0.2890625 0.7265625 0.08203125 0.08203125
0 0.259765625 0.859375 0.0703125 0.0546875
0 0.359375 0.912109375 0.0703125 0.0703125
0 0.29296875 0.955078125 0.0859375 0.078125
0 0.404296875 0.98046875 0.09375 0.0390625
0 0.021484375 0.53125 0.04296875 0.078125
0 0.025390625 0.60546875 0.05078125 0.0625
0 0.884765625 0.015625 0.078125 0.03125
0 0.982421875 0.4375 0.03515625 0.0625
0 0.177734375 0.5546875 0.0546875 0.0625
0 0.083984375 0.21875 0.05078125 0.03515625
0 0.080078125 0.125 0.0703125 0.0625