0 0.02734375 0.92578125 0.0546875 0.05078125
0 0.033203125 0.83984375 0.0625 0.0546875
0 0.04296875 0.625 0.0546875 0.05859375
0 0.0546875 0.26171875 0.0703125 0.05859375
0 0.080078125 0.353515625 0.05859375 0.0625
0 0.6171875 0.3203125 0.0625 0.0625
0 0.705078125 0.341796875 0.06640625 0.06640625
0 0.88671875 0.029296875 0.0703125 0.05859375
0 0.970703125 0.390625 0.05859375 0.0859375
0 0.783203125 0.63671875 0.046875 0.0625
0 0.70703125 0.685546875 0.078125 0.078125
0 0.76171875 0.78125 0.06640625 0.046875
0 0.76171875 0.828125 0.0546875 0.046875
0 0.8125 0.884765625 0.07421875 0.0625
0 0.841796875 0.841796875 0.0546875 0.046875
0 0.87890625 0.939453125 0.05859375 0.0546875
0 0.671875 0.541015625 0.05859375 0.0703125
0 0.671875 0.443359375 0.0625 0.05859375
0 0.74609375 0.44921875 0.0625 0.0546875
0 0.90234375 0.35546875 0.0625 0.0546875
0 0.8359375 0.375 0.0703125 0.0546875
0 0.9609375 0.45703125 0.0390625 0.046875
0 0.916015625 0.47265625 0.046875 0.046875