0 0.771484375 0.6328125 0.08984375 0.0859375
0 0.9609375 0.638671875 0.078125 0.078125
0 0.9765625 0.7265625 0.046875 0.0859375
0 0.88671875 0.51953125 0.09375 0.06640625
0 0.81640625 0.306640625 0.08984375 0.05859375
0 0.88671875 0.248046875 0.0859375 0.0625
0 0.875 0.171875 0.0703125 0.0625
0 0.869140625 0.107421875 0.078125 0.0625
0 0.794921875 0.173828125 0.0625 0.0859375
0 0.763671875 0.0546875 0.08203125 0.08203125
0 0.84765625 0.0546875 0.07421875 0.05078125
0 0.9609375 0.39453125 0.0625 0.046875
0 0.681640625 0.4375 0.08203125 0.1015625
0 0.720703125 0.541015625 0.09375 0.0859375
0 0.853515625 0.787109375 0.1015625 0.08984375
0 0.912109375 0.931640625 0.09765625 0.09375
0 0.52734375 0.94140625 0.07421875 0.0703125
0 0.62109375 0.3125 0.078125 0.0859375
0 0.591796875 0.208984375 0.078125 0.09375
0 0.5625 0.099609375 0.078125 0.06640625
0 0.51953125 0.021484375 0.09375 0.04296875
0 0.384765625 0.291015625 0.09375 0.078125
0 0.478515625 0.439453125 0.0625 0.0703125
0 0.53515625 0.783203125 0.0625 0.078125
0 0.4921875 0.84375 0.0546875 0.0625
0 0.451171875 0.818359375 0.0546875 0.0703125
0 0.439453125 0.501953125 0.06640625 0.0625
0 0.384765625 0.40625 0.1015625 0.1015625
0 0.26953125 0.095703125 0.0703125 0.0703125
0 0.265625 0.03515625 0.0859375 0.0703125
0 0.4453125 0.66015625 0.08203125 0.0703125
0 0.32421875 0.697265625 0.0859375 0.08203125
0 0.359375 0.751953125 0.07421875 0.07421875
0 0.408203125 0.916015625 0.0859375 0.0859375
0 0.271484375 0.78125 0.08984375 0.09375
0 0.169921875 0.80859375 0.08203125 0.1015625
0 0.185546875 0.96484375 0.09765625 0.0625
0 0.17578125 0.673828125 0.0859375 0.10546875
0 0.287109375 0.603515625 0.10546875 0.0859375
0 0.361328125 0.53515625 0.078125 0.09375
0 0.26171875 0.509765625 0.08203125 0.09375
0 0.23828125 0.15234375 0.078125 0.06640625
0 0.1640625 0.2890625 0.0703125 0.0625
0 0.17578125 0.345703125 0.0625 0.05078125
0 0.146484375 0.505859375 0.08984375 0.0859375
0 0.09765625 0.634765625 0.06640625 0.0703125
0 0.1015625 0.73046875 0.0625 0.0703125
0 0.09375 0.798828125 0.0625 0.06640625
0 0.109375 0.86328125 0.0625 0.0625
0 0.115234375 0.935546875 0.0546875 0.0703125
0 0.05078125 0.912109375 0.05859375 0.0703125
0 0.0625 0.87109375 0.0546875 0.05859375
0 0.03515625 0.814453125 0.0546875 0.0625
0 0.0234375 0.748046875 0.046875 0.0625
0 0.041015625 0.658203125 0.05859375 0.0859375
0 0.0625 0.57421875 0.0703125 0.0625
0 0.072265625 0.498046875 0.0546875 0.06640625
0 0.025390625 0.517578125 0.05078125 0.0703125
0 0.11328125 0.41015625 0.07421875 0.09375
0 0.056640625 0.431640625 0.06640625 0.0546875
0 0.044921875 0.345703125 0.08984375 0.09375
0 0.025390625 0.265625 0.05078125 0.08984375
0 0.091796875 0.076171875 0.0546875 0.0546875
0 0.091796875 0.12890625 0.0546875 0.046875
0 0.1171875 0.216796875 0.05859375 0.0703125
0 0.08203125 0.0234375 0.0625 0.046875
0 0.015625 0.93359375 0.03125 0.0625
0 0.84375 0.01953125 0.0546875 0.0390625