0 0.931640625 0.478515625 0.0859375 0.09765625
0 0.90234375 0.26171875 0.109375 0.109375
0 0.978515625 0.341796875 0.04296875 0.04296875
0 0.912109375 0.62890625 0.11328125 0.0859375
0 0.890625 0.8828125 0.0859375 0.0703125
0 0.845703125 0.181640625 0.08203125 0.08203125
0 0.97265625 0.07421875 0.0546875 0.1171875
0 0.755859375 0.0546875 0.078125 0.0625
0 0.732421875 0.353515625 0.08203125 0.07421875
0 0.740234375 0.6796875 0.078125 0.0625
0 0.740234375 0.947265625 0.07421875 0.0859375
0 0.98046875 0.88671875 0.0390625 0.05078125
0 0.974609375 0.935546875 0.05078125 0.046875
0 0.9765625 0.828125 0.046875 0.0546875
0 0.982421875 0.802734375 0.03125 0.046875
0 0.98828125 0.74609375 0.0234375 0.0390625
0 0.984375 0.69921875 0.03125 0.05859375
0 0.98046875 0.541015625 0.0390625 0.046875
0 0.767578125 0.62109375 0.0625 0.046875
0 0.76953125 0.580078125 0.05859375 0.0546875
0 0.7734375 0.52734375 0.0625 0.05078125
0 0.783203125 0.482421875 0.0546875 0.03125
0 0.779296875 0.44921875 0.05859375 0.04296875
0 0.77734375 0.408203125 0.0546875 0.04296875
0 0.791015625 0.3671875 0.046875 0.05078125
0 0.7890625 0.326171875 0.046875 0.0390625
0 0.787109375 0.287109375 0.0703125 0.0390625
0 0.779296875 0.251953125 0.046875 0.05078125
0 0.78125 0.2109375 0.0546875 0.0390625
0 0.78125 0.173828125 0.0546875 0.046875
0 0.775390625 0.12890625 0.0546875 0.046875
0 0.76953125 0.0859375 0.078125 0.0390625
0 0.81640625 0.017578125 0.046875 0.03515625
0 0.685546875 0.83984375 0.0625 0.0546875
0 0.486328125 0.9765625 0.05078125 0.046875
0 0.47265625 0.841796875 0.05859375 0.0546875
0 0.46484375 0.71875 0.06640625 0.0546875
0 0.44921875 0.595703125 0.0546875 0.0390625
0 0.470703125 0.669921875 0.046875 0.04296875
0 0.580078125 0.232421875 0.046875 0.0546875
0 0.568359375 0.26953125 0.046875 0.03515625
0 0.564453125 0.30859375 0.046875 0.03515625
0 0.568359375 0.34765625 0.0390625 0.0390625
0 0.5625 0.388671875 0.046875 0.046875
0 0.560546875 0.439453125 0.0390625 0.03125
0 0.5546875 0.513671875 0.0625 0.0625
0 0.58984375 0.580078125 0.05859375 0.0546875
0 0.591796875 0.623046875 0.0546875 0.0625
0 0.54296875 0.595703125 0.08203125 0.0546875
0 0.546875 0.671875 0.05859375 0.04296875
0 0.55078125 0.626953125 0.05078125 0.046875
0 0.55859375 0.705078125 0.0546875 0.0546875
0 0.55859375 0.767578125 0.0390625 0.03125
0 0.560546875 0.8046875 0.04296875 0.0390625
0 0.56640625 0.84765625 0.0390625 0.0390625
0 0.5625 0.89453125 0.046875 0.0390625
0 0.572265625 0.9453125 0.0546875 0.0625
0 0.572265625 0.197265625 0.05859375 0.046875
0 0.556640625 0.1328125 0.0546875 0.046875
0 0.548828125 0.087890625 0.0546875 0.04296875
0 0.537109375 0.056640625 0.0546875 0.0546875
0 0.546875 0.01953125 0.03125 0.0390625
0 0.669921875 0.71875 0.0390625 0.05078125
0 0.43359375 0.44921875 0.046875 0.046875
0 0.45703125 0.49609375 0.05859375 0.0390625
0 0.412109375 0.337890625 0.046875 0.0390625
0 0.390625 0.171875 0.07421875 0.07421875
0 0.388671875 0.232421875 0.03515625 0.0390625
0 0.333984375 0.265625 0.0859375 0.0625
0 0.37109375 0.033203125 0.0859375 0.06640625
0 0.32421875 0.134765625 0.078125 0.0859375
0 0.390625 0.978515625 0.046875 0.04296875
0 0.388671875 0.943359375 0.0546875 0.046875
0 0.380859375 0.916015625 0.046875 0.0390625
0 0.36328125 0.841796875 0.0859375 0.0546875
0 0.361328125 0.791015625 0.046875 0.0625
0 0.341796875 0.716796875 0.08984375 0.08203125
0 0.044921875 0.62109375 0.0546875 0.03515625
0 0.177734375 0.587890625 0.0546875 0.0546875
0 0.224609375 0.572265625 0.0390625 0.046875
0 0.119140625 0.962890625 0.046875 0.04296875
0 0.08203125 0.90625 0.04296875 0.04296875
0 0.080078125 0.873046875 0.046875 0.05078125
0 0.029296875 0.48046875 0.046875 0.0546875
0 0.09375 0.552734375 0.03515625 0.03515625
0 0.021484375 0.3359375 0.04296875 0.0546875
0 0.126953125 0.19140625 0.05078125 0.046875
0 0.03515625 0.083984375 0.0390625 0.04296875
0 0.15234375 0.37109375 0.03515625 0.0390625
0 0.125 0.37109375 0.03515625 0.046875
0 0.1015625 0.39453125 0.046875 0.046875
0 0.365234375 0.662109375 0.0546875 0.0390625
0 0.361328125 0.6328125 0.046875 0.03515625
0 0.345703125 0.595703125 0.046875 0.04296875
0 0.33984375 0.56640625 0.0390625 0.03125
0 0.328125 0.486328125 0.08984375 0.0859375
0 0.294921875 0.439453125 0.046875 0.0234375
0 0.2890625 0.4140625 0.046875 0.02734375
0 0.27734375 0.384765625 0.0546875 0.046875
0 0.26953125 0.349609375 0.05078125 0.03125
0 0.263671875 0.32421875 0.04296875 0.0234375
0 0.251953125 0.30078125 0.0390625 0.0234375
0 0.24609375 0.2578125 0.05859375 0.0546875
0 0.244140625 0.19140625 0.0859375 0.0703125
0 0.23046875 0.1484375 0.0546875 0.046875
0 0.232421875 0.115234375 0.0390625 0.02734375
0 0.2265625 0.078125 0.0625 0.04296875
0 0.2265625 0.02734375 0.05859375 0.0546875
0 0.689453125 0.064453125 0.06640625 0.0625