0 0.380859375 0.068359375 0.05859375 0.0546875
0 0.3671875 0.18359375 0.0625 0.06640625
0 0.302734375 0.146484375 0.07421875 0.068359375
0 0.310546875 0.037109375 0.07421875 0.07421875
0 0.302734375 0.271484375 0.076171875 0.083984375
0 0.306640625 0.205078125 0.05859375 0.05859375
0 0.314453125 0.384765625 0.087890625 0.08203125
0 0.328125 0.4765625 0.08984375 0.076171875
0 0.34375 0.587890625 0.09375 0.078125
0 0.361328125 0.669921875 0.076171875 0.076171875
0 0.38671875 0.775390625 0.076171875 0.0625
0 0.39453125 0.87109375 0.064453125 0.068359375
0 0.41015625 0.96484375 0.068359375 0.068359375
0 0.55078125 0.11328125 0.0546875 0.0546875
0 0.576171875 0.044921875 0.0625 0.0625
0 0.5390625 0.18359375 0.0625 0.056640625
0 0.513671875 0.26171875 0.0625 0.0390625
0 0.505859375 0.30078125 0.052734375 0.052734375
0 0.48828125 0.4296875 0.056640625 0.052734375
0 0.47265625 0.51953125 0.0546875 0.0546875
0 0.470703125 0.59375 0.052734375 0.05078125
0 0.443359375 0.64453125 0.064453125 0.060546875
0 0.02734375 0.955078125 0.052734375 0.08984375
0 0.591796875 0.216796875 0.07421875 0.068359375
0 0.61328125 0.130859375 0.068359375 0.064453125
0 0.640625 0.04296875 0.07421875 0.078125
0 0.609375 0.3515625 0.064453125 0.0546875
0 0.560546875 0.388671875 0.080078125 0.07421875
0 0.55859375 0.474609375 0.09375 0.08203125
0 0.541015625 0.552734375 0.06640625 0.072265625
0 0.52734375 0.62890625 0.072265625 0.0703125
0 0.54296875 0.693359375 0.08203125 0.06640625
0 0.517578125 0.771484375 0.056640625 0.037109375
0 0.5546875 0.806640625 0.05859375 0.0546875
0 0.634765625 0.828125 0.05859375 0.0625
0 0.630859375 0.93359375 0.064453125 0.0546875
0 0.537109375 0.869140625 0.080078125 0.068359375
0 0.513671875 0.953125 0.07421875 0.056640625
0 0.517578125 0.919921875 0.07421875 0.044921875
0 0.52734375 0.986328125 0.07421875 0.025390625
0 0.578125 0.31640625 0.0625 0.052734375
0 0.4453125 0.431640625 0.05859375 0.044921875
0 0.572265625 0.736328125 0.060546875 0.046875
0 0.455078125 0.39453125 0.056640625 0.041015625
0 0.44140625 0.3671875 0.078125 0.056640625