0 0.06640625 0.546875 0.06640625 0.05078125
0 0.048828125 0.40234375 0.0703125 0.0625
0 0.041015625 0.3046875 0.0703125 0.078125
0 0.052734375 0.212890625 0.06640625 0.08203125
0 0.091796875 0.708984375 0.0546875 0.0390625
0 0.09375 0.736328125 0.046875 0.04296875
0 0.09765625 0.771484375 0.0625 0.03515625
0 0.93359375 0.46875 0.0703125 0.0703125
0 0.970703125 0.796875 0.0546875 0.0859375
0 0.923828125 0.265625 0.07421875 0.0703125
0 0.900390625 0.0625 0.08984375 0.078125
0 0.955078125 0.021484375 0.08984375 0.04296875