0 0.533203125 0.41796875 0.037109375 0.044921875
0 0.5625 0.451171875 0.052734375 0.046875
0 0.607421875 0.494140625 0.037109375 0.037109375
0 0.5859375 0.482421875 0.037109375 0.03515625
0 0.638671875 0.51171875 0.046875 0.041015625
0 0.65625 0.5390625 0.0390625 0.048828125
0 0.67578125 0.5546875 0.048828125 0.037109375
0 0.703125 0.5859375 0.05859375 0.04296875
0 0.724609375 0.615234375 0.041015625 0.052734375
0 0.7578125 0.623046875 0.0390625 0.056640625
0 0.783203125 0.638671875 0.03125 0.04296875
0 0.806640625 0.6640625 0.044921875 0.04296875
0 0.841796875 0.685546875 0.046875 0.03125
0 0.8671875 0.7109375 0.044921875 0.0390625
0 0.9140625 0.748046875 0.05078125 0.04296875
0 0.962890625 0.794921875 0.056640625 0.0625
0 0.95703125 0.580078125 0.0859375 0.09765625
0 0.955078125 0.251953125 0.08984375 0.12109375
0 0.771484375 0.017578125 0.083984375 0.03515625
0 0.38671875 0.181640625 0.091796875 0.078125
0 0.47265625 0.361328125 0.0546875 0.033203125
0 0.45703125 0.3828125 0.046875 0.02734375
0 0.46875 0.416015625 0.041015625 0.033203125
0 0.5546875 0.560546875 0.0625 0.05078125
0 0.677734375 0.697265625 0.078125 0.07421875
0 0.80859375 0.830078125 0.0859375 0.072265625
0 0.916015625 0.966796875 0.048828125 0.044921875
0 0.76171875 0.255859375 0.099609375 0.091796875
0 0.30078125 0.853515625 0.08203125 0.078125
0 0.498046875 0.732421875 0.080078125 0.09765625
0 0.3046875 0.419921875 0.091796875 0.076171875
0 0.109375 0.11328125 0.109375 0.09765625
0 0.05859375 0.427734375 0.08984375 0.09375
0 0.078125 0.654296875 0.1015625 0.083984375
0 0.19921875 0.953125 0.091796875 0.076171875
0 0.228515625 0.724609375 0.10546875 0.095703125