0 0.328125 0.716796875 0.05859375 0.0546875
0 0.33203125 0.677734375 0.05078125 0.0546875
0 0.330078125 0.626953125 0.0625 0.0625
0 0.333984375 0.580078125 0.0546875 0.06640625
0 0.37890625 0.53125 0.03515625 0.046875
0 0.333984375 0.52734375 0.0625 0.0625
0 0.33984375 0.435546875 0.0859375 0.0625
0 0.345703125 0.390625 0.0703125 0.0546875
0 0.3515625 0.333984375 0.07421875 0.0625
0 0.3515625 0.28515625 0.07421875 0.0625
0 0.349609375 0.232421875 0.078125 0.0625
0 0.361328125 0.150390625 0.07421875 0.046875
0 0.34765625 0.10546875 0.0546875 0.046875
0 0.328125 0.771484375 0.0625 0.0625
0 0.328125 0.96484375 0.0703125 0.0546875
0 0.37890625 0.94140625 0.0390625 0.046875
0 0.333984375 0.91015625 0.046875 0.04296875
0 0.330078125 0.857421875 0.05078125 0.046875
0 0.376953125 0.013671875 0.046875 0.02734375
0 0.3515625 0.052734375 0.06640625 0.046875
0 0.3359375 0.478515625 0.046875 0.046875
0 0.365234375 0.1875 0.0390625 0.046875
0 0.337890625 0.814453125 0.0390625 0.03125
0 0.392578125 0.875 0.07421875 0.0625