0 0.373046875 0.150390625 0.0703125 0.05859375
0 0.33984375 0.041015625 0.0703125 0.0703125
0 0.638671875 0.107421875 0.0625 0.05859375
0 0.673828125 0.1953125 0.0625 0.0546875
0 0.517578125 0.267578125 0.0625 0.0625
0 0.419921875 0.24609375 0.05859375 0.0546875
0 0.458984375 0.32421875 0.046875 0.0546875
0 0.494140625 0.40234375 0.0546875 0.0546875
0 0.513671875 0.619140625 0.06640625 0.08203125
0 0.2890625 0.47265625 0.09765625 0.09375
0 0.30078125 0.564453125 0.109375 0.08984375
0 0.25390625 0.740234375 0.07421875 0.078125
0 0.333984375 0.837890625 0.078125 0.0703125
0 0.220703125 0.83984375 0.1015625 0.0546875
0 0.12890625 0.83203125 0.078125 0.0703125
0 0.015625 0.78125 0.03125 0.06640625
0 0.05078125 0.662109375 0.07421875 0.078125
0 0.07421875 0.62109375 0.0625 0.0625
0 0.048828125 0.509765625 0.06640625 0.08203125
0 0.115234375 0.5 0.09375 0.0859375
0 0.076171875 0.36328125 0.08203125 0.10546875
0 0.11328125 0.21484375 0.06640625 0.0625
0 0.072265625 0.08984375 0.0703125 0.06640625
0 0.044921875 0.05859375 0.078125 0.078125
0 0.1171875 0.03125 0.05078125 0.0625
0 0.17578125 0.0546875 0.05078125 0.0546875
0 0.185546875 0.61328125 0.09375 0.09765625
0 0.13671875 0.73046875 0.0546875 0.078125
0 0.669921875 0.30859375 0.06640625 0.0703125
0 0.01171875 0.466796875 0.0234375 0.078125