0 0.470703125 0.041015625 0.06640625 0.06640625
0 0.498046875 0.1171875 0.064453125 0.064453125
0 0.54296875 0.208984375 0.076171875 0.0546875
0 0.5703125 0.279296875 0.072265625 0.0546875
0 0.603515625 0.34375 0.0703125 0.05859375
0 0.630859375 0.4296875 0.0859375 0.068359375
0 0.666015625 0.52734375 0.0703125 0.060546875
0 0.69921875 0.615234375 0.0703125 0.064453125
0 0.705078125 0.693359375 0.06640625 0.05859375
0 0.732421875 0.76953125 0.064453125 0.060546875
0 0.755859375 0.83203125 0.0625 0.05078125
0 0.7734375 0.888671875 0.0625 0.056640625
0 0.833984375 0.869140625 0.06640625 0.064453125
0 0.830078125 0.744140625 0.060546875 0.052734375
0 0.802734375 0.951171875 0.06640625 0.052734375