0 0.103515625 0.6640625 0.060546875 0.0546875
0 0.09375 0.455078125 0.0625 0.0546875
0 0.08984375 0.341796875 0.0625 0.0546875
0 0.158203125 0.091796875 0.068359375 0.08203125
0 0.08984375 0.84375 0.052734375 0.056640625
0 0.052734375 0.85546875 0.033203125 0.0390625
0 0.08984375 0.79296875 0.072265625 0.076171875
0 0.09765625 0.91015625 0.060546875 0.078125
0 0.134765625 0.970703125 0.08203125 0.05859375
0 0.091796875 0.546875 0.080078125 0.08203125
0 0.091796875 0.71875 0.083984375 0.052734375