0 0.15625 0.724609375 0.107421875 0.09375
0 0.224609375 0.80859375 0.09375 0.12109375
0 0.314453125 0.818359375 0.109375 0.0859375
0 0.021484375 0.640625 0.041015625 0.0625
0 0.091796875 0.611328125 0.091796875 0.103515625
0 0.259765625 0.705078125 0.0703125 0.0625
0 0.421875 0.80078125 0.09375 0.0859375
0 0.462890625 0.873046875 0.078125 0.078125
0 0.3984375 0.9609375 0.09375 0.078125
0 0.546875 0.935546875 0.080078125 0.08203125
0 0.62890625 0.966796875 0.0859375 0.06640625
0 0.68359375 0.978515625 0.0703125 0.04296875
0 0.669921875 0.18359375 0.078125 0.083984375
0 0.576171875 0.080078125 0.080078125 0.083984375
0 0.775390625 0.35546875 0.080078125 0.080078125
0 0.86328125 0.505859375 0.09765625 0.099609375
0 0.814453125 0.669921875 0.08984375 0.064453125
0 0.87890625 0.748046875 0.08203125 0.087890625
0 0.736328125 0.58203125 0.0546875 0.068359375
0 0.69140625 0.5 0.078125 0.06640625
0 0.640625 0.4140625 0.083984375 0.0703125
0 0.583984375 0.328125 0.0703125 0.05078125
0 0.53125 0.248046875 0.078125 0.078125
0 0.47265625 0.14453125 0.064453125 0.046875
0 0.4453125 0.08203125 0.08203125 0.05859375
0 0.380859375 0.017578125 0.05859375 0.03515625
0 0.375 0.091796875 0.0703125 0.0546875
0 0.396484375 0.15234375 0.064453125 0.068359375
0 0.40625 0.20703125 0.076171875 0.056640625
0 0.412109375 0.26171875 0.08203125 0.0625
0 0.43359375 0.314453125 0.064453125 0.05859375
0 0.443359375 0.36328125 0.05859375 0.048828125
0 0.458984375 0.41796875 0.068359375 0.05859375
0 0.4765625 0.474609375 0.07421875 0.06640625
0 0.494140625 0.51953125 0.072265625 0.0546875
0 0.525390625 0.568359375 0.048828125 0.05859375
0 0.560546875 0.59765625 0.05078125 0.0546875
0 0.599609375 0.611328125 0.060546875 0.048828125
0 0.63671875 0.634765625 0.048828125 0.04296875
0 0.666015625 0.654296875 0.041015625 0.03125
0 0.697265625 0.68359375 0.052734375 0.056640625
0 0.734375 0.69140625 0.04296875 0.05078125
0 0.796875 0.74609375 0.060546875 0.05859375
0 0.84375 0.81640625 0.04296875 0.060546875
0 0.828125 0.77734375 0.05078125 0.0546875
0 0.8671875 0.8515625 0.0625 0.044921875
0 0.583984375 0.779296875 0.041015625 0.044921875
0 0.62109375 0.8046875 0.04296875 0.072265625
0 0.6640625 0.810546875 0.03515625 0.0546875
0 0.6953125 0.826171875 0.046875 0.0625
0 0.728515625 0.8359375 0.0390625 0.0625
0 0.7578125 0.84375 0.046875 0.048828125
0 0.9375 0.904296875 0.05078125 0.05859375
0 0.8671875 0.884765625 0.033203125 0.0390625
0 0.984375 0.921875 0.03125 0.041015625
0 0.94921875 0.609375 0.068359375 0.08203125
0 0.921875 0.78125 0.052734375 0.060546875
0 0.783203125 0.861328125 0.078125 0.076171875
0 0.828125 0.884765625 0.076171875 0.05859375
0 0.970703125 0.818359375 0.05859375 0.08203125