0 0.2578125 0.236328125 0.0703125 0.05078125
0 0.25390625 0.1484375 0.06640625 0.05078125
0 0.2734375 0.33203125 0.0546875 0.056640625
0 0.275390625 0.421875 0.064453125 0.037109375
0 0.263671875 0.39453125 0.076171875 0.048828125
0 0.302734375 0.529296875 0.06640625 0.056640625
0 0.26953125 0.58203125 0.072265625 0.05859375
0 0.328125 0.642578125 0.064453125 0.05078125
0 0.3203125 0.595703125 0.064453125 0.033203125
0 0.306640625 0.69921875 0.048828125 0.048828125
0 0.37890625 0.76171875 0.056640625 0.05078125
0 0.373046875 0.87109375 0.080078125 0.068359375
0 0.37890625 0.923828125 0.05859375 0.0546875
0 0.3828125 0.978515625 0.068359375 0.041015625
0 0.484375 0.88671875 0.044921875 0.04296875
0 0.4296875 0.8359375 0.05078125 0.04296875
0 0.70703125 0.083984375 0.048828125 0.052734375
0 0.744140625 0.056640625 0.05078125 0.04296875
0 0.74609375 0.12890625 0.064453125 0.0546875
0 0.763671875 0.3671875 0.06640625 0.056640625
0 0.7734375 0.490234375 0.05859375 0.06640625
0 0.796875 0.59375 0.041015625 0.05078125
0 0.80078125 0.7109375 0.044921875 0.056640625
0 0.8515625 0.845703125 0.044921875 0.0546875
0 0.8515625 0.8984375 0.056640625 0.052734375
0 0.849609375 0.939453125 0.0625 0.048828125
0 0.857421875 0.98046875 0.05078125 0.037109375
0 0.833984375 0.734375 0.05078125 0.037109375
0 0.833984375 0.693359375 0.048828125 0.0390625
0 0.826171875 0.654296875 0.048828125 0.041015625
0 0.828125 0.609375 0.0546875 0.04296875
0 0.828125 0.580078125 0.046875 0.03515625
0 0.8125 0.501953125 0.041015625 0.02734375
0 0.826171875 0.46875 0.04296875 0.037109375
0 0.830078125 0.421875 0.056640625 0.0390625
0 0.82421875 0.376953125 0.05859375 0.048828125
0 0.83984375 0.30078125 0.046875 0.056640625
0 0.7421875 0.236328125 0.0546875 0.046875
0 0.7421875 0.20703125 0.044921875 0.037109375
0 0.544921875 0.982421875 0.052734375 0.03515625
0 0.505859375 0.919921875 0.0625 0.0546875
0 0.341796875 0.16015625 0.064453125 0.046875
0 0.841796875 0.7734375 0.044921875 0.046875
0 0.84375 0.814453125 0.041015625 0.044921875
0 0.818359375 0.826171875 0.041015625 0.052734375
0 0.810546875 0.5390625 0.060546875 0.0390625
0 0.775390625 0.578125 0.05859375 0.0390625