0 0.328125 0.951171875 0.05078125 0.0546875
0 0.30859375 0.91015625 0.0546875 0.0390625
0 0.306640625 0.8828125 0.0390625 0.03515625
0 0.296875 0.84765625 0.046875 0.0546875
0 0.03515625 0.791015625 0.0390625 0.0390625
0 0.046875 0.8359375 0.0546875 0.0546875
0 0.158203125 0.76953125 0.0390625 0.03125
0 0.146484375 0.26953125 0.0546875 0.046875
0 0.267578125 0.69140625 0.05859375 0.05078125
0 0.267578125 0.751953125 0.05078125 0.05078125
0 0.2421875 0.59375 0.0703125 0.05859375
0 0.232421875 0.537109375 0.0625 0.046875
0 0.25 0.4765625 0.046875 0.046875
0 0.193359375 0.466796875 0.0546875 0.05078125
0 0.263671875 0.642578125 0.06640625 0.0546875