0 0.080078125 0.021484375 0.07421875 0.04296875
0 0.107421875 0.068359375 0.087890625 0.07421875
0 0.138671875 0.126953125 0.09375 0.060546875
0 0.158203125 0.1875 0.072265625 0.068359375
0 0.181640625 0.25390625 0.06640625 0.060546875
0 0.20703125 0.31640625 0.078125 0.06640625
0 0.22265625 0.376953125 0.076171875 0.068359375
0 0.248046875 0.46484375 0.087890625 0.08984375
0 0.26953125 0.552734375 0.083984375 0.076171875
0 0.294921875 0.646484375 0.1015625 0.052734375
0 0.322265625 0.705078125 0.0703125 0.06640625
0 0.3515625 0.798828125 0.07421875 0.07421875
0 0.380859375 0.880859375 0.0703125 0.072265625
0 0.419921875 0.96484375 0.076171875 0.064453125
0 0.962890625 0.072265625 0.044921875 0.05859375