0 0.283203125 0.98828125 0.05078125 0.0234375
0 0.271484375 0.962890625 0.0625 0.0546875
0 0.244140625 0.935546875 0.0390625 0.03125
0 0.21875 0.904296875 0.046875 0.03125
0 0.23046875 0.8515625 0.0703125 0.06640625
0 0.19140625 0.830078125 0.03515625 0.02734375
0 0.17578125 0.798828125 0.046875 0.03515625
0 0.18359375 0.779296875 0.046875 0.02734375
0 0.171875 0.7421875 0.0546875 0.0390625
0 0.171875 0.71484375 0.0390625 0.03515625
0 0.16796875 0.681640625 0.03515625 0.03125
0 0.162109375 0.650390625 0.046875 0.0390625
0 0.15625 0.625 0.046875 0.03515625
0 0.154296875 0.59375 0.046875 0.03125
0 0.15234375 0.56640625 0.04296875 0.03515625
0 0.158203125 0.521484375 0.078125 0.0703125
0 0.154296875 0.4765625 0.04296875 0.0390625
0 0.158203125 0.447265625 0.05078125 0.0390625
0 0.162109375 0.408203125 0.046875 0.0390625
0 0.169921875 0.380859375 0.05078125 0.03125
0 0.173828125 0.349609375 0.04296875 0.03125
0 0.173828125 0.318359375 0.0390625 0.03515625
0 0.18359375 0.2890625 0.046875 0.0390625
0 0.1953125 0.25390625 0.0390625 0.0390625
0 0.21875 0.216796875 0.0703125 0.0625
0 0.203125 0.185546875 0.0390625 0.03125
0 0.216796875 0.12890625 0.04296875 0.04296875
0 0.212890625 0.076171875 0.0625 0.0546875
0 0.224609375 0.01953125 0.0703125 0.0390625
0 0.08984375 0.046875 0.05078125 0.05078125
0 0.583984375 0.90625 0.05078125 0.05859375
0 0.658203125 0.93359375 0.046875 0.0546875
0 0.611328125 0.951171875 0.05859375 0.03515625
0 0.625 0.908203125 0.05078125 0.0546875
0 0.58984375 0.8671875 0.0546875 0.04296875
0 0.583984375 0.833984375 0.04296875 0.0390625
0 0.580078125 0.79296875 0.0390625 0.04296875
0 0.576171875 0.744140625 0.046875 0.03515625
0 0.5703125 0.705078125 0.0546875 0.0390625
0 0.5625 0.65625 0.0390625 0.04296875
0 0.564453125 0.62109375 0.03515625 0.0390625
0 0.560546875 0.58203125 0.05078125 0.04296875
0 0.564453125 0.541015625 0.0546875 0.046875
0 0.560546875 0.5 0.0546875 0.0390625
0 0.55859375 0.47265625 0.0390625 0.03125
0 0.552734375 0.43359375 0.0390625 0.046875
0 0.55078125 0.390625 0.046875 0.04296875
0 0.546875 0.35546875 0.05078125 0.0390625
0 0.544921875 0.31640625 0.05078125 0.04296875
0 0.541015625 0.287109375 0.05078125 0.03515625
0 0.541015625 0.255859375 0.0546875 0.0390625
0 0.533203125 0.216796875 0.05078125 0.04296875
0 0.533203125 0.17578125 0.0546875 0.046875
0 0.529296875 0.146484375 0.05078125 0.0390625
0 0.51953125 0.107421875 0.05078125 0.0390625
0 0.525390625 0.072265625 0.046875 0.03125
0 0.51953125 0.0390625 0.05859375 0.046875
0 0.517578125 0.013671875 0.05078125 0.02734375
0 0.85546875 0.8125 0.0390625 0.03515625
0 0.85546875 0.775390625 0.046875 0.0234375
0 0.8515625 0.7265625 0.046875 0.0390625
0 0.865234375 0.689453125 0.046875 0.02734375
0 0.841796875 0.654296875 0.0546875 0.04296875
0 0.84375 0.580078125 0.05078125 0.0390625
0 0.861328125 0.552734375 0.03125 0.03125
0 0.859375 0.509765625 0.046875 0.02734375
0 0.775390625 0.439453125 0.0546875 0.0390625
0 0.779296875 0.388671875 0.0546875 0.04296875
0 0.8125 0.22265625 0.03125 0.03125
0 0.8515625 0.26953125 0.04296875 0.03125
0 0.87109375 0.130859375 0.08203125 0.11328125
0 0.80859375 0.134765625 0.05859375 0.0703125
0 0.81640625 0.072265625 0.06640625 0.06640625
0 0.8828125 0.0234375 0.03515625 0.03125
0 0.833984375 0.02734375 0.0390625 0.0390625
0 0.95703125 0.08203125 0.0859375 0.13671875
0 0.94140625 0.2265625 0.078125 0.0703125
0 0.990234375 0.232421875 0.01953125 0.0390625
0 0.970703125 0.361328125 0.05859375 0.08984375
0 0.94140625 0.55859375 0.0859375 0.1015625
0 0.8828125 0.57421875 0.046875 0.0546875
0 0.9453125 0.669921875 0.078125 0.11328125
0 0.9453125 0.85546875 0.0546875 0.046875
0 0.9453125 0.9140625 0.08203125 0.07421875
0 0.826171875 0.97265625 0.046875 0.0546875
0 0.779296875 0.947265625 0.046875 0.03125
0 0.73828125 0.931640625 0.0546875 0.0390625
0 0.697265625 0.900390625 0.046875 0.04296875
0 0.748046875 0.7890625 0.09375 0.0703125
0 0.701171875 0.58203125 0.078125 0.09375
0 0.732421875 0.509765625 0.046875 0.046875
0 0.68359375 0.341796875 0.09375 0.0859375
0 0.697265625 0.0625 0.08203125 0.07421875
0 0.765625 0.294921875 0.03125 0.03125
0 0.876953125 0.3515625 0.078125 0.0703125
0 0.876953125 0.453125 0.09375 0.09375
0 0.7734375 0.67578125 0.046875 0.03515625
0 0.8046875 0.701171875 0.0390625 0.0390625
0 0.642578125 0.7734375 0.046875 0.046875
0 0.431640625 0.9140625 0.0546875 0.0546875
0 0.390625 0.8984375 0.0546875 0.03125
0 0.412109375 0.826171875 0.06640625 0.0703125
0 0.388671875 0.697265625 0.06640625 0.0625
0 0.390625 0.62109375 0.05859375 0.046875
0 0.380859375 0.501953125 0.0703125 0.0703125
0 0.33984375 0.50390625 0.046875 0.05078125
0 0.283203125 0.521484375 0.0546875 0.046875
0 0.373046875 0.427734375 0.0625 0.046875
0 0.412109375 0.37109375 0.0546875 0.0546875
0 0.3203125 0.79296875 0.046875 0.046875
0 0.375 0.31640625 0.05859375 0.0625
0 0.37109375 0.234375 0.0625 0.0625
0 0.376953125 0.115234375 0.0703125 0.07421875
0 0.369140625 0.03515625 0.07421875 0.0703125
0 0.90625 0.8203125 0.0546875 0.04296875