0 0.787109375 0.3359375 0.072265625 0.05859375
0 0.8359375 0.6015625 0.080078125 0.078125
0 0.74609375 0.92578125 0.07421875 0.05859375
0 0.0390625 0.873046875 0.076171875 0.083984375
0 0.08984375 0.763671875 0.07421875 0.060546875
0 0.171875 0.640625 0.0703125 0.08203125
0 0.25 0.50390625 0.078125 0.064453125
0 0.115234375 0.384765625 0.083984375 0.087890625
0 0.15625 0.2109375 0.080078125 0.080078125
0 0.205078125 0.03125 0.09765625 0.0625
0 0.421875 0.076171875 0.087890625 0.076171875
0 0.396484375 0.14453125 0.07421875 0.06640625
0 0.365234375 0.212890625 0.083984375 0.0703125
0 0.3203125 0.3125 0.080078125 0.068359375
0 0.083984375 0.095703125 0.05859375 0.05859375
0 0.025390625 0.345703125 0.05078125 0.08203125
0 0.05859375 0.56640625 0.1171875 0.1015625