0 0.158203125 0.333984375 0.060546875 0.0625
0 0.083984375 0.349609375 0.068359375 0.052734375
0 0.11328125 0.2265625 0.064453125 0.0625
0 0.134765625 0.2734375 0.06640625 0.06640625
0 0.03125 0.126953125 0.0625 0.04296875
0 0.208984375 0.443359375 0.07421875 0.0703125
0 0.23828125 0.4921875 0.0625 0.056640625
0 0.267578125 0.5546875 0.064453125 0.080078125
0 0.240234375 0.6328125 0.068359375 0.056640625
0 0.32421875 0.63671875 0.068359375 0.0703125
0 0.3984375 0.7109375 0.064453125 0.0390625
0 0.45703125 0.8828125 0.060546875 0.052734375
0 0.44921875 0.810546875 0.06640625 0.05078125
0 0.458984375 0.150390625 0.052734375 0.064453125