0 0.669921875 0.373046875 0.046875 0.0625
0 0.66015625 0.625 0.046875 0.0546875
0 0.6328125 0.970703125 0.046875 0.0390625
0 0.63671875 0.931640625 0.03515625 0.03125
0 0.642578125 0.890625 0.0546875 0.0390625
0 0.75390625 0.037109375 0.0546875 0.0546875
0 0.705078125 0.345703125 0.0625 0.04296875
0 0.712890625 0.404296875 0.0546875 0.0390625
0 0.705078125 0.486328125 0.0546875 0.046875
0 0.703125 0.52734375 0.0546875 0.05078125
0 0.701171875 0.5703125 0.0546875 0.0390625
0 0.693359375 0.626953125 0.0625 0.0546875
0 0.6875 0.673828125 0.06640625 0.0546875
0 0.67578125 0.71484375 0.0625 0.0546875
0 0.673828125 0.76171875 0.0390625 0.0390625
0 0.6640625 0.80078125 0.0546875 0.04296875
0 0.654296875 0.84375 0.06640625 0.05078125