0 0.47265625 0.48046875 0.0625 0.0625
0 0.669921875 0.345703125 0.0625 0.0546875
0 0.654296875 0.251953125 0.0859375 0.0703125
0 0.658203125 0.298828125 0.0625 0.05859375
0 0.626953125 0.19140625 0.0625 0.0625
0 0.337890625 0.025390625 0.06640625 0.046875
0 0.09375 0.66796875 0.05859375 0.046875
0 0.6875 0.40234375 0.046875 0.05078125
0 0.705078125 0.494140625 0.05078125 0.0625
0 0.71484375 0.541015625 0.05078125 0.0546875
0 0.70703125 0.990234375 0.078125 0.01953125
0 0.69921875 0.955078125 0.07421875 0.0390625
0 0.68359375 0.833984375 0.046875 0.046875
0 0.669921875 0.787109375 0.0703125 0.046875
0 0.669921875 0.71875 0.046875 0.0390625
0 0.640625 0.658203125 0.07421875 0.0546875
0 0.61328125 0.59765625 0.0625 0.0546875
0 0.58984375 0.5390625 0.0625 0.0546875
0 0.4375 0.59375 0.05078125 0.0546875
0 0.564453125 0.466796875 0.0859375 0.0625
0 0.5546875 0.279296875 0.06640625 0.0859375