0 0.203125 0.564453125 0.0703125 0.0703125
0 0.1796875 0.435546875 0.07421875 0.0625
0 0.1328125 0.287109375 0.0546875 0.0703125
0 0.1328125 0.18359375 0.08984375 0.0625
0 0.10546875 0.142578125 0.0546875 0.046875
0 0.09765625 0.046875 0.0390625 0.0625
0 0.134765625 0.03125 0.0546875 0.0625
0 0.080078125 0.169921875 0.0390625 0.0390625
0 0.017578125 0.14453125 0.03515625 0.0703125
0 0.24609375 0.716796875 0.0625 0.0703125
0 0.271484375 0.84765625 0.0703125 0.0546875
0 0.236328125 0.984375 0.046875 0.03125
0 0.0703125 0.8515625 0.07421875 0.06640625
0 0.31640625 0.9765625 0.0625 0.046875
0 0.076171875 0.556640625 0.0546875 0.0625
0 0.02734375 0.578125 0.0546875 0.078125
0 0.041015625 0.533203125 0.04296875 0.0390625