0 0.580078125 0.703125 0.072265625 0.068359375
0 0.59375 0.767578125 0.052734375 0.048828125
0 0.6015625 0.95703125 0.064453125 0.080078125
0 0.3671875 0.9765625 0.07421875 0.044921875
0 0.28515625 0.982421875 0.0546875 0.033203125
0 0.39453125 0.935546875 0.044921875 0.041015625
0 0.509765625 0.451171875 0.044921875 0.0625
0 0.1484375 0.38671875 0.095703125 0.083984375
0 0.068359375 0.09765625 0.09765625 0.06640625
0 0.103515625 0.0390625 0.06640625 0.07421875
0 0.02734375 0.64453125 0.052734375 0.083984375
0 0.091796875 0.724609375 0.0546875 0.083984375
0 0.162109375 0.748046875 0.09375 0.111328125
0 0.029296875 0.94140625 0.05859375 0.0703125