0 0.767578125 0.36328125 0.09375 0.07421875
0 0.7109375 0.421875 0.09375 0.08203125
0 0.658203125 0.494140625 0.0625 0.0546875
0 0.6015625 0.564453125 0.078125 0.0703125
0 0.546875 0.62890625 0.0625 0.0546875
0 0.49609375 0.69921875 0.0703125 0.0625
0 0.443359375 0.783203125 0.0703125 0.06640625
0 0.359375 0.798828125 0.0625 0.0703125
0 0.337890625 0.890625 0.0859375 0.08203125
0 0.2734375 0.95703125 0.078125 0.0703125
0 0.24609375 0.89453125 0.0546875 0.05078125
0 0.2265625 0.861328125 0.0703125 0.046875
0 0.201171875 0.826171875 0.0859375 0.046875
0 0.16796875 0.748046875 0.0859375 0.0625
0 0.158203125 0.708984375 0.0703125 0.046875
0 0.12109375 0.67578125 0.06640625 0.05078125
0 0.09375 0.638671875 0.0703125 0.046875
0 0.080078125 0.603515625 0.0703125 0.046875
0 0.060546875 0.55859375 0.08203125 0.0546875
0 0.05859375 0.51171875 0.0625 0.05859375
0 0.20703125 0.501953125 0.0703125 0.0625
0 0.30859375 0.693359375 0.0546875 0.0625
0 0.15625 0.3984375 0.06640625 0.0546875
0 0.111328125 0.30078125 0.0703125 0.06640625
0 0.072265625 0.19921875 0.0625 0.0546875
0 0.94921875 0.091796875 0.0703125 0.0703125
0 0.9453125 0.0234375 0.078125 0.046875
0 0.03515625 0.111328125 0.0703125 0.09375
0 0.08203125 0.412109375 0.05078125 0.0625
0 0.021484375 0.47265625 0.04296875 0.109375
0 0.04296875 0.365234375 0.046875 0.05859375