0 0.361328125 0.62109375 0.05859375 0.05078125
0 0.3984375 0.478515625 0.0625 0.0546875
0 0.3984375 0.43359375 0.046875 0.0546875
0 0.3671875 0.375 0.0546875 0.0625
0 0.298828125 0.474609375 0.0546875 0.0546875
0 0.330078125 0.515625 0.0625 0.05078125
0 0.423828125 0.724609375 0.06640625 0.0546875
0 0.490234375 0.830078125 0.0546875 0.07421875
0 0.470703125 0.91015625 0.05859375 0.0546875
0 0.529296875 0.927734375 0.0703125 0.0859375
0 0.486328125 0.69921875 0.046875 0.0625
0 0.443359375 0.671875 0.0625 0.046875
0 0.46484375 0.78125 0.05078125 0.046875
0 0.43359375 0.814453125 0.0546875 0.07421875
0 0.28515625 0.33203125 0.07421875 0.07421875
0 0.287109375 0.2421875 0.06640625 0.078125
0 0.283203125 0.16015625 0.0546875 0.06640625
0 0.263671875 0.0234375 0.05859375 0.046875
0 0.271484375 0.076171875 0.05859375 0.0625
0 0.29296875 0.390625 0.06640625 0.07421875