0 0.255859375 0.07421875 0.0703125 0.078125
0 0.19140625 0.0625 0.0703125 0.0546875
0 0.23046875 0.302734375 0.05078125 0.0546875
0 0.185546875 0.376953125 0.0625 0.046875
0 0.185546875 0.419921875 0.0546875 0.0546875
0 0.189453125 0.462890625 0.0546875 0.0546875
0 0.16796875 0.513671875 0.05859375 0.05078125
0 0.1796875 0.55859375 0.06640625 0.0625
0 0.166015625 0.611328125 0.05859375 0.0625
0 0.15625 0.6640625 0.05078125 0.06640625
0 0.138671875 0.720703125 0.0625 0.07421875
0 0.11328125 0.8203125 0.05078125 0.0625
0 0.142578125 0.779296875 0.0546875 0.0546875
0 0.111328125 0.873046875 0.05859375 0.0625
0 0.095703125 0.9140625 0.0546875 0.0546875
0 0.095703125 0.958984375 0.0703125 0.0546875
0 0.181640625 0.263671875 0.0546875 0.046875
0 0.185546875 0.185546875 0.0703125 0.046875
0 0.1875 0.015625 0.0625 0.03125