0 0.517578125 0.021484375 0.07421875 0.04296875
0 0.60546875 0.271484375 0.0859375 0.087890625
0 0.65625 0.521484375 0.087890625 0.087890625
0 0.744140625 0.685546875 0.078125 0.080078125
0 0.798828125 0.873046875 0.080078125 0.072265625
0 0.923828125 0.185546875 0.044921875 0.046875
0 0.90625 0.2421875 0.048828125 0.0390625
0 0.986328125 0.19921875 0.02734375 0.029296875
0 0.9609375 0.24609375 0.041015625 0.03515625
0 0.876953125 0.31640625 0.0546875 0.052734375
0 0.9453125 0.330078125 0.056640625 0.044921875
0 0.951171875 0.404296875 0.048828125 0.0546875
0 0.8984375 0.439453125 0.046875 0.0546875
0 0.962890625 0.458984375 0.052734375 0.044921875
0 0.921875 0.49609375 0.05078125 0.037109375
0 0.9765625 0.51953125 0.044921875 0.044921875
0 0.93359375 0.568359375 0.0546875 0.05078125
0 0.84375 0.482421875 0.060546875 0.046875
0 0.865234375 0.544921875 0.041015625 0.033203125
0 0.880859375 0.6015625 0.0390625 0.05859375