0 0.609375 0.28125 0.09375 0.09375
0 0.681640625 0.53515625 0.10546875 0.09375
0 0.75 0.703125 0.09375 0.08203125
0 0.806640625 0.884765625 0.09375 0.078125
0 0.931640625 0.193359375 0.046875 0.05859375
0 0.52734375 0.029296875 0.08984375 0.05859375
0 0.9453125 0.5859375 0.0625 0.06640625
0 0.892578125 0.330078125 0.0546875 0.0546875
0 0.947265625 0.33984375 0.0546875 0.046875
0 0.9609375 0.41796875 0.05078125 0.046875
0 0.974609375 0.470703125 0.0390625 0.03125
0 0.982421875 0.53125 0.03125 0.03515625
0 0.927734375 0.50390625 0.0546875 0.046875