0 0.626953125 0.849609375 0.0703125 0.05859375
0 0.66015625 0.958984375 0.07421875 0.0703125
0 0.361328125 0.892578125 0.0625 0.05859375
0 0.326171875 0.8046875 0.0625 0.0546875
0 0.482421875 0.732421875 0.0625 0.0625
0 0.580078125 0.75390625 0.05859375 0.0546875
0 0.541015625 0.67578125 0.046875 0.0546875
0 0.505859375 0.59765625 0.0546875 0.0546875
0 0.486328125 0.380859375 0.06640625 0.08203125
0 0.7109375 0.52734375 0.09765625 0.09375
0 0.69921875 0.435546875 0.109375 0.08984375
0 0.74609375 0.259765625 0.07421875 0.078125
0 0.666015625 0.162109375 0.078125 0.0703125
0 0.779296875 0.16015625 0.1015625 0.0546875
0 0.87109375 0.16796875 0.078125 0.0703125
0 0.984375 0.21875 0.03125 0.06640625
0 0.94921875 0.337890625 0.07421875 0.078125
0 0.92578125 0.37890625 0.0625 0.0625
0 0.951171875 0.490234375 0.06640625 0.08203125
0 0.884765625 0.5 0.09375 0.0859375
0 0.923828125 0.63671875 0.08203125 0.10546875
0 0.88671875 0.78515625 0.06640625 0.0625
0 0.927734375 0.91015625 0.0703125 0.06640625
0 0.955078125 0.94140625 0.08203125 0.078125
0 0.8828125 0.96875 0.05078125 0.0625
0 0.82421875 0.9453125 0.05078125 0.0546875
0 0.814453125 0.38671875 0.09375 0.09765625
0 0.86328125 0.26953125 0.0546875 0.078125
0 0.330078125 0.69140625 0.06640625 0.0703125
0 0.98828125 0.533203125 0.0234375 0.078125