0 0.34375 0.4609375 0.060546875 0.0546875
0 0.26953125 0.607421875 0.09375 0.091796875
0 0.228515625 0.478515625 0.1171875 0.103515625
0 0.28125 0.7578125 0.072265625 0.0625
0 0.365234375 0.7890625 0.11328125 0.07421875
0 0.349609375 0.681640625 0.064453125 0.0546875
0 0.46875 0.537109375 0.09375 0.080078125
0 0.50390625 0.642578125 0.09375 0.080078125
0 0.52734375 0.7265625 0.078125 0.052734375
0 0.552734375 0.78125 0.07421875 0.044921875
0 0.626953125 0.779296875 0.072265625 0.052734375
0 0.560546875 0.8203125 0.05078125 0.0390625
0 0.595703125 0.86328125 0.09765625 0.0625
0 0.625 0.919921875 0.068359375 0.056640625
0 0.625 0.9765625 0.109375 0.046875
0 0.54296875 0.970703125 0.060546875 0.05859375
0 0.46875 0.88671875 0.07421875 0.076171875
0 0.416015625 0.8515625 0.0546875 0.044921875
0 0.400390625 0.953125 0.087890625 0.080078125
0 0.345703125 0.095703125 0.0625 0.0546875
0 0.36328125 0.15625 0.0546875 0.060546875
0 0.38671875 0.24609375 0.06640625 0.0625
0 0.23046875 0.341796875 0.0625 0.0625
0 0.173828125 0.279296875 0.06640625 0.044921875
0 0.220703125 0.138671875 0.048828125 0.037109375
0 0.21875 0.037109375 0.0859375 0.0703125
0 0.048828125 0.05078125 0.052734375 0.060546875
0 0.078125 0.03515625 0.052734375 0.060546875
0 0.125 0.208984375 0.0546875 0.041015625
0 0.26953125 0.212890625 0.06640625 0.078125
0 0.30859375 0.33203125 0.052734375 0.05859375
0 0.4453125 0.46484375 0.0625 0.044921875
0 0.537109375 0.455078125 0.0546875 0.044921875
0 0.451171875 0.15234375 0.06640625 0.046875
0 0.427734375 0.095703125 0.06640625 0.0625
0 0.478515625 0.095703125 0.0625 0.060546875
0 0.435546875 0.0390625 0.0625 0.056640625
0 0.3359375 0.037109375 0.048828125 0.04296875
0 0.435546875 0.3828125 0.06640625 0.0546875
0 0.634765625 0.44140625 0.052734375 0.044921875
0 0.6484375 0.109375 0.0546875 0.056640625
0 0.625 0.029296875 0.0703125 0.05859375
0 0.703125 0.484375 0.072265625 0.052734375
0 0.716796875 0.525390625 0.056640625 0.048828125
0 0.681640625 0.56640625 0.04296875 0.048828125
0 0.71484375 0.810546875 0.05859375 0.056640625
0 0.744140625 0.88671875 0.06640625 0.05859375
0 0.7890625 0.921875 0.0703125 0.0625
0 0.828125 0.96484375 0.0625 0.068359375
0 0.732421875 0.72265625 0.033203125 0.0390625
0 0.80078125 0.830078125 0.064453125 0.0546875
0 0.837890625 0.8046875 0.0546875 0.052734375
0 0.751953125 0.814453125 0.04296875 0.056640625
0 0.78515625 0.779296875 0.05859375 0.0546875
0 0.78515625 0.7421875 0.052734375 0.0390625
0 0.751953125 0.623046875 0.0546875 0.04296875
0 0.7578125 0.6640625 0.046875 0.03125
0 0.76953125 0.703125 0.0546875 0.048828125
0 0.71484375 0.65234375 0.0625 0.03125
0 0.697265625 0.6171875 0.052734375 0.05078125
0 0.734375 0.576171875 0.064453125 0.0625
0 0.6796875 0.439453125 0.048828125 0.04296875
0 0.66015625 0.224609375 0.078125 0.05859375
0 0.677734375 0.291015625 0.064453125 0.0546875
0 0.65234375 0.349609375 0.07421875 0.04296875
0 0.666015625 0.384765625 0.05859375 0.052734375
0 0.607421875 0.365234375 0.0546875 0.04296875
0 0.62109375 0.265625 0.072265625 0.05078125
0 0.146484375 0.130859375 0.078125 0.0859375
0 0.70703125 0.01953125 0.044921875 0.0390625
0 0.720703125 0.091796875 0.052734375 0.029296875
0 0.71875 0.11328125 0.044921875 0.02734375