0 0.78125 0.22265625 0.068359375 0.0703125
0 0.857421875 0.1171875 0.08203125 0.078125
0 0.8671875 0.19921875 0.072265625 0.056640625
0 0.875 0.2734375 0.08984375 0.080078125
0 0.91796875 0.462890625 0.1015625 0.08203125
0 0.916015625 0.638671875 0.07421875 0.072265625
0 0.92578125 0.783203125 0.078125 0.072265625
0 0.943359375 0.923828125 0.068359375 0.076171875
0 0.9765625 0.330078125 0.046875 0.04296875
0 0.5703125 0.701171875 0.05078125 0.048828125
0 0.580078125 0.072265625 0.05078125 0.056640625
0 0.06640625 0.7265625 0.06640625 0.056640625
0 0.01953125 0.73046875 0.0390625 0.05859375
0 0.017578125 0.896484375 0.03515625 0.0546875
0 0.015625 0.01953125 0.029296875 0.0390625
0 0.017578125 0.1015625 0.03515625 0.037109375
0 0.017578125 0.14453125 0.03515625 0.046875
0 0.015625 0.197265625 0.029296875 0.03125
0 0.01953125 0.2734375 0.03515625 0.03125
0 0.017578125 0.30859375 0.03515625 0.0390625
0 0.015625 0.34765625 0.029296875 0.033203125
0 0.017578125 0.40625 0.03515625 0.044921875
0 0.009765625 0.64453125 0.01953125 0.03515625
0 0.009765625 0.6796875 0.01953125 0.025390625
0 0.005859375 0.623046875 0.01171875 0.025390625
0 0.013671875 0.83984375 0.02734375 0.033203125
0 0.01953125 0.806640625 0.0390625 0.029296875
0 0.013671875 0.7734375 0.025390625 0.04296875