0 0.01953125 0.751953125 0.0390625 0.044921875
0 0.04296875 0.810546875 0.056640625 0.03125
0 0.076171875 0.865234375 0.041015625 0.025390625
0 0.091796875 0.892578125 0.056640625 0.05078125
0 0.107421875 0.9609375 0.048828125 0.041015625
0 0.111328125 0.98828125 0.04296875 0.0234375
0 0.1015625 0.931640625 0.046875 0.0390625
0 0.03125 0.779296875 0.044921875 0.03515625
0 0.05859375 0.83984375 0.05859375 0.0390625
0 0.40625 0.482421875 0.0546875 0.05859375
0 0.43359375 0.658203125 0.044921875 0.052734375
0 0.44921875 0.79296875 0.0546875 0.056640625
0 0.46875 0.943359375 0.037109375 0.046875
0 0.7265625 0.427734375 0.048828125 0.046875
0 0.837890625 0.201171875 0.052734375 0.044921875
0 0.798828125 0.380859375 0.04296875 0.033203125
0 0.85546875 0.16015625 0.044921875 0.0390625
0 0.8671875 0.123046875 0.046875 0.046875
0 0.861328125 0.076171875 0.04296875 0.037109375
0 0.8515625 0.029296875 0.0625 0.056640625
0 0.83984375 0.251953125 0.0390625 0.041015625
0 0.80078125 0.58984375 0.041015625 0.060546875
0 0.74609375 0.830078125 0.056640625 0.04296875
0 0.71875 0.736328125 0.052734375 0.048828125
0 0.767578125 0.66796875 0.046875 0.048828125
0 0.78125 0.732421875 0.04296875 0.033203125
0 0.69921875 0.63671875 0.05078125 0.033203125
0 0.703125 0.61328125 0.0546875 0.03125
0 0.748046875 0.572265625 0.0390625 0.044921875
0 0.65625 0.435546875 0.044921875 0.060546875
0 0.62109375 0.318359375 0.046875 0.05078125
0 0.595703125 0.22265625 0.05859375 0.046875
0 0.580078125 0.14453125 0.056640625 0.060546875
0 0.541015625 0.083984375 0.0625 0.06640625
0 0.81640625 0.697265625 0.056640625 0.048828125
0 0.1796875 0.71875 0.05078125 0.037109375
0 0.072265625 0.189453125 0.0546875 0.0390625
0 0.0546875 0.1015625 0.06640625 0.056640625
0 0.115234375 0.345703125 0.06640625 0.041015625
0 0.08984375 0.259765625 0.056640625 0.044921875
0 0.109375 0.30859375 0.048828125 0.046875
0 0.529296875 0.978515625 0.05859375 0.033203125
0 0.51953125 0.9453125 0.0546875 0.0390625
0 0.505859375 0.904296875 0.068359375 0.041015625
0 0.5 0.869140625 0.052734375 0.0390625
0 0.49609375 0.833984375 0.05078125 0.041015625
0 0.5 0.80078125 0.056640625 0.041015625
0 0.4921875 0.765625 0.05078125 0.041015625
0 0.484375 0.73046875 0.0546875 0.041015625
0 0.486328125 0.689453125 0.06640625 0.046875
0 0.482421875 0.65625 0.0546875 0.044921875
0 0.4765625 0.62109375 0.052734375 0.0390625
0 0.46484375 0.587890625 0.060546875 0.05078125
0 0.46875 0.54296875 0.0546875 0.041015625
0 0.462890625 0.509765625 0.060546875 0.037109375
0 0.451171875 0.47265625 0.046875 0.0546875
0 0.443359375 0.400390625 0.052734375 0.052734375
0 0.423828125 0.314453125 0.072265625 0.0625
0 0.423828125 0.248046875 0.064453125 0.052734375
0 0.408203125 0.19140625 0.056640625 0.04296875
0 0.40234375 0.140625 0.052734375 0.05078125
0 0.37890625 0.08203125 0.078125 0.060546875
0 0.376953125 0.021484375 0.068359375 0.04296875
0 0.78515625 0.4296875 0.064453125 0.029296875
0 0.7890625 0.470703125 0.046875 0.025390625
0 0.7890625 0.4921875 0.04296875 0.021484375
0 0.79296875 0.515625 0.0390625 0.0234375
0 0.79296875 0.541015625 0.04296875 0.02734375
0 0.841796875 0.79296875 0.041015625 0.03125
0 0.849609375 0.82421875 0.03515625 0.0234375
0 0.828125 0.759765625 0.037109375 0.04296875
0 0.82421875 0.7265625 0.02734375 0.03515625
0 0.86328125 0.849609375 0.03515625 0.037109375
0 0.873046875 0.9140625 0.0390625 0.044921875
0 0.88671875 0.955078125 0.02734375 0.0234375
0 0.8984375 0.984375 0.03515625 0.029296875
0 0.0625 0.150390625 0.052734375 0.0390625
0 0.119140625 0.38671875 0.05859375 0.04296875
0 0.025390625 0.05859375 0.05078125 0.046875
0 0.01953125 0.017578125 0.0390625 0.03515625