0 0.3203125 0.2109375 0.0703125 0.0546875
0 0.33984375 0.138671875 0.05859375 0.05859375
0 0.27734375 0.150390625 0.05859375 0.0546875
0 0.251953125 0.037109375 0.0546875 0.0546875
0 0.2890625 0.017578125 0.0546875 0.03515625
0 0.341796875 0.013671875 0.0546875 0.02734375
0 0.369140625 0.0703125 0.0390625 0.05859375
0 0.359375 0.251953125 0.0546875 0.0390625
0 0.375 0.36328125 0.0546875 0.03125
0 0.373046875 0.337890625 0.046875 0.03125
0 0.37109375 0.3125 0.05859375 0.03125
0 0.37890625 0.28125 0.046875 0.0390625
0 0.384765625 0.62109375 0.0546875 0.046875
0 0.392578125 0.654296875 0.046875 0.03125
0 0.408203125 0.720703125 0.0546875 0.03125
0 0.4140625 0.75 0.0390625 0.03515625
0 0.42578125 0.880859375 0.0390625 0.046875
0 0.451171875 0.8671875 0.03125 0.046875
0 0.419921875 0.83984375 0.05859375 0.03515625
0 0.42578125 0.8125 0.078125 0.0390625
0 0.392578125 0.5078125 0.0390625 0.046875
0 0.3828125 0.548828125 0.05859375 0.0390625
0 0.380859375 0.58203125 0.046875 0.03125
0 0.392578125 0.4453125 0.046875 0.0390625
0 0.388671875 0.4140625 0.046875 0.046875
0 0.357421875 0.40234375 0.0390625 0.0546875
0 0.037109375 0.12109375 0.0390625 0.05078125
0 0.04296875 0.16796875 0.0390625 0.05859375
0 0.439453125 0.994140625 0.06640625 0.01171875
0 0.43359375 0.96875 0.05859375 0.02734375
0 0.4296875 0.9453125 0.04296875 0.0234375
0 0.431640625 0.923828125 0.0546875 0.01953125
0 0.43359375 0.908203125 0.0625 0.01953125
0 0.416015625 0.78125 0.0859375 0.03125
0 0.3984375 0.685546875 0.06640625 0.0390625
0 0.330078125 0.240234375 0.046875 0.0390625