0 0.68359375 0.548828125 0.0546875 0.0625
0 0.693359375 0.275390625 0.07421875 0.09375
0 0.939453125 0.30078125 0.046875 0.0390625
0 0.97265625 0.490234375 0.0390625 0.0546875
0 0.689453125 0.873046875 0.046875 0.05859375
0 0.708984375 0.912109375 0.046875 0.0546875
0 0.4765625 0.861328125 0.05078125 0.05859375
0 0.400390625 0.9375 0.0625 0.0703125
0 0.412109375 0.47265625 0.08203125 0.08203125
0 0.572265625 0.220703125 0.0546875 0.0390625
0 0.58203125 0.166015625 0.0546875 0.04296875
0 0.568359375 0.044921875 0.0546875 0.0390625
0 0.568359375 0.01171875 0.0390625 0.0234375
0 0.458984375 0.029296875 0.04296875 0.046875
0 0.578125 0.453125 0.0625 0.0625
0 0.576171875 0.375 0.0625 0.046875
0 0.572265625 0.275390625 0.0546875 0.05859375
0 0.576171875 0.337890625 0.0625 0.046875
0 0.470703125 0.33984375 0.046875 0.046875
0 0.888671875 0.849609375 0.1015625 0.1015625
0 0.484375 0.498046875 0.04296875 0.046875
0 0.4296875 0.390625 0.06640625 0.07421875
0 0.837890625 0.240234375 0.0859375 0.078125
0 0.666015625 0.43359375 0.07421875 0.05859375
0 0.58203125 0.56640625 0.078125 0.06640625
0 0.369140625 0.572265625 0.0625 0.0625
0 0.607421875 0.9609375 0.04296875 0.05078125
0 0.974609375 0.5390625 0.05078125 0.046875
0 0.8828125 0.734375 0.0390625 0.0546875
0 0.736328125 0.791015625 0.06640625 0.0625
0 0.375 0.4140625 0.046875 0.0546875
0 0.94140625 0.244140625 0.0390625 0.046875
0 0.81640625 0.076171875 0.0546875 0.03515625
0 0.138671875 0.357421875 0.07421875 0.0703125