0 0.498046875 0.51171875 0.08984375 0.0859375
0 0.68359375 0.60546875 0.0859375 0.09375
0 0.666015625 0.546875 0.0625 0.0546875
0 0.59765625 0.51171875 0.0703125 0.0390625
0 0.74609375 0.609375 0.05859375 0.0625
0 0.76171875 0.75 0.09375 0.1171875
0 0.81640625 0.697265625 0.078125 0.0859375
0 0.798828125 0.89453125 0.09765625 0.10546875
0 0.826171875 0.810546875 0.05078125 0.0625
0 0.91015625 0.896484375 0.078125 0.06640625
0 0.904296875 0.796875 0.078125 0.109375
0 0.89453125 0.978515625 0.0859375 0.04296875
0 0.974609375 0.97265625 0.05078125 0.0546875
0 0.685546875 0.671875 0.04296875 0.04296875