0 0.73828125 0.322265625 0.080078125 0.064453125
0 0.73828125 0.474609375 0.08203125 0.072265625
0 0.818359375 0.5390625 0.07421875 0.072265625
0 0.796875 0.666015625 0.076171875 0.076171875
0 0.8359375 0.71484375 0.0625 0.080078125
0 0.890625 0.837890625 0.083984375 0.0859375
0 0.939453125 0.919921875 0.083984375 0.091796875
0 0.958984375 0.142578125 0.0546875 0.060546875
0 0.72265625 0.236328125 0.05859375 0.068359375
0 0.7109375 0.16015625 0.064453125 0.0625
0 0.71484375 0.0390625 0.091796875 0.0625
0 0.634765625 0.318359375 0.068359375 0.107421875
0 0.62109375 0.025390625 0.0703125 0.05078125
0 0.6328125 0.912109375 0.072265625 0.06640625
0 0.6484375 0.841796875 0.080078125 0.060546875
0 0.6328125 0.22265625 0.05078125 0.0703125
0 0.6171875 0.08203125 0.0546875 0.04296875