0 0.453125 0.642578125 0.076171875 0.05859375
0 0.462890625 0.759765625 0.060546875 0.056640625
0 0.50390625 0.689453125 0.05078125 0.0546875
0 0.525390625 0.77734375 0.064453125 0.05078125
0 0.51171875 0.83984375 0.046875 0.046875
0 0.484375 0.91796875 0.060546875 0.0703125
0 0.537109375 0.92578125 0.068359375 0.04296875
0 0.427734375 0.458984375 0.072265625 0.05859375
0 0.38671875 0.326171875 0.0546875 0.052734375
0 0.443359375 0.294921875 0.072265625 0.064453125
0 0.42578125 0.2109375 0.095703125 0.0703125
0 0.357421875 0.14453125 0.052734375 0.0546875
0 0.830078125 0.8203125 0.056640625 0.04296875
0 0.837890625 0.87890625 0.060546875 0.05859375
0 0.93359375 0.923828125 0.072265625 0.06640625
0 0.876953125 0.9765625 0.048828125 0.044921875
0 0.53125 0.2265625 0.025390625 0.0234375
0 0.52734375 0.2578125 0.025390625 0.025390625
0 0.5234375 0.2890625 0.029296875 0.01953125
0 0.65625 0.140625 0.029296875 0.033203125
0 0.650390625 0.208984375 0.025390625 0.02734375
0 0.900390625 0.82421875 0.064453125 0.048828125