0 0.337890625 0.224609375 0.03125 0.05078125
0 0.337890625 0.123046875 0.0390625 0.0546875
0 0.30859375 0.126953125 0.0390625 0.04296875
0 0.12109375 0.021484375 0.0546875 0.0390625
0 0.04296875 0.017578125 0.0859375 0.03515625
0 0.015625 0.099609375 0.03125 0.046875
0 0.328125 0.525390625 0.03515625 0.0546875
0 0.35546875 0.525390625 0.0390625 0.046875
0 0.330078125 0.455078125 0.0390625 0.0546875
0 0.328125 0.41796875 0.03515625 0.03125
0 0.337890625 0.29296875 0.0390625 0.0703125
0 0.314453125 0.76953125 0.0234375 0.0390625
0 0.330078125 0.5859375 0.03125 0.0390625