0 0.392578125 0.064453125 0.068359375 0.068359375
0 0.447265625 0.158203125 0.076171875 0.076171875
0 0.447265625 0.30078125 0.076171875 0.078125
0 0.53515625 0.322265625 0.060546875 0.0703125
0 0.513671875 0.40234375 0.08203125 0.08203125
0 0.634765625 0.470703125 0.091796875 0.09765625
0 0.01171875 0.751953125 0.0234375 0.05078125
0 0.025390625 0.806640625 0.05078125 0.05078125
0 0.00390625 0.6796875 0.0078125 0.0390625
0 0.04296875 0.86328125 0.0546875 0.080078125
0 0.076171875 0.908203125 0.07421875 0.04296875
0 0.099609375 0.9609375 0.103515625 0.078125