0 0.5078125 0.2734375 0.056640625 0.033203125
0 0.513671875 0.306640625 0.046875 0.044921875
0 0.544921875 0.39453125 0.048828125 0.046875
0 0.5546875 0.44140625 0.046875 0.044921875
0 0.57421875 0.478515625 0.046875 0.0390625
0 0.615234375 0.736328125 0.056640625 0.04296875
0 0.6171875 0.705078125 0.05078125 0.04296875
0 0.63671875 0.8203125 0.041015625 0.0390625
0 0.62109375 0.787109375 0.05859375 0.03515625
0 0.650390625 0.87109375 0.041015625 0.041015625
0 0.6640625 0.9140625 0.056640625 0.04296875
0 0.44140625 0.107421875 0.05078125 0.04296875
0 0.45703125 0.150390625 0.04296875 0.03515625
0 0.470703125 0.19140625 0.0625 0.037109375
0 0.498046875 0.23828125 0.064453125 0.044921875
0 0.453125 0.248046875 0.04296875 0.033203125
0 0.423828125 0.068359375 0.033203125 0.03125
0 0.404296875 0.025390625 0.05859375 0.048828125