0 0.884765625 0.134765625 0.111328125 0.091796875
0 0.970703125 0.412109375 0.05859375 0.08984375
0 0.96484375 0.03125 0.0703125 0.0625
0 0.978515625 0.09375 0.041015625 0.068359375
0 0.7890625 0.568359375 0.056640625 0.052734375
0 0.736328125 0.453125 0.041015625 0.0546875
0 0.376953125 0.095703125 0.046875 0.044921875
0 0.42578125 0.048828125 0.1015625 0.037109375
0 0.501953125 0.1015625 0.04296875 0.0546875
0 0.482421875 0.072265625 0.04296875 0.0390625
0 0.330078125 0.064453125 0.064453125 0.0546875
0 0.3515625 0.150390625 0.048828125 0.0546875
0 0.322265625 0.16796875 0.044921875 0.046875
0 0.3828125 0.240234375 0.056640625 0.052734375
0 0.42578125 0.189453125 0.052734375 0.056640625
0 0.44921875 0.26171875 0.064453125 0.072265625
0 0.490234375 0.322265625 0.064453125 0.06640625
0 0.525390625 0.376953125 0.07421875 0.064453125
0 0.564453125 0.44140625 0.072265625 0.07421875
0 0.572265625 0.52734375 0.05859375 0.083984375
0 0.609375 0.51171875 0.0546875 0.0546875
0 0.654296875 0.57421875 0.048828125 0.046875
0 0.630859375 0.66015625 0.064453125 0.072265625
0 0.666015625 0.75390625 0.064453125 0.056640625
0 0.6875 0.69921875 0.064453125 0.06640625
0 0.69921875 0.63671875 0.0703125 0.06640625
0 0.751953125 0.703125 0.072265625 0.068359375
0 0.8359375 0.673828125 0.0546875 0.056640625
0 0.787109375 0.767578125 0.0703125 0.076171875
0 0.87109375 0.763671875 0.048828125 0.056640625
0 0.83984375 0.830078125 0.0703125 0.0703125
0 0.890625 0.912109375 0.068359375 0.064453125
0 0.9375 0.982421875 0.0625 0.03515625
0 0.1484375 0.15625 0.080078125 0.07421875
0 0.115234375 0.048828125 0.080078125 0.072265625
0 0.2421875 0.1328125 0.0390625 0.046875
0 0.283203125 0.267578125 0.0625 0.078125
0 0.197265625 0.412109375 0.07421875 0.076171875
0 0.212890625 0.4765625 0.0703125 0.076171875
0 0.2109375 0.576171875 0.076171875 0.08203125
0 0.28515625 0.5703125 0.080078125 0.078125
0 0.392578125 0.568359375 0.0859375 0.080078125
0 0.333984375 0.748046875 0.08203125 0.060546875
0 0.341796875 0.80859375 0.064453125 0.0625
0 0.3828125 0.92578125 0.087890625 0.080078125
0 0.537109375 0.8515625 0.072265625 0.052734375
0 0.2265625 0.87109375 0.078125 0.0703125
0 0.234375 0.9375 0.05078125 0.044921875
0 0.171875 0.70703125 0.064453125 0.064453125
0 0.05078125 0.15625 0.037109375 0.0390625
0 0.11328125 0.462890625 0.056640625 0.0625
0 0.1640625 0.2265625 0.0703125 0.0703125
0 0.064453125 0.845703125 0.080078125 0.076171875
0 0.033203125 0.59375 0.06640625 0.076171875
0 0.021484375 0.3125 0.04296875 0.0703125
0 0.021484375 0.248046875 0.04296875 0.05078125
0 0.015625 0.205078125 0.03125 0.052734375
0 0.03125 0.3828125 0.0625 0.064453125
0 0.029296875 0.439453125 0.05859375 0.06640625
0 0.03125 0.48828125 0.060546875 0.041015625
0 0.03515625 0.525390625 0.060546875 0.04296875
0 0.064453125 0.658203125 0.060546875 0.0390625
0 0.03125 0.646484375 0.04296875 0.052734375
0 0.064453125 0.626953125 0.0546875 0.044921875
0 0.072265625 0.69921875 0.060546875 0.044921875
0 0.072265625 0.73828125 0.0625 0.046875
0 0.0859375 0.771484375 0.068359375 0.037109375
0 0.099609375 0.798828125 0.052734375 0.04296875
0 0.107421875 0.8671875 0.046875 0.0390625
0 0.107421875 0.91015625 0.05078125 0.04296875