0 0.224609375 0.78125 0.07421875 0.0625
0 0.234375 0.896484375 0.0625 0.0625
0 0.150390625 0.71875 0.0625 0.0625
0 0.2421875 0.693359375 0.0625 0.0625
0 0.181640625 0.66796875 0.0546875 0.0546875
0 0.146484375 0.591796875 0.0703125 0.05859375
0 0.150390625 0.544921875 0.078125 0.0625
0 0.154296875 0.46484375 0.06640625 0.078125
0 0.142578125 0.19921875 0.0625 0.04296875
0 0.126953125 0.16796875 0.0703125 0.0390625
0 0.107421875 0.12890625 0.05859375 0.046875
0 0.08203125 0.095703125 0.0859375 0.04296875
0 0.0546875 0.03515625 0.1015625 0.05859375
0 0.171875 0.279296875 0.0546875 0.046875
0 0.17578125 0.3515625 0.05859375 0.0390625
0 0.19140625 0.3203125 0.0625 0.046875
0 0.263671875 0.9765625 0.0390625 0.0390625
0 0.953125 0.771484375 0.0625 0.05859375
0 0.94921875 0.6796875 0.05859375 0.06640625
0 0.927734375 0.52734375 0.0546875 0.06640625
0 0.931640625 0.43359375 0.05078125 0.0546875
0 0.931640625 0.142578125 0.0546875 0.0390625
0 0.892578125 0.18359375 0.0625 0.07421875
0 0.951171875 0.18359375 0.046875 0.046875
0 0.953125 0.220703125 0.046875 0.046875
0 0.958984375 0.2578125 0.0546875 0.0390625
0 0.96484375 0.294921875 0.0546875 0.0546875
0 0.970703125 0.521484375 0.0390625 0.0390625
0 0.953125 0.587890625 0.0546875 0.04296875
0 0.9765625 0.564453125 0.04296875 0.0390625
0 0.98046875 0.677734375 0.03125 0.05078125
0 0.986328125 0.771484375 0.02734375 0.0546875
0 0.931640625 0.607421875 0.0625 0.07421875
0 0.896484375 0.25390625 0.0546875 0.0625
0 0.900390625 0.044921875 0.05859375 0.0390625
0 0.90625 0.015625 0.05078125 0.03125
0 0.970703125 0.01953125 0.046875 0.0390625
0 0.9140625 0.068359375 0.0390625 0.0390625
0 0.923828125 0.103515625 0.05078125 0.04296875
0 0.9765625 0.09765625 0.046875 0.0390625
0 0.98046875 0.130859375 0.0390625 0.03125
0 0.021484375 0.958984375 0.04296875 0.0625