0 0.9453125 0.1015625 0.08203125 0.08203125
0 0.958984375 0.23828125 0.076171875 0.103515625
0 0.97265625 0.373046875 0.05078125 0.1015625
0 0.27734375 0.701171875 0.044921875 0.041015625
0 0.28515625 0.357421875 0.05078125 0.048828125
0 0.291015625 0.212890625 0.056640625 0.033203125
0 0.28125 0.177734375 0.052734375 0.048828125
0 0.275390625 0.630859375 0.046875 0.033203125
0 0.27734375 0.5859375 0.0546875 0.052734375
0 0.26953125 0.755859375 0.0625 0.056640625
0 0.251953125 0.859375 0.052734375 0.0625
0 0.2578125 0.806640625 0.05078125 0.05078125
0 0.265625 0.673828125 0.048828125 0.041015625
0 0.251953125 0.939453125 0.0390625 0.0546875