0 0.775390625 0.21875 0.072265625 0.064453125
0 0.765625 0.103515625 0.0625 0.060546875
0 0.849609375 0.28125 0.060546875 0.0625
0 0.7578125 0.306640625 0.064453125 0.0625
0 0.818359375 0.33203125 0.0546875 0.052734375
0 0.853515625 0.408203125 0.0703125 0.05859375
0 0.849609375 0.455078125 0.080078125 0.060546875
0 0.845703125 0.53515625 0.064453125 0.078125
0 0.857421875 0.80078125 0.0625 0.04296875
0 0.873046875 0.83203125 0.068359375 0.041015625
0 0.892578125 0.87109375 0.060546875 0.044921875
0 0.91796875 0.904296875 0.087890625 0.041015625
0 0.9453125 0.96484375 0.099609375 0.05859375
0 0.828125 0.720703125 0.052734375 0.044921875
0 0.82421875 0.6484375 0.05859375 0.0390625
0 0.80859375 0.6796875 0.064453125 0.046875
0 0.736328125 0.0234375 0.041015625 0.037109375
0 0.046875 0.228515625 0.060546875 0.05859375
0 0.05078125 0.3203125 0.05859375 0.06640625
0 0.072265625 0.47265625 0.056640625 0.06640625
0 0.068359375 0.56640625 0.05078125 0.056640625
0 0.068359375 0.857421875 0.0546875 0.037109375
0 0.107421875 0.81640625 0.060546875 0.07421875
0 0.048828125 0.81640625 0.048828125 0.046875
0 0.046875 0.779296875 0.044921875 0.044921875
0 0.041015625 0.7421875 0.052734375 0.041015625
0 0.03515625 0.705078125 0.052734375 0.056640625
0 0.029296875 0.478515625 0.041015625 0.041015625
0 0.046875 0.412109375 0.0546875 0.04296875
0 0.0234375 0.435546875 0.04296875 0.041015625
0 0.01953125 0.322265625 0.033203125 0.05078125
0 0.013671875 0.228515625 0.02734375 0.0546875
0 0.068359375 0.392578125 0.0625 0.07421875
0 0.103515625 0.74609375 0.056640625 0.064453125
0 0.099609375 0.955078125 0.05859375 0.0390625
0 0.09375 0.984375 0.05078125 0.029296875
0 0.029296875 0.98046875 0.048828125 0.0390625
0 0.0859375 0.931640625 0.041015625 0.037109375
0 0.076171875 0.896484375 0.05078125 0.04296875
0 0.0234375 0.90234375 0.046875 0.041015625
0 0.01953125 0.869140625 0.0390625 0.033203125
0 0.978515625 0.041015625 0.041015625 0.0625