0 0.744140625 0.89453125 0.078125 0.06640625
0 0.78125 0.77734375 0.0703125 0.0703125
0 0.80078125 0.654296875 0.0859375 0.05859375
0 0.814453125 0.50390625 0.09375 0.078125
0 0.822265625 0.4296875 0.0703125 0.0859375
0 0.830078125 0.341796875 0.0703125 0.0859375
0 0.837890625 0.228515625 0.0625 0.078125
0 0.78515625 0.05078125 0.09375 0.09375
0 0.515625 0.142578125 0.06640625 0.0625
0 0.4375 0.08203125 0.078125 0.08203125
0 0.57421875 0.021484375 0.07421875 0.04296875
0 0.345703125 0.150390625 0.078125 0.078125
0 0.2421875 0.2265625 0.0625 0.078125
0 0.126953125 0.314453125 0.0703125 0.0703125