0 0.931640625 0.03515625 0.072265625 0.05859375
0 0.921875 0.072265625 0.064453125 0.04296875
0 0.91015625 0.123046875 0.064453125 0.0546875
0 0.90625 0.1640625 0.0625 0.052734375
0 0.8984375 0.212890625 0.068359375 0.048828125
0 0.8828125 0.26953125 0.06640625 0.0625
0 0.869140625 0.322265625 0.076171875 0.056640625
0 0.857421875 0.373046875 0.05859375 0.06640625
0 0.8515625 0.435546875 0.080078125 0.05859375
0 0.841796875 0.51953125 0.072265625 0.060546875
0 0.837890625 0.55859375 0.068359375 0.05078125
0 0.83203125 0.609375 0.0625 0.068359375
0 0.794921875 0.697265625 0.0625 0.072265625
0 0.84765625 0.724609375 0.052734375 0.05078125
0 0.765625 0.892578125 0.0703125 0.056640625
0 0.484375 0.248046875 0.0546875 0.044921875
0 0.48046875 0.294921875 0.04296875 0.04296875
0 0.490234375 0.34765625 0.046875 0.052734375
0 0.521484375 0.30078125 0.046875 0.048828125
0 0.580078125 0.240234375 0.052734375 0.05078125
0 0.529296875 0.220703125 0.03515625 0.033203125
0 0.591796875 0.30078125 0.056640625 0.04296875
0 0.580078125 0.3515625 0.064453125 0.064453125
0 0.8828125 0.62109375 0.05859375 0.05859375
0 0.771484375 0.98828125 0.056640625 0.0234375
0 0.982421875 0.947265625 0.03515625 0.064453125