0 0.953125 0.697265625 0.06640625 0.078125
0 0.943359375 0.896484375 0.046875 0.03125
0 0.943359375 0.955078125 0.05078125 0.05078125
0 0.876953125 0.943359375 0.09375 0.078125
0 0.935546875 0.55859375 0.0625 0.0546875
0 0.873046875 0.458984375 0.0625 0.0625
0 0.876953125 0.35546875 0.0546875 0.0546875
0 0.9375 0.234375 0.046875 0.046875
0 0.85546875 0.80859375 0.0390625 0.0390625
0 0.8515625 0.767578125 0.0390625 0.02734375
0 0.853515625 0.724609375 0.03125 0.0234375
0 0.859375 0.68359375 0.0390625 0.046875
0 0.857421875 0.640625 0.046875 0.0390625
0 0.853515625 0.6015625 0.0390625 0.03515625
0 0.873046875 0.5703125 0.0625 0.046875
0 0.857421875 0.51171875 0.04296875 0.0390625
0 0.84375 0.275390625 0.03515625 0.03515625
0 0.8515625 0.142578125 0.0859375 0.07421875
0 0.845703125 0.052734375 0.0703125 0.0625
0 0.75 0.78125 0.05078125 0.0546875
0 0.693359375 0.595703125 0.0546875 0.0703125
0 0.681640625 0.341796875 0.0859375 0.08203125
0 0.703125 0.072265625 0.109375 0.08203125
0 0.21875 0.8515625 0.08203125 0.0859375
0 0.15625 0.513671875 0.1015625 0.09765625
0 0.208984375 0.212890625 0.0859375 0.0703125
0 0.37109375 0.95703125 0.03515625 0.046875
0 0.271484375 0.98828125 0.0390625 0.0234375
0 0.259765625 0.9609375 0.04296875 0.03515625
0 0.173828125 0.806640625 0.03125 0.046875
0 0.173828125 0.767578125 0.03125 0.03125
0 0.169921875 0.736328125 0.02734375 0.03125
0 0.169921875 0.7109375 0.03125 0.0234375
0 0.166015625 0.681640625 0.0390625 0.03125
0 0.16015625 0.650390625 0.0390625 0.0234375
0 0.150390625 0.619140625 0.04296875 0.03125
0 0.150390625 0.591796875 0.03125 0.0234375
0 0.146484375 0.564453125 0.04296875 0.0390625
0 0.154296875 0.447265625 0.0546875 0.0390625
0 0.154296875 0.470703125 0.03125 0.03125
0 0.103515625 0.37109375 0.0390625 0.0625
0 0.21484375 0.0234375 0.078125 0.046875
0 0.2109375 0.078125 0.02734375 0.03515625
0 0.2109375 0.099609375 0.03515625 0.03125
0 0.22265625 0.125 0.03125 0.02734375
0 0.1640625 0.109375 0.0390625 0.05859375
0 0.376953125 0.501953125 0.06640625 0.0546875
0 0.208984375 0.16015625 0.03515625 0.0234375
0 0.1875 0.255859375 0.03515625 0.02734375
0 0.181640625 0.29296875 0.03125 0.03125
0 0.177734375 0.32421875 0.03125 0.03125
0 0.16796875 0.34765625 0.046875 0.03125
0 0.1640625 0.380859375 0.04296875 0.03515625
0 0.15625 0.4140625 0.046875 0.03125
0 0.603515625 0.984375 0.03125 0.02734375
0 0.59765625 0.94140625 0.0390625 0.03515625
0 0.595703125 0.908203125 0.03125 0.03125
0 0.587890625 0.87109375 0.03515625 0.0390625
0 0.576171875 0.833984375 0.03125 0.03125
0 0.57421875 0.787109375 0.0390625 0.03125
0 0.572265625 0.74609375 0.046875 0.046875
0 0.572265625 0.703125 0.04296875 0.046875
0 0.56640625 0.658203125 0.04296875 0.0390625
0 0.56640625 0.62109375 0.046875 0.0390625
0 0.5625 0.58203125 0.05078125 0.03515625
0 0.373046875 0.431640625 0.0546875 0.046875
0 0.423828125 0.90625 0.0546875 0.0546875
0 0.388671875 0.703125 0.05859375 0.05859375
0 0.380859375 0.626953125 0.0703125 0.0703125
0 0.41015625 0.830078125 0.0625 0.046875
0 0.369140625 0.318359375 0.04296875 0.04296875
0 0.47265625 0.62890625 0.05859375 0.05859375
0 0.3671875 0.234375 0.03125 0.046875
0 0.37109375 0.1171875 0.04296875 0.0390625
0 0.357421875 0.0234375 0.0546875 0.046875
0 0.556640625 0.541015625 0.046875 0.0390625
0 0.5625 0.501953125 0.05859375 0.046875
0 0.556640625 0.466796875 0.0390625 0.03515625
0 0.552734375 0.431640625 0.03515625 0.0390625
0 0.548828125 0.396484375 0.046875 0.0390625
0 0.54296875 0.36328125 0.0546875 0.0390625
0 0.533203125 0.322265625 0.046875 0.03515625
0 0.537109375 0.287109375 0.0546875 0.0390625
0 0.529296875 0.255859375 0.0390625 0.03125
0 0.529296875 0.21875 0.0546875 0.046875
0 0.525390625 0.1796875 0.04296875 0.046875
0 0.51953125 0.009765625 0.0390625 0.01953125
0 0.517578125 0.037109375 0.04296875 0.02734375
0 0.5234375 0.0703125 0.046875 0.03125
0 0.517578125 0.10546875 0.046875 0.046875
0 0.521484375 0.140625 0.0390625 0.0390625