0 0.099609375 0.458984375 0.05078125 0.046875
0 0.1015625 0.53125 0.0625 0.07421875
0 0.095703125 0.59765625 0.0625 0.0703125
0 0.099609375 0.67578125 0.0546875 0.078125
0 0.111328125 0.74609375 0.0625 0.05859375
0 0.076171875 0.74609375 0.0390625 0.0625
0 0.134765625 0.806640625 0.0625 0.06640625
0 0.107421875 0.873046875 0.0546875 0.0625
0 0.115234375 0.923828125 0.05078125 0.046875
0 0.11328125 0.97265625 0.0390625 0.0546875
0 0.17578125 0.98046875 0.04296875 0.0390625
0 0.171875 0.904296875 0.03515625 0.0390625
0 0.16015625 0.85546875 0.046875 0.05078125
0 0.173828125 0.9453125 0.046875 0.046875
0 0.03515625 0.314453125 0.0390625 0.046875
0 0.044921875 0.44140625 0.0703125 0.0703125
0 0.04296875 0.6015625 0.06640625 0.078125
0 0.03125 0.541015625 0.05078125 0.046875
0 0.044921875 0.50390625 0.05078125 0.0546875
0 0.009765625 0.318359375 0.01953125 0.06640625