0 0.0390625 0.919921875 0.07421875 0.109375
0 0.38671875 0.876953125 0.05078125 0.05078125
0 0.34765625 0.837890625 0.04296875 0.02734375
0 0.3515625 0.796875 0.046875 0.046875
0 0.400390625 0.935546875 0.0625 0.046875
0 0.419921875 0.978515625 0.0625 0.0390625
0 0.4765625 0.783203125 0.12109375 0.125
0 0.404296875 0.509765625 0.109375 0.109375
0 0.357421875 0.283203125 0.0859375 0.0859375
0 0.603515625 0.14453125 0.09375 0.08203125
0 0.693359375 0.42578125 0.08984375 0.0859375
0 0.787109375 0.650390625 0.08203125 0.07421875
0 0.857421875 0.841796875 0.08984375 0.078125
0 0.35546875 0.69140625 0.0546875 0.06640625
0 0.349609375 0.63671875 0.0625 0.046875
0 0.564453125 0.986328125 0.09765625 0.02734375
0 0.966796875 0.1796875 0.06640625 0.09765625
0 0.275390625 0.0234375 0.09375 0.046875
0 0.341796875 0.740234375 0.05078125 0.046875