0 0.740234375 0.22265625 0.1015625 0.103515625
0 0.7734375 0.841796875 0.09375 0.0859375
0 0.892578125 0.59375 0.078125 0.08984375
0 0.6328125 0.712890625 0.1015625 0.087890625
0 0.33203125 0.560546875 0.087890625 0.078125
0 0.9453125 0.419921875 0.072265625 0.06640625
0 0.64453125 0.4609375 0.07421875 0.080078125
0 0.240234375 0.9375 0.09375 0.087890625
0 0.6171875 0.58203125 0.095703125 0.099609375
0 0.376953125 0.67578125 0.1015625 0.08203125
0 0.443359375 0.900390625 0.080078125 0.08203125
0 0.42578125 0.796875 0.091796875 0.0859375
0 0.95703125 0.57421875 0.0703125 0.072265625
0 0.744140625 0.90625 0.08203125 0.080078125
0 0.734375 0.966796875 0.0859375 0.06640625
0 0.955078125 0.654296875 0.078125 0.078125
0 0.287109375 0.455078125 0.078125 0.07421875
0 0.974609375 0.25390625 0.05078125 0.078125
0 0.9140625 0.271484375 0.064453125 0.056640625
0 0.962890625 0.3359375 0.0703125 0.080078125
0 0.53125 0.552734375 0.06640625 0.078125
0 0.482421875 0.98046875 0.09375 0.0390625
0 0.56640625 0.49609375 0.0703125 0.052734375
0 0.248046875 0.369140625 0.095703125 0.08203125
0 0.830078125 0.662109375 0.078125 0.060546875
0 0.916015625 0.205078125 0.06640625 0.05859375
0 0.892578125 0.349609375 0.0703125 0.080078125
0 0.572265625 0.333984375 0.095703125 0.095703125
0 0.97265625 0.48046875 0.04296875 0.072265625
0 0.7734375 0.57421875 0.123046875 0.123046875
0 0.98046875 0.134765625 0.037109375 0.08203125
0 0.94140625 0.498046875 0.064453125 0.064453125
0 0.166015625 0.21484375 0.091796875 0.06640625
0 0.96484375 0.185546875 0.064453125 0.05078125