0 0.419921875 0.634765625 0.06640625 0.083984375
0 0.408203125 0.49609375 0.0625 0.046875
0 0.423828125 0.22265625 0.08203125 0.06640625
0 0.427734375 0.361328125 0.06640625 0.083984375
0 0.453125 0.10546875 0.076171875 0.064453125
0 0.439453125 0.171875 0.080078125 0.05078125
0 0.43359375 0.298828125 0.060546875 0.0390625
0 0.4296875 0.265625 0.048828125 0.03515625
0 0.416015625 0.53125 0.0625 0.05078125
0 0.412109375 0.78515625 0.060546875 0.060546875
0 0.41796875 0.72265625 0.05859375 0.052734375
0 0.40234375 0.935546875 0.041015625 0.05078125
0 0.439453125 0.85546875 0.05859375 0.052734375
0 0.51171875 0.01953125 0.0546875 0.0390625