0 0.208984375 0.46875 0.046875 0.044921875
0 0.19140625 0.525390625 0.04296875 0.052734375
0 0.16015625 0.931640625 0.07421875 0.078125
0 0.16015625 0.986328125 0.052734375 0.02734375
0 0.708984375 0.4921875 0.052734375 0.048828125
0 0.1875 0.587890625 0.0546875 0.07421875
0 0.181640625 0.64453125 0.0390625 0.0625
0 0.21484375 0.416015625 0.048828125 0.044921875
0 0.24609375 0.1171875 0.03515625 0.03125
0 0.244140625 0.154296875 0.03125 0.0234375
0 0.23046875 0.17578125 0.033203125 0.02734375
0 0.2734375 0.03515625 0.064453125 0.03125