0 0.892578125 0.017578125 0.0546875 0.03515625
0 0.935546875 0.08984375 0.046875 0.0546875
0 0.9140625 0.40234375 0.068359375 0.060546875
0 0.712890625 0.216796875 0.0859375 0.083984375
0 0.9453125 0.97265625 0.07421875 0.052734375
0 0.83984375 0.7890625 0.07421875 0.07421875
0 0.744140625 0.61328125 0.05859375 0.0703125
0 0.65625 0.462890625 0.076171875 0.0703125
0 0.546875 0.294921875 0.076171875 0.068359375
0 0.474609375 0.17578125 0.068359375 0.07421875
0 0.3828125 0.03125 0.08203125 0.0625
0 0.30078125 0.193359375 0.078125 0.07421875
0 0.14453125 0.21484375 0.087890625 0.068359375
0 0.0625 0.38671875 0.107421875 0.083984375
0 0.05859375 0.55859375 0.07421875 0.0703125
0 0.05859375 0.658203125 0.103515625 0.09375
0 0.009765625 0.6796875 0.01953125 0.0625
0 0.0703125 0.873046875 0.068359375 0.078125
0 0.146484375 0.87890625 0.083984375 0.09765625
0 0.23828125 0.810546875 0.109375 0.080078125
0 0.310546875 0.66796875 0.091796875 0.080078125
0 0.158203125 0.390625 0.056640625 0.06640625
0 0.26953125 0.431640625 0.09765625 0.111328125
0 0.427734375 0.703125 0.083984375 0.0703125
0 0.5703125 0.92578125 0.123046875 0.111328125
0 0.40625 0.9140625 0.08984375 0.1015625
0 0.642578125 0.865234375 0.06640625 0.07421875
0 0.703125 0.869140625 0.0703125 0.072265625
0 0.48046875 0.505859375 0.078125 0.068359375
0 0.38671875 0.3515625 0.0703125 0.068359375
0 0.572265625 0.658203125 0.0703125 0.09375
0 0.537109375 0.822265625 0.05859375 0.041015625
0 0.6328125 0.984375 0.048828125 0.03125
0 0.513671875 0.783203125 0.0546875 0.05078125
0 0.486328125 0.75390625 0.0546875 0.04296875
0 0.474609375 0.724609375 0.046875 0.041015625
0 0.419921875 0.6328125 0.048828125 0.02734375
0 0.408203125 0.607421875 0.056640625 0.0390625
0 0.38671875 0.568359375 0.044921875 0.037109375
0 0.37890625 0.5390625 0.048828125 0.046875
0 0.35546875 0.501953125 0.044921875 0.05078125
0 0.33203125 0.462890625 0.04296875 0.046875
0 0.27734375 0.359375 0.0625 0.048828125
0 0.2578125 0.330078125 0.048828125 0.0390625
0 0.244140625 0.30078125 0.05859375 0.044921875
0 0.21484375 0.265625 0.044921875 0.033203125
0 0.193359375 0.236328125 0.048828125 0.029296875
0 0.1484375 0.142578125 0.060546875 0.0546875
0 0.814453125 0.16015625 0.044921875 0.052734375
0 0.12890625 0.107421875 0.05078125 0.033203125