0 0.09375 0.693359375 0.05078125 0.0703125
0 0.126953125 0.771484375 0.0625 0.0546875
0 0.294921875 0.98828125 0.06640625 0.0234375
0 0.271484375 0.935546875 0.078125 0.07421875
0 0.224609375 0.974609375 0.0703125 0.05078125
0 0.244140625 0.87109375 0.0625 0.0703125
0 0.2109375 0.80078125 0.078125 0.0625
0 0.181640625 0.74609375 0.0859375 0.0625
0 0.154296875 0.673828125 0.0859375 0.0859375
0 0.115234375 0.611328125 0.0703125 0.07421875
0 0.087890625 0.546875 0.05859375 0.0546875
0 0.0546875 0.48828125 0.0625 0.0625
0 0.033203125 0.41796875 0.06640625 0.0625
0 0.013671875 0.3515625 0.02734375 0.0625
0 0.025390625 0.171875 0.05078125 0.0546875
0 0.05859375 0.234375 0.05078125 0.04296875
0 0.017578125 0.232421875 0.03515625 0.0625
0 0.07421875 0.3125 0.05859375 0.046875
0 0.09765625 0.3984375 0.0625 0.0625
0 0.12109375 0.49609375 0.06640625 0.0703125
0 0.169921875 0.546875 0.0625 0.0546875
0 0.2109375 0.611328125 0.0546875 0.046875
0 0.248046875 0.67578125 0.05859375 0.05859375
0 0.09765625 0.205078125 0.0546875 0.0625
0 0.126953125 0.1953125 0.046875 0.0546875
0 0.162109375 0.2421875 0.0703125 0.0546875
0 0.21875 0.203125 0.07421875 0.0703125
0 0.365234375 0.75 0.0703125 0.0625
0 0.283203125 0.755859375 0.0546875 0.05859375
0 0.31640625 0.830078125 0.0625 0.0625
0 0.35546875 0.9140625 0.0546875 0.05859375
0 0.388671875 0.982421875 0.0546875 0.03515625
0 0.6484375 0.962890625 0.13671875 0.0703125
0 0.603515625 0.90625 0.1015625 0.0703125
0 0.5703125 0.861328125 0.0859375 0.0546875
0 0.51953125 0.78125 0.11328125 0.109375
0 0.47265625 0.7109375 0.08203125 0.0625
0 0.4375 0.65234375 0.0859375 0.0625
0 0.40625 0.59375 0.0859375 0.046875
0 0.376953125 0.548828125 0.078125 0.05859375
0 0.271484375 0.47265625 0.09375 0.0703125
0 0.283203125 0.40625 0.0703125 0.0390625
0 0.24609375 0.35546875 0.05859375 0.0546875
0 0.19921875 0.28515625 0.0703125 0.0703125
0 0.396484375 0.5 0.0625 0.0625
0 0.40625 0.4375 0.07421875 0.05859375
0 0.412109375 0.384765625 0.0625 0.046875
0 0.3984375 0.330078125 0.09375 0.0625
0 0.36328125 0.27734375 0.0625 0.0703125
0 0.30859375 0.265625 0.046875 0.0703125
0 0.255859375 0.271484375 0.0546875 0.0703125
0 0.029296875 0.07421875 0.05859375 0.10546875
0 0.9375 0.943359375 0.0625 0.0546875
0 0.8984375 0.908203125 0.06640625 0.0546875
0 0.87890625 0.796875 0.0625 0.0546875
0 0.8359375 0.65625 0.0625 0.0625
0 0.794921875 0.509765625 0.0546875 0.0625
0 0.953125 0.517578125 0.078125 0.0703125
0 0.98046875 0.3359375 0.0390625 0.0859375
0 0.9453125 0.240234375 0.0546875 0.0546875
0 0.833984375 0.1796875 0.05078125 0.046875
0 0.880859375 0.05078125 0.07421875 0.0859375
0 0.669921875 0.03515625 0.078125 0.0625
0 0.69921875 0.140625 0.06640625 0.0625
0 0.705078125 0.232421875 0.0703125 0.0703125
0 0.744140625 0.337890625 0.0625 0.07421875
0 0.189453125 0.345703125 0.0390625 0.046875
0 0.216796875 0.380859375 0.01953125 0.03125
0 0.298828125 0.36328125 0.0546875 0.0390625
0 0.23046875 0.416015625 0.04296875 0.03125