0 0.333984375 0.990234375 0.015625 0.015625
0 0.333984375 0.97265625 0.015625 0.015625
0 0.337890625 0.955078125 0.01953125 0.015625
0 0.33984375 0.94140625 0.01953125 0.015625
0 0.333984375 0.919921875 0.015625 0.015625
0 0.33984375 0.900390625 0.015625 0.0078125
0 0.341796875 0.884765625 0.0078125 0.015625
0 0.345703125 0.8671875 0.015625 0.01171875
0 0.349609375 0.857421875 0.015625 0.015625
0 0.34765625 0.99609375 0.0234375 0.0078125
0 0.353515625 0.982421875 0.015625 0.0078125
0 0.35546875 0.96484375 0.015625 0.0078125
0 0.361328125 0.939453125 0.015625 0.015625
0 0.361328125 0.919921875 0.0234375 0.015625
0 0.36328125 0.900390625 0.01171875 0.015625
0 0.373046875 0.85546875 0.01953125 0.02734375
0 0.37109375 0.818359375 0.015625 0.0234375
0 0.3671875 0.728515625 0.0234375 0.015625
0 0.365234375 0.744140625 0.0234375 0.015625
0 0.37109375 0.65234375 0.0234375 0.01953125
0 0.37109375 0.6328125 0.01953125 0.015625
0 0.373046875 0.6171875 0.015625 0.015625
0 0.375 0.6015625 0.0234375 0.015625
0 0.380859375 0.564453125 0.0234375 0.015625
0 0.37890625 0.55078125 0.0234375 0.015625
0 0.37890625 0.53125 0.02734375 0.0234375
0 0.39453125 0.390625 0.0234375 0.03125
0 0.396484375 0.341796875 0.0234375 0.03125
0 0.396484375 0.310546875 0.015625 0.015625
0 0.400390625 0.294921875 0.015625 0.0078125
0 0.408203125 0.279296875 0.015625 0.01171875
0 0.43359375 0.2734375 0.015625 0.015625
0 0.4296875 0.287109375 0.01171875 0.01171875
0 0.423828125 0.30078125 0.015625 0.01171875
0 0.419921875 0.3125 0.01171875 0.015625
0 0.419921875 0.33203125 0.015625 0.015625
0 0.419921875 0.345703125 0.01171875 0.01171875
0 0.421875 0.361328125 0.015625 0.015625
0 0.408203125 0.451171875 0.01171875 0.01171875
0 0.404296875 0.494140625 0.0078125 0.015625
0 0.4140625 0.4140625 0.015625 0.015625
0 0.412109375 0.248046875 0.015625 0.01171875
0 0.408203125 0.263671875 0.0078125 0.01171875
0 0.4296875 0.255859375 0.015625 0.015625
0 0.439453125 0.23046875 0.01953125 0.0078125
0 0.43359375 0.240234375 0.0234375 0.015625
0 0.419921875 0.228515625 0.015625 0.0234375
0 0.42578125 0.125 0.015625 0.0546875