0 0.662109375 0.775390625 0.03125 0.05078125
0 0.662109375 0.876953125 0.0390625 0.0546875
0 0.69140625 0.873046875 0.0390625 0.04296875
0 0.87890625 0.978515625 0.0546875 0.0390625
0 0.95703125 0.982421875 0.0859375 0.03125
0 0.984375 0.900390625 0.03125 0.046875
0 0.671875 0.474609375 0.03515625 0.0546875
0 0.64453125 0.474609375 0.0390625 0.046875
0 0.669921875 0.544921875 0.0390625 0.0546875
0 0.671875 0.58203125 0.03515625 0.03125
0 0.662109375 0.70703125 0.0390625 0.0703125
0 0.685546875 0.23046875 0.0234375 0.0390625
0 0.669921875 0.4140625 0.03125 0.0390625