0 0.767578125 0.3046875 0.05859375 0.0703125
0 0.80859375 0.060546875 0.08203125 0.08203125
0 0.720703125 0.060546875 0.0703125 0.0859375
0 0.59765625 0.025390625 0.0703125 0.05078125
0 0.9296875 0.181640625 0.0625 0.06640625
0 0.75 0.509765625 0.0625 0.06640625
0 0.802734375 0.595703125 0.0859375 0.0625
0 0.921875 0.443359375 0.0546875 0.0546875
0 0.865234375 0.546875 0.05859375 0.0546875
0 0.974609375 0.01953125 0.046875 0.0390625
0 0.90625 0.021484375 0.0625 0.0390625
0 0.826171875 0.203125 0.0390625 0.0546875
0 0.787109375 0.216796875 0.0625 0.046875
0 0.705078125 0.26171875 0.046875 0.05859375