0 0.201171875 0.267578125 0.083984375 0.0703125
0 0.40234375 0.0546875 0.07421875 0.068359375
0 0.427734375 0.126953125 0.052734375 0.0625
0 0.453125 0.1953125 0.06640625 0.052734375
0 0.478515625 0.26171875 0.052734375 0.046875
0 0.50390625 0.328125 0.068359375 0.05078125
0 0.53125 0.396484375 0.095703125 0.07421875
0 0.552734375 0.4765625 0.078125 0.0625
0 0.380859375 0.560546875 0.068359375 0.068359375
0 0.1015625 0.431640625 0.03515625 0.04296875
0 0.009765625 0.6484375 0.01953125 0.064453125
0 0.044921875 0.87109375 0.0703125 0.056640625
0 0.0625 0.953125 0.0703125 0.064453125
0 0.09375 0.986328125 0.0625 0.02734375
0 0.126953125 0.486328125 0.05078125 0.05078125
0 0.150390625 0.5390625 0.08984375 0.064453125
0 0.177734375 0.59375 0.1015625 0.08984375
0 0.20703125 0.642578125 0.04296875 0.037109375
0 0.228515625 0.6875 0.041015625 0.033203125
0 0.251953125 0.744140625 0.080078125 0.05078125
0 0.28515625 0.798828125 0.103515625 0.060546875
0 0.533203125 0.861328125 0.048828125 0.060546875
0 0.470703125 0.744140625 0.037109375 0.0390625
0 0.6875 0.21484375 0.046875 0.046875
0 0.802734375 0.453125 0.0390625 0.046875
0 0.298828125 0.849609375 0.080078125 0.060546875
0 0.353515625 0.908203125 0.138671875 0.15234375
0 0.396484375 0.978515625 0.10546875 0.04296875
0 0.58203125 0.54296875 0.052734375 0.05859375
0 0.55078125 0.583984375 0.0625 0.060546875
0 0.5234375 0.65234375 0.06640625 0.06640625
0 0.541015625 0.740234375 0.06640625 0.0625
0 0.572265625 0.83203125 0.060546875 0.060546875
0 0.609375 0.90625 0.0546875 0.05859375
0 0.64453125 0.982421875 0.0546875 0.03515625
0 0.60546875 0.609375 0.07421875 0.060546875
0 0.623046875 0.685546875 0.1171875 0.103515625
0 0.677734375 0.794921875 0.10546875 0.140625
0 0.7109375 0.90234375 0.064453125 0.060546875
0 0.740234375 0.96875 0.083984375 0.0625
0 0.837890625 0.896484375 0.0625 0.07421875
0 0.775390625 0.923828125 0.07421875 0.04296875
0 0.77734375 0.87890625 0.0546875 0.046875
0 0.77734375 0.833984375 0.068359375 0.041015625
0 0.775390625 0.791015625 0.0546875 0.046875
0 0.765625 0.75 0.060546875 0.056640625
0 0.759765625 0.69921875 0.04296875 0.044921875
0 0.75 0.6484375 0.0546875 0.048828125
0 0.71875 0.6171875 0.0546875 0.060546875
0 0.6796875 0.5859375 0.0546875 0.052734375
0 0.634765625 0.5625 0.041015625 0.060546875