0 0.7578125 0.3984375 0.06640625 0.05859375
0 0.775390625 0.52734375 0.0546875 0.046875
0 0.744140625 0.248046875 0.0546875 0.05078125
0 0.69140625 0.109375 0.0390625 0.03125
0 0.650390625 0.048828125 0.04296875 0.03125
0 0.19140625 0.427734375 0.0390625 0.0390625
0 0.19140625 0.384765625 0.04296875 0.046875
0 0.166015625 0.212890625 0.05078125 0.0390625
0 0.15625 0.177734375 0.05078125 0.046875
0 0.15234375 0.11328125 0.0703125 0.05078125
0 0.154296875 0.029296875 0.0625 0.05859375
0 0.177734375 0.3203125 0.046875 0.046875
0 0.201171875 0.529296875 0.04296875 0.0390625
0 0.203125 0.673828125 0.0546875 0.03515625
0 0.19921875 0.642578125 0.046875 0.02734375
0 0.240234375 0.802734375 0.05078125 0.0625
0 0.18359375 0.77734375 0.04296875 0.04296875
0 0.783203125 0.65625 0.046875 0.046875
0 0.798828125 0.765625 0.046875 0.0546875
0 0.8203125 0.9296875 0.05078125 0.05859375
0 0.779296875 0.73046875 0.0390625 0.03125
0 0.7890625 0.615234375 0.04296875 0.03515625