0 0.84375 0.541015625 0.068359375 0.08203125
0 0.859375 0.447265625 0.0546875 0.05859375
0 0.85546875 0.3515625 0.052734375 0.06640625
0 0.853515625 0.271484375 0.046875 0.068359375
0 0.8671875 0.021484375 0.056640625 0.04296875
0 0.857421875 0.166015625 0.05078125 0.04296875
0 0.859375 0.646484375 0.05078125 0.072265625
0 0.849609375 0.59375 0.064453125 0.0546875
0 0.853515625 0.712890625 0.052734375 0.06640625
0 0.85546875 0.79296875 0.06640625 0.06640625
0 0.87109375 0.86328125 0.05859375 0.06640625
0 0.876953125 0.923828125 0.060546875 0.060546875
0 0.89453125 0.984375 0.060546875 0.03125
0 0.873046875 0.115234375 0.033203125 0.05078125