0 0.708984375 0.70703125 0.05859375 0.05859375
0 0.7421875 0.8046875 0.0703125 0.08984375
0 0.70703125 0.8203125 0.05859375 0.06640625
0 0.876953125 0.892578125 0.068359375 0.052734375
0 0.87890625 0.962890625 0.064453125 0.052734375
0 0.865234375 0.6640625 0.052734375 0.05859375
0 0.84375 0.705078125 0.0703125 0.05078125
0 0.814453125 0.66015625 0.044921875 0.037109375
0 0.744140625 0.65625 0.0625 0.083984375
0 0.80859375 0.587890625 0.0625 0.052734375
0 0.85546875 0.59765625 0.060546875 0.0546875
0 0.814453125 0.447265625 0.060546875 0.056640625
0 0.75390625 0.39453125 0.056640625 0.06640625
0 0.712890625 0.201171875 0.06640625 0.060546875
0 0.763671875 0.31640625 0.0546875 0.0546875
0 0.708984375 0.4375 0.0390625 0.037109375
0 0.748046875 0.453125 0.083984375 0.048828125
0 0.6875 0.08203125 0.048828125 0.05859375
0 0.701171875 0.142578125 0.060546875 0.0625
0 0.73046875 0.2578125 0.060546875 0.0625