0 0.4921875 0.7265625 0.0546875 0.03125
0 0.486328125 0.693359375 0.046875 0.046875
0 0.455078125 0.60546875 0.046875 0.046875
0 0.4453125 0.55859375 0.046875 0.046875
0 0.42578125 0.521484375 0.046875 0.0390625
0 0.384765625 0.263671875 0.05859375 0.04296875
0 0.3828125 0.294921875 0.05078125 0.04296875
0 0.36328125 0.1796875 0.0390625 0.0390625
0 0.37890625 0.212890625 0.05859375 0.03515625
0 0.349609375 0.12890625 0.0390625 0.0390625
0 0.3359375 0.0859375 0.0546875 0.04296875
0 0.55859375 0.892578125 0.05078125 0.04296875
0 0.54296875 0.849609375 0.04296875 0.03515625
0 0.529296875 0.80859375 0.0625 0.0390625
0 0.501953125 0.76171875 0.0625 0.046875
0 0.546875 0.751953125 0.04296875 0.03125
0 0.576171875 0.931640625 0.03125 0.03125
0 0.595703125 0.974609375 0.05859375 0.046875