0 0.94921875 0.88671875 0.060546875 0.06640625
0 0.927734375 0.9375 0.08203125 0.05859375
0 0.91796875 0.978515625 0.064453125 0.041015625
0 0.958984375 0.83984375 0.0546875 0.041015625
0 0.962890625 0.8046875 0.0546875 0.048828125
0 0.97265625 0.763671875 0.0546875 0.05859375
0 0.98046875 0.712890625 0.037109375 0.064453125
0 0.015625 0.861328125 0.029296875 0.072265625
0 0.083984375 0.7421875 0.0546875 0.04296875
0 0.19921875 0.466796875 0.056640625 0.04296875
0 0.279296875 0.3125 0.056640625 0.048828125
0 0.255859375 0.35546875 0.05859375 0.048828125
0 0.400390625 0.15234375 0.05859375 0.046875
0 0.42578125 0.119140625 0.068359375 0.044921875
0 0.44921875 0.07421875 0.07421875 0.0546875
0 0.49609375 0.04296875 0.0625 0.068359375
0 0.021484375 0.939453125 0.041015625 0.068359375