0 0.28515625 0.58203125 0.0390625 0.03515625
0 0.31640625 0.6328125 0.0390625 0.03125
0 0.333984375 0.66015625 0.04296875 0.03125
0 0.357421875 0.6953125 0.0390625 0.03515625
0 0.390625 0.755859375 0.0390625 0.046875
0 0.4140625 0.8046875 0.03515625 0.04296875
0 0.427734375 0.837890625 0.03515625 0.046875
0 0.44140625 0.90625 0.03515625 0.0390625
0 0.470703125 0.939453125 0.0703125 0.046875
0 0.2109375 0.51953125 0.03125 0.03125
0 0.203125 0.490234375 0.04296875 0.03515625
0 0.16015625 0.451171875 0.046875 0.0390625
0 0.123046875 0.412109375 0.05859375 0.0703125
0 0.05078125 0.337890625 0.046875 0.03125
0 0.03515625 0.298828125 0.05859375 0.046875
0 0.017578125 0.267578125 0.03515625 0.04296875
0 0.03515625 0.201171875 0.0703125 0.078125