0 0.90625 0.306640625 0.05078125 0.068359375
0 0.873046875 0.228515625 0.060546875 0.0546875
0 0.705078125 0.01171875 0.06640625 0.0234375
0 0.728515625 0.064453125 0.076171875 0.07421875
0 0.775390625 0.025390625 0.0703125 0.05078125
0 0.755859375 0.12890625 0.0625 0.072265625
0 0.7890625 0.19921875 0.076171875 0.060546875
0 0.818359375 0.25390625 0.087890625 0.064453125
0 0.845703125 0.326171875 0.0859375 0.0859375
0 0.884765625 0.388671875 0.0703125 0.07421875
0 0.912109375 0.453125 0.056640625 0.0546875
0 0.9453125 0.51171875 0.064453125 0.0625
0 0.966796875 0.58203125 0.06640625 0.0625
0 0.986328125 0.6484375 0.02734375 0.0625
0 0.974609375 0.828125 0.05078125 0.052734375
0 0.94140625 0.765625 0.048828125 0.041015625
0 0.982421875 0.767578125 0.03515625 0.0625
0 0.92578125 0.6875 0.05859375 0.046875
0 0.90234375 0.6015625 0.060546875 0.064453125
0 0.87890625 0.50390625 0.06640625 0.068359375
0 0.830078125 0.453125 0.060546875 0.0546875
0 0.7890625 0.388671875 0.052734375 0.048828125
0 0.751953125 0.32421875 0.05859375 0.05859375
0 0.90234375 0.794921875 0.052734375 0.060546875
0 0.873046875 0.8046875 0.046875 0.052734375
0 0.837890625 0.7578125 0.072265625 0.052734375
0 0.78125 0.796875 0.076171875 0.0703125
0 0.634765625 0.25 0.0703125 0.060546875
0 0.716796875 0.244140625 0.052734375 0.05859375
0 0.68359375 0.169921875 0.060546875 0.060546875
0 0.64453125 0.0859375 0.0546875 0.05859375
0 0.611328125 0.017578125 0.056640625 0.03515625
0 0.3515625 0.037109375 0.13671875 0.072265625
0 0.396484375 0.09375 0.1015625 0.0703125
0 0.4296875 0.138671875 0.0859375 0.0546875
0 0.48046875 0.21875 0.11328125 0.111328125
0 0.52734375 0.2890625 0.08203125 0.0625
0 0.5625 0.34765625 0.083984375 0.064453125
0 0.59375 0.40625 0.087890625 0.048828125
0 0.623046875 0.451171875 0.076171875 0.05859375
0 0.728515625 0.52734375 0.09375 0.068359375
0 0.716796875 0.59375 0.068359375 0.041015625
0 0.75390625 0.64453125 0.056640625 0.056640625
0 0.80078125 0.71484375 0.072265625 0.0703125
0 0.603515625 0.5 0.0625 0.064453125
0 0.59375 0.5625 0.07421875 0.05859375
0 0.587890625 0.615234375 0.060546875 0.048828125
0 0.6015625 0.669921875 0.09375 0.064453125
0 0.63671875 0.72265625 0.0625 0.072265625
0 0.69140625 0.734375 0.044921875 0.072265625
0 0.744140625 0.728515625 0.0546875 0.0703125
0 0.970703125 0.92578125 0.056640625 0.10546875
0 0.0625 0.056640625 0.060546875 0.056640625
0 0.1015625 0.091796875 0.06640625 0.056640625
0 0.12109375 0.203125 0.064453125 0.056640625
0 0.1640625 0.34375 0.064453125 0.064453125
0 0.205078125 0.490234375 0.056640625 0.0625
0 0.046875 0.482421875 0.076171875 0.0703125
0 0.01953125 0.6640625 0.0390625 0.0859375
0 0.0546875 0.759765625 0.056640625 0.0546875
0 0.166015625 0.8203125 0.05078125 0.046875
0 0.119140625 0.94921875 0.072265625 0.083984375
0 0.330078125 0.96484375 0.076171875 0.064453125
0 0.30078125 0.859375 0.06640625 0.060546875
0 0.294921875 0.767578125 0.0703125 0.0703125
0 0.255859375 0.662109375 0.064453125 0.072265625
0 0.810546875 0.654296875 0.037109375 0.044921875
0 0.783203125 0.619140625 0.017578125 0.029296875
0 0.701171875 0.63671875 0.052734375 0.041015625
0 0.76953125 0.583984375 0.04296875 0.033203125