0 0.287109375 0.7734375 0.078125 0.0703125
0 0.296875 0.970703125 0.0859375 0.05859375
0 0.275390625 0.689453125 0.08984375 0.09375
0 0.267578125 0.55859375 0.078125 0.09375
0 0.2578125 0.3984375 0.07421875 0.0703125
0 0.1875 0.2109375 0.0390625 0.04296875
0 0.193359375 0.158203125 0.0546875 0.0625
0 0.244140625 0.11328125 0.06640625 0.0625
0 0.212890625 0.083984375 0.0390625 0.0390625
0 0.2265625 0.01953125 0.0859375 0.0390625
0 0.2421875 0.255859375 0.05859375 0.06640625
0 0.181640625 0.31640625 0.0546875 0.05859375
0 0.16015625 0.2734375 0.0546875 0.0703125
0 0.111328125 0.26953125 0.046875 0.05078125
0 0.08984375 0.216796875 0.04296875 0.0546875
0 0.025390625 0.115234375 0.05078125 0.0703125
0 0.029296875 0.19140625 0.046875 0.0625
0 0.4375 0.841796875 0.05078125 0.0625
0 0.37890625 0.8671875 0.046875 0.05859375
0 0.341796875 0.837890625 0.046875 0.0625
0 0.109375 0.77734375 0.05859375 0.0625
0 0.080078125 0.8359375 0.04296875 0.0390625
0 0.24609375 0.330078125 0.05078125 0.0625
0 0.30859375 0.44140625 0.0625 0.0625
0 0.234375 0.451171875 0.05078125 0.0546875
0 0.861328125 0.7578125 0.0625 0.078125
0 0.9296875 0.771484375 0.05078125 0.05078125
0 0.9296875 0.6796875 0.04296875 0.046875
0 0.603515625 0.42578125 0.04296875 0.046875
0 0.599609375 0.345703125 0.05078125 0.05078125
0 0.626953125 0.2109375 0.0703125 0.0625
0 0.626953125 0.154296875 0.0859375 0.078125
0 0.48046875 0.1328125 0.05859375 0.0546875
0 0.458984375 0.271484375 0.05078125 0.0546875
0 0.466796875 0.439453125 0.0390625 0.0390625
0 0.14453125 0.62890625 0.04296875 0.046875
0 0.048828125 0.478515625 0.0546875 0.0625
0 0.033203125 0.42578125 0.06640625 0.0703125
0 0.076171875 0.431640625 0.04296875 0.0390625
0 0.1328125 0.482421875 0.046875 0.07421875
0 0.4375 0.904296875 0.0625 0.0625
0 0.37109375 0.6171875 0.05859375 0.05859375
0 0.431640625 0.80078125 0.02734375 0.02734375
0 0.427734375 0.763671875 0.046875 0.03125