0 0.865234375 0.533203125 0.0703125 0.0703125
0 0.810546875 0.734375 0.078125 0.06640625
0 0.8125 0.669921875 0.0859375 0.078125
0 0.388671875 0.03515625 0.046875 0.03515625
0 0.03125 0.3203125 0.03125 0.0234375
0 0.029296875 0.294921875 0.0234375 0.0234375
0 0.029296875 0.271484375 0.03515625 0.015625
0 0.025390625 0.244140625 0.02734375 0.0234375
0 0.025390625 0.19921875 0.0234375 0.01953125
0 0.01953125 0.162109375 0.0234375 0.01953125
0 0.013671875 0.134765625 0.0234375 0.0234375
0 0.009765625 0.115234375 0.01953125 0.01953125
0 0.009765625 0.0859375 0.01953125 0.03125
0 0.009765625 0.046875 0.01953125 0.03125
0 0.009765625 0.021484375 0.01953125 0.02734375
0 0.072265625 0.12109375 0.03515625 0.0234375
0 0.08203125 0.1484375 0.0390625 0.015625
0 0.697265625 0.203125 0.0625 0.05078125
0 0.65625 0.13671875 0.05859375 0.08203125