0 0.09375 0.38671875 0.0546875 0.0859375
0 0.033203125 0.3671875 0.03515625 0.0390625
0 0.037109375 0.412109375 0.046875 0.0390625
0 0.0625 0.478515625 0.048828125 0.048828125
0 0.974609375 0.4921875 0.05078125 0.060546875
0 0.94140625 0.494140625 0.03515625 0.048828125
0 0.12109375 0.509765625 0.03515625 0.0390625
0 0.046875 0.525390625 0.04296875 0.044921875
0 0.0234375 0.232421875 0.033203125 0.037109375
0 0.033203125 0.283203125 0.0390625 0.03515625
0 0.02734375 0.255859375 0.029296875 0.02734375
0 0.0234375 0.181640625 0.044921875 0.0390625
0 0.04296875 0.220703125 0.04296875 0.037109375
0 0.052734375 0.3203125 0.044921875 0.048828125
0 0.0390625 0.447265625 0.0390625 0.03125
0 0.03125 0.470703125 0.037109375 0.0390625
0 0.087890625 0.63671875 0.041015625 0.044921875
0 0.05078125 0.57421875 0.044921875 0.037109375
0 0.01953125 0.150390625 0.029296875 0.02734375
0 0.06640625 0.16796875 0.052734375 0.0703125
0 0.017578125 0.125 0.029296875 0.02734375
0 0.01953125 0.099609375 0.02734375 0.03125
0 0.033203125 0.1171875 0.03125 0.029296875
0 0.037109375 0.087890625 0.029296875 0.0234375
0 0.0859375 0.05078125 0.037109375 0.033203125
0 0.41796875 0.212890625 0.041015625 0.046875
0 0.412109375 0.03125 0.056640625 0.046875
0 0.015625 0.072265625 0.01953125 0.021484375
0 0.037109375 0.060546875 0.01953125 0.017578125
0 0.013671875 0.052734375 0.025390625 0.021484375
0 0.033203125 0.0390625 0.0234375 0.029296875
0 0.013671875 0.0234375 0.01953125 0.01953125
0 0.029296875 0.01171875 0.025390625 0.021484375
0 0.068359375 0.017578125 0.0390625 0.029296875