0 0.2421875 0.6015625 0.06640625 0.05859375
0 0.224609375 0.47265625 0.0546875 0.046875
0 0.255859375 0.751953125 0.0546875 0.05078125
0 0.30859375 0.890625 0.0390625 0.03125
0 0.349609375 0.951171875 0.04296875 0.03125
0 0.80859375 0.572265625 0.0390625 0.0390625
0 0.80859375 0.615234375 0.0390625 0.046875
0 0.833984375 0.787109375 0.05078125 0.0390625
0 0.84375 0.822265625 0.05078125 0.046875
0 0.84765625 0.88671875 0.0703125 0.05078125
0 0.845703125 0.970703125 0.0625 0.05859375
0 0.822265625 0.6796875 0.046875 0.046875
0 0.798828125 0.470703125 0.04296875 0.0390625
0 0.796875 0.326171875 0.0546875 0.03515625
0 0.80078125 0.357421875 0.046875 0.02734375
0 0.759765625 0.197265625 0.05078125 0.0625
0 0.81640625 0.22265625 0.04296875 0.04296875
0 0.216796875 0.34375 0.046875 0.046875
0 0.201171875 0.234375 0.046875 0.0546875
0 0.1796875 0.0703125 0.046875 0.05859375
0 0.220703125 0.26953125 0.0390625 0.03125
0 0.2109375 0.384765625 0.04296875 0.03515625