0 0.4296875 0.095703125 0.076171875 0.07421875
0 0.4140625 0.171875 0.08203125 0.07421875
0 0.341796875 0.205078125 0.05859375 0.0546875
0 0.380859375 0.23828125 0.064453125 0.064453125
0 0.84375 0.62890625 0.07421875 0.087890625
0 0.560546875 0.025390625 0.07421875 0.05078125
0 0.32421875 0.33984375 0.07421875 0.060546875
0 0.24609375 0.525390625 0.05078125 0.06640625
0 0.302734375 0.55859375 0.0625 0.0546875
0 0.20703125 0.455078125 0.0703125 0.044921875
0 0.173828125 0.6640625 0.07421875 0.068359375
0 0.099609375 0.787109375 0.076171875 0.078125
0 0.04296875 0.900390625 0.08203125 0.095703125
0 0.75 0.9453125 0.0546875 0.048828125
0 0.30078125 0.4453125 0.080078125 0.072265625
0 0.84765625 0.412109375 0.068359375 0.07421875