0 0.291015625 0.8828125 0.091796875 0.09375
0 0.939453125 0.875 0.08203125 0.080078125
0 0.763671875 0.904296875 0.09375 0.09375
0 0.201171875 0.6875 0.09375 0.0859375
0 0.978515625 0.744140625 0.04296875 0.060546875
0 0.8671875 0.77734375 0.080078125 0.080078125
0 0.0234375 0.27734375 0.044921875 0.072265625
0 0.12890625 0.16015625 0.080078125 0.07421875
0 0.1875 0.349609375 0.07421875 0.072265625
0 0.91796875 0.33203125 0.078125 0.080078125
0 0.287109375 0.2578125 0.09375 0.103515625
0 0.392578125 0.48046875 0.115234375 0.111328125
0 0.603515625 0.630859375 0.091796875 0.091796875
0 0.7109375 0.515625 0.091796875 0.09375
0 0.5859375 0.845703125 0.1171875 0.109375
0 0.408203125 0.017578125 0.087890625 0.03515625
0 0.939453125 0.068359375 0.07421875 0.072265625
0 0.5546875 0.25 0.09375 0.099609375
0 0.802734375 0.12890625 0.060546875 0.06640625
0 0.111328125 0.494140625 0.099609375 0.087890625
0 0.666015625 0.16796875 0.1015625 0.095703125
0 0.701171875 0.314453125 0.048828125 0.044921875
0 0.361328125 0.1484375 0.099609375 0.09375
0 0.787109375 0.390625 0.087890625 0.095703125
0 0.9296875 0.529296875 0.05859375 0.05859375
0 0.85546875 0.4140625 0.052734375 0.048828125
0 0.47265625 0.357421875 0.078125 0.080078125
0 0.73828125 0.21875 0.04296875 0.04296875
0 0.884765625 0.455078125 0.05859375 0.05078125
0 0.6328125 0.076171875 0.041015625 0.03515625
0 0.5703125 0.04296875 0.1328125 0.0859375
0 0.751953125 0.265625 0.05078125 0.052734375
0 0.96484375 0.5703125 0.06640625 0.052734375
0 0.953125 0.666015625 0.09375 0.107421875
0 0.859375 0.55859375 0.05078125 0.04296875
0 0.830078125 0.52734375 0.052734375 0.037109375
0 0.81640625 0.49609375 0.048828125 0.03515625
0 0.798828125 0.46484375 0.037109375 0.03515625
0 0.775390625 0.4453125 0.029296875 0.02734375
0 0.71875 0.3515625 0.05859375 0.041015625
0 0.701171875 0.279296875 0.044921875 0.029296875
0 0.794921875 0.302734375 0.06640625 0.05078125
0 0.80859375 0.337890625 0.0703125 0.05078125
0 0.912109375 0.494140625 0.078125 0.068359375
0 0.681640625 0.099609375 0.03125 0.044921875
0 0.625 0.10546875 0.03125 0.0390625
0 0.65234375 0.111328125 0.03125 0.0390625
0 0.76953125 0.025390625 0.03125 0.01953125
0 0.7734375 0.044921875 0.033203125 0.021484375
0 0.69140625 0.01171875 0.041015625 0.021484375