0 0.9609375 0.080078125 0.07421875 0.109375
0 0.61328125 0.123046875 0.05078125 0.05078125
0 0.65234375 0.162109375 0.04296875 0.02734375
0 0.6484375 0.203125 0.046875 0.046875
0 0.599609375 0.064453125 0.06640625 0.046875
0 0.580078125 0.021484375 0.0625 0.0390625
0 0.5234375 0.216796875 0.12109375 0.125
0 0.595703125 0.490234375 0.109375 0.109375
0 0.642578125 0.716796875 0.0859375 0.0859375
0 0.396484375 0.85546875 0.09375 0.08203125
0 0.306640625 0.57421875 0.08984375 0.0859375
0 0.212890625 0.349609375 0.08203125 0.07421875
0 0.142578125 0.158203125 0.08984375 0.078125
0 0.64453125 0.30859375 0.0546875 0.06640625
0 0.650390625 0.36328125 0.0625 0.046875
0 0.435546875 0.013671875 0.09765625 0.02734375
0 0.033203125 0.8203125 0.06640625 0.09765625
0 0.724609375 0.9765625 0.09375 0.046875
0 0.658203125 0.259765625 0.05078125 0.046875