0 0.046875 0.302734375 0.06640625 0.076171875
0 0.056640625 0.103515625 0.044921875 0.033203125
0 0.056640625 0.044921875 0.05078125 0.05078125
0 0.123046875 0.056640625 0.091796875 0.080078125
0 0.064453125 0.44140625 0.064453125 0.0546875
0 0.126953125 0.541015625 0.064453125 0.0625
0 0.123046875 0.64453125 0.0546875 0.056640625
0 0.0625 0.765625 0.046875 0.044921875
0 0.14453125 0.19140625 0.041015625 0.0390625
0 0.1484375 0.232421875 0.0390625 0.02734375
0 0.146484375 0.275390625 0.03125 0.025390625
0 0.140625 0.31640625 0.037109375 0.044921875
0 0.142578125 0.359375 0.048828125 0.041015625
0 0.146484375 0.3984375 0.041015625 0.03515625
0 0.126953125 0.4296875 0.0625 0.048828125
0 0.142578125 0.48828125 0.04296875 0.037109375
0 0.15625 0.724609375 0.03515625 0.03515625
0 0.1484375 0.857421875 0.083984375 0.07421875
0 0.154296875 0.947265625 0.0703125 0.0625
0 0.25 0.21875 0.05078125 0.0546875
0 0.306640625 0.404296875 0.0546875 0.068359375
0 0.318359375 0.658203125 0.0859375 0.08203125
0 0.296875 0.927734375 0.107421875 0.08203125
0 0.78125 0.1484375 0.08203125 0.083984375
0 0.84375 0.486328125 0.103515625 0.09765625
0 0.791015625 0.787109375 0.0859375 0.072265625
0 0.62890625 0.04296875 0.03515625 0.046875
0 0.728515625 0.01171875 0.0390625 0.0234375
0 0.740234375 0.0390625 0.04296875 0.03515625
0 0.826171875 0.193359375 0.03125 0.048828125
0 0.826171875 0.232421875 0.03125 0.03125
0 0.830078125 0.263671875 0.02734375 0.033203125
0 0.830078125 0.2890625 0.03125 0.0234375
0 0.833984375 0.318359375 0.0390625 0.03125
0 0.83984375 0.349609375 0.037109375 0.025390625
0 0.849609375 0.380859375 0.04296875 0.03125
0 0.849609375 0.408203125 0.03125 0.021484375
0 0.853515625 0.435546875 0.04296875 0.0390625
0 0.845703125 0.552734375 0.056640625 0.0390625
0 0.845703125 0.529296875 0.029296875 0.03125
0 0.896484375 0.62890625 0.0390625 0.060546875
0 0.78515625 0.9765625 0.080078125 0.044921875
0 0.7890625 0.921875 0.02734375 0.03515625
0 0.7890625 0.900390625 0.03515625 0.033203125
0 0.77734375 0.875 0.033203125 0.02734375
0 0.8359375 0.890625 0.041015625 0.05859375
0 0.623046875 0.498046875 0.06640625 0.0546875
0 0.791015625 0.83984375 0.033203125 0.025390625
0 0.8125 0.744140625 0.03515625 0.02734375
0 0.818359375 0.70703125 0.03125 0.029296875
0 0.822265625 0.67578125 0.03125 0.029296875
0 0.83203125 0.65234375 0.046875 0.03125
0 0.8359375 0.619140625 0.041015625 0.03515625
0 0.84375 0.5859375 0.044921875 0.03125
0 0.396484375 0.015625 0.033203125 0.02734375
0 0.40234375 0.05859375 0.0390625 0.03515625
0 0.404296875 0.091796875 0.033203125 0.03125
0 0.412109375 0.12890625 0.03515625 0.041015625
0 0.423828125 0.166015625 0.03125 0.029296875
0 0.42578125 0.212890625 0.041015625 0.033203125
0 0.427734375 0.25390625 0.048828125 0.048828125
0 0.427734375 0.296875 0.04296875 0.046875
0 0.43359375 0.341796875 0.04296875 0.037109375
0 0.43359375 0.37890625 0.044921875 0.0390625
0 0.4375 0.41796875 0.05078125 0.03515625
0 0.626953125 0.568359375 0.052734375 0.048828125
0 0.576171875 0.09375 0.056640625 0.052734375
0 0.611328125 0.296875 0.056640625 0.05859375
0 0.619140625 0.373046875 0.0703125 0.068359375
0 0.58984375 0.169921875 0.0625 0.044921875
0 0.630859375 0.681640625 0.04296875 0.04296875
0 0.52734375 0.37109375 0.05859375 0.05859375
0 0.6328125 0.765625 0.029296875 0.044921875
0 0.62890625 0.8828125 0.04296875 0.037109375
0 0.642578125 0.9765625 0.052734375 0.044921875
0 0.443359375 0.458984375 0.048828125 0.0390625
0 0.4375 0.498046875 0.05859375 0.046875
0 0.443359375 0.533203125 0.0390625 0.03515625
0 0.447265625 0.568359375 0.03515625 0.0390625
0 0.451171875 0.603515625 0.046875 0.037109375
0 0.45703125 0.63671875 0.056640625 0.037109375
0 0.466796875 0.677734375 0.044921875 0.03515625
0 0.462890625 0.712890625 0.052734375 0.037109375
0 0.470703125 0.744140625 0.0390625 0.03125
0 0.470703125 0.78125 0.052734375 0.044921875
0 0.474609375 0.8203125 0.04296875 0.044921875
0 0.48046875 0.990234375 0.0390625 0.01953125
0 0.482421875 0.962890625 0.04296875 0.02734375
0 0.4765625 0.9296875 0.044921875 0.03125
0 0.482421875 0.89453125 0.044921875 0.044921875
0 0.478515625 0.859375 0.0390625 0.037109375