0 0.681640625 0.107421875 0.08203125 0.078125
0 0.767578125 0.220703125 0.08984375 0.1015625
0 0.849609375 0.31640625 0.11328125 0.09765625
0 0.966796875 0.322265625 0.06640625 0.08984375
0 0.890625 0.2265625 0.078125 0.0625
0 0.8515625 0.177734375 0.078125 0.0703125
0 0.80078125 0.126953125 0.09375 0.0703125
0 0.74609375 0.06640625 0.109375 0.078125
0 0.7265625 0.4453125 0.08203125 0.08984375
0 0.654296875 0.46484375 0.08984375 0.09375
0 0.83203125 0.666015625 0.0703125 0.05859375
0 0.876953125 0.61328125 0.0703125 0.0703125
0 0.94140625 0.833984375 0.06640625 0.0625
0 0.880859375 0.94140625 0.0703125 0.05859375
0 0.439453125 0.197265625 0.078125 0.07421875
0 0.525390625 0.306640625 0.078125 0.078125
0 0.564453125 0.57421875 0.0703125 0.0625
0 0.65234375 0.60546875 0.0703125 0.078125
0 0.7109375 0.7109375 0.05859375 0.0625
0 0.515625 0.767578125 0.078125 0.0625
0 0.5703125 0.892578125 0.08203125 0.0859375
0 0.47265625 0.908203125 0.078125 0.07421875
0 0.51953125 0.95703125 0.0703125 0.0625
0 0.650390625 0.89453125 0.0859375 0.0625
0 0.658203125 0.939453125 0.0703125 0.05078125
0 0.6953125 0.966796875 0.0390625 0.0390625
0 0.53125 0.64453125 0.0703125 0.0703125
0 0.44921875 0.62109375 0.078125 0.0625
0 0.439453125 0.7421875 0.0703125 0.0625
0 0.681640625 0.84765625 0.0546875 0.0625
0 0.76953125 0.82421875 0.0625 0.0390625
0 0.634765625 0.8203125 0.0625 0.0625
0 0.578125 0.798828125 0.0546875 0.05859375
0 0.587890625 0.751953125 0.046875 0.046875
0 0.599609375 0.66796875 0.0625 0.0625
0 0.62890625 0.73046875 0.0546875 0.03125
0 0.63671875 0.759765625 0.0625 0.0390625
0 0.373046875 0.455078125 0.0703125 0.046875
0 0.40625 0.5234375 0.0546875 0.0390625
0 0.3359375 0.529296875 0.0625 0.06640625
0 0.35546875 0.599609375 0.05859375 0.05078125
0 0.4609375 0.568359375 0.0625 0.04296875
0 0.28515625 0.419921875 0.07421875 0.05859375
0 0.224609375 0.251953125 0.0625 0.0546875
0 0.29296875 0.34765625 0.0703125 0.0625
0 0.103515625 0.025390625 0.0625 0.046875
0 0.1328125 0.064453125 0.0546875 0.046875
0 0.1015625 0.1015625 0.0546875 0.0390625
0 0.228515625 0.21484375 0.078125 0.046875
0 0.18359375 0.142578125 0.046875 0.046875
0 0.201171875 0.177734375 0.0546875 0.046875
0 0.158203125 0.185546875 0.0625 0.0546875
0 0.14453125 0.130859375 0.046875 0.046875
0 0.40625 0.818359375 0.0625 0.0546875