0 0.078125 0.75390625 0.0859375 0.09375
0 0.095703125 0.48828125 0.0859375 0.078125
0 0.146484375 0.267578125 0.0546875 0.0546875
0 0.1171875 0.328125 0.046875 0.0546875
0 0.021484375 0.6484375 0.04296875 0.0625
0 0.099609375 0.634765625 0.0546875 0.0703125
0 0.197265625 0.029296875 0.06640625 0.05859375
0 0.150390625 0.07421875 0.046875 0.05078125
0 0.02734375 0.35546875 0.0546875 0.05859375
0 0.025390625 0.41015625 0.05078125 0.0546875
0 0.0546875 0.640625 0.046875 0.05078125
0 0.044921875 0.6875 0.05859375 0.0546875
0 0.220703125 0.88671875 0.0546875 0.046875
0 0.076171875 0.869140625 0.0390625 0.04296875
0 0.158203125 0.19140625 0.06640625 0.0625
0 0.099609375 0.12890625 0.0546875 0.06640625
0 0.224609375 0.134765625 0.0546875 0.0390625
0 0.236328125 0.18359375 0.05078125 0.046875
0 0.232421875 0.216796875 0.05859375 0.0546875
0 0.119140625 0.419921875 0.0546875 0.0625
0 0.0859375 0.384765625 0.05078125 0.0703125
0 0.1953125 0.458984375 0.0546875 0.0390625
0 0.0859375 0.5625 0.03515625 0.046875
0 0.078125 0.828125 0.0390625 0.046875
0 0.16015625 0.77734375 0.046875 0.04296875
0 0.015625 0.546875 0.03125 0.1015625
0 0.2265625 0.25390625 0.046875 0.04296875
0 0.16015625 0.119140625 0.046875 0.0390625
0 0.14453125 0.15625 0.04296875 0.046875
0 0.193359375 0.111328125 0.046875 0.0390625
0 0.201171875 0.36328125 0.0625 0.0546875