0 0.083984375 0.021484375 0.05078125 0.04296875
0 0.12890625 0.03125 0.046875 0.0546875
0 0.091796875 0.0546875 0.0546875 0.0390625
0 0.091796875 0.091796875 0.044921875 0.03515625
0 0.099609375 0.7109375 0.05078125 0.0390625
0 0.099609375 0.6796875 0.046875 0.0390625
0 0.10546875 0.751953125 0.05859375 0.03125
0 0.10546875 0.78125 0.06640625 0.037109375
0 0.10546875 0.8125 0.044921875 0.033203125
0 0.107421875 0.83984375 0.072265625 0.04296875
0 0.10546875 0.87109375 0.07421875 0.0390625
0 0.099609375 0.904296875 0.05859375 0.048828125
0 0.107421875 0.978515625 0.041015625 0.041015625
0 0.13671875 0.51171875 0.048828125 0.0625
0 0.126953125 0.451171875 0.0390625 0.03515625
0 0.126953125 0.421875 0.041015625 0.0390625
0 0.12890625 0.384765625 0.05078125 0.0390625
0 0.119140625 0.35546875 0.033203125 0.03515625
0 0.142578125 0.34375 0.041015625 0.044921875
0 0.958984375 0.162109375 0.0703125 0.078125
0 0.115234375 0.330078125 0.0390625 0.03515625
0 0.10546875 0.306640625 0.04296875 0.03515625
0 0.103515625 0.26953125 0.046875 0.03125
0 0.109375 0.240234375 0.037109375 0.03515625
0 0.107421875 0.216796875 0.03515625 0.037109375
0 0.1015625 0.18359375 0.037109375 0.03125
0 0.09765625 0.162109375 0.0390625 0.03125
0 0.095703125 0.134765625 0.046875 0.041015625
0 0.140625 0.595703125 0.046875 0.046875
0 0.052734375 0.83984375 0.029296875 0.0234375
0 0.052734375 0.8671875 0.021484375 0.017578125
0 0.052734375 0.896484375 0.021484375 0.017578125
0 0.05078125 0.923828125 0.01953125 0.01953125
0 0.041015625 0.982421875 0.041015625 0.03515625