0 0.921875 0.24609375 0.0859375 0.09375
0 0.904296875 0.51171875 0.087890625 0.076171875
0 0.853515625 0.732421875 0.052734375 0.052734375
0 0.8828125 0.671875 0.046875 0.056640625
0 0.978515625 0.3515625 0.041015625 0.0625
0 0.900390625 0.365234375 0.052734375 0.072265625
0 0.802734375 0.970703125 0.06640625 0.05859375
0 0.849609375 0.92578125 0.046875 0.05078125
0 0.97265625 0.64453125 0.052734375 0.05859375
0 0.974609375 0.58984375 0.05078125 0.0546875
0 0.9453125 0.359375 0.046875 0.05078125
0 0.955078125 0.3125 0.05859375 0.0546875
0 0.779296875 0.11328125 0.052734375 0.048828125
0 0.923828125 0.130859375 0.041015625 0.04296875
0 0.841796875 0.80859375 0.06640625 0.0625
0 0.900390625 0.87109375 0.0546875 0.06640625
0 0.775390625 0.865234375 0.052734375 0.0390625
0 0.763671875 0.81640625 0.05078125 0.044921875
0 0.767578125 0.783203125 0.060546875 0.056640625
0 0.880859375 0.580078125 0.0546875 0.0625
0 0.9140625 0.615234375 0.048828125 0.068359375
0 0.8046875 0.541015625 0.056640625 0.041015625
0 0.9140625 0.4375 0.03515625 0.048828125
0 0.921875 0.171875 0.037109375 0.046875
0 0.83984375 0.22265625 0.046875 0.04296875
0 0.984375 0.453125 0.03125 0.099609375
0 0.7734375 0.74609375 0.046875 0.04296875
0 0.83984375 0.880859375 0.046875 0.041015625
0 0.85546875 0.84375 0.04296875 0.046875
0 0.806640625 0.888671875 0.046875 0.037109375
0 0.798828125 0.63671875 0.0625 0.052734375