0 0.080078125 0.90625 0.03125 0.03125
0 0.072265625 0.857421875 0.03515625 0.03125
0 0.064453125 0.771484375 0.03125 0.03125
0 0.041015625 0.619140625 0.046875 0.0390625
0 0.02734375 0.490234375 0.03125 0.03125
0 0.021484375 0.34765625 0.04296875 0.0390625
0 0.357421875 0.828125 0.109375 0.09375
0 0.33203125 0.708984375 0.08203125 0.08203125
0 0.32421875 0.4765625 0.1015625 0.09765625
0 0.2421875 0.189453125 0.078125 0.0703125
0 0.126953125 0.20703125 0.03125 0.0546875
0 0.107421875 0.1640625 0.0546875 0.046875
0 0.380859375 0.03515625 0.0625 0.0546875
0 0.39453125 0.181640625 0.05859375 0.0625
0 0.4140625 0.33984375 0.046875 0.046875
0 0.44140625 0.45703125 0.03515625 0.03125
0 0.453125 0.595703125 0.03125 0.0390625
0 0.4609375 0.720703125 0.03515625 0.03125
0 0.466796875 0.841796875 0.046875 0.05078125
0 0.482421875 0.984375 0.0234375 0.0234375
0 0.390625 0.984375 0.03125 0.03125
0 0.390625 0.94921875 0.04296875 0.03515625
0 0.38671875 0.91796875 0.03515625 0.03125
0 0.373046875 0.876953125 0.0546875 0.03515625
0 0.365234375 0.783203125 0.04296875 0.0390625
0 0.36328125 0.650390625 0.0390625 0.02734375
0 0.357421875 0.623046875 0.03125 0.0234375
0 0.345703125 0.591796875 0.0390625 0.03515625
0 0.291015625 0.41796875 0.03125 0.0234375
0 0.27734375 0.380859375 0.02734375 0.03125
0 0.265625 0.3359375 0.0390625 0.046875
0 0.25 0.294921875 0.046875 0.046875
0 0.22265625 0.10546875 0.0390625 0.0390625
0 0.224609375 0.14453125 0.0390625 0.0234375
0 0.21875 0.029296875 0.0390625 0.046875
0 0.517578125 0.103515625 0.03125 0.046875
0 0.73828125 0.68359375 0.05859375 0.046875
0 0.734375 0.9609375 0.03515625 0.03125
0 0.564453125 0.970703125 0.03125 0.03125
0 0.564453125 0.93359375 0.03515625 0.0234375
0 0.5625 0.890625 0.03125 0.0390625
0 0.5625 0.845703125 0.05078125 0.046875
0 0.560546875 0.767578125 0.03125 0.0390625
0 0.552734375 0.66796875 0.046875 0.0390625
0 0.560546875 0.62109375 0.03125 0.0390625
0 0.5625 0.572265625 0.03125 0.0390625
0 0.560546875 0.51953125 0.03515625 0.03125
0 0.5625 0.48046875 0.03515625 0.02734375
0 0.55859375 0.435546875 0.03125 0.03515625
0 0.560546875 0.390625 0.03125 0.04296875
0 0.564453125 0.341796875 0.0390625 0.0390625
0 0.5625 0.3046875 0.03125 0.03125
0 0.56640625 0.265625 0.046875 0.03515625
0 0.578125 0.234375 0.0390625 0.03125
0 0.5703125 0.193359375 0.046875 0.0390625
0 0.55078125 0.12890625 0.0390625 0.0390625
0 0.544921875 0.099609375 0.03125 0.03125
0 0.541015625 0.0625 0.0390625 0.03125
0 0.5546875 0.0234375 0.046875 0.03125
0 0.8984375 0.2578125 0.0625 0.0625
0 0.978515625 0.33984375 0.03125 0.03125
0 0.93359375 0.3203125 0.046875 0.0390625