0 0.1171875 0.83203125 0.06640625 0.046875
0 0.185546875 0.841796875 0.080078125 0.076171875
0 0.12890625 0.693359375 0.064453125 0.076171875
0 0.060546875 0.49609375 0.080078125 0.083984375
0 0.0234375 0.376953125 0.044921875 0.07421875
0 0.1875 0.05859375 0.08203125 0.078125
0 0.310546875 0.3515625 0.08984375 0.08984375
0 0.419921875 0.599609375 0.083984375 0.0859375
0 0.5703125 0.8359375 0.080078125 0.064453125
0 0.416015625 0.203125 0.076171875 0.076171875
0 0.548828125 0.416015625 0.087890625 0.095703125
0 0.728515625 0.1484375 0.107421875 0.1015625
0 0.916015625 0.08203125 0.06640625 0.0625
0 0.88671875 0.37890625 0.080078125 0.078125
0 0.7109375 0.638671875 0.083984375 0.091796875
0 0.87109375 0.85546875 0.078125 0.072265625
0 0.361328125 0.982421875 0.1171875 0.033203125
0 0.076171875 0.70703125 0.0546875 0.037109375
0 0.0703125 0.67578125 0.05859375 0.04296875
0 0.0703125 0.640625 0.056640625 0.03515625
0 0.03125 0.6640625 0.0546875 0.05859375
0 0.09765625 0.771484375 0.060546875 0.02734375
0 0.111328125 0.79296875 0.05859375 0.02734375
0 0.15625 0.931640625 0.0546875 0.05078125
0 0.17578125 0.978515625 0.0625 0.04296875