0 0.181640625 0.083984375 0.046875 0.0390625
0 0.1875 0.115234375 0.05078125 0.03515625
0 0.203125 0.193359375 0.0546875 0.05859375
0 0.244140625 0.234375 0.0625 0.0390625
0 0.251953125 0.2734375 0.046875 0.03515625
0 0.251953125 0.306640625 0.04296875 0.03515625
0 0.173828125 0.0546875 0.0546875 0.0390625
0 0.154296875 0.02734375 0.046875 0.0390625
0 0.3203125 0.41796875 0.05859375 0.0390625
0 0.3203125 0.453125 0.0625 0.02734375
0 0.359375 0.51953125 0.0859375 0.05078125
0 0.357421875 0.55859375 0.0546875 0.046875
0 0.3828125 0.630859375 0.0390625 0.04296875
0 0.39453125 0.65625 0.046875 0.0234375
0 0.416015625 0.6953125 0.046875 0.03515625
0 0.443359375 0.77734375 0.05078125 0.04296875
0 0.5078125 0.822265625 0.1015625 0.09375
0 0.4140625 0.59765625 0.09375 0.0859375
0 0.462890625 0.474609375 0.0859375 0.078125
0 0.3125 0.32421875 0.0703125 0.0625
0 0.349609375 0.27734375 0.08203125 0.078125
0 0.259765625 0.146484375 0.0859375 0.078125
0 0.05859375 0.369140625 0.11328125 0.1328125
0 0.150390625 0.623046875 0.125 0.125
0 0.275390625 0.892578125 0.10546875 0.10546875
0 0.703125 0.1328125 0.0859375 0.1015625
0 0.767578125 0.1953125 0.0859375 0.08203125
0 0.794921875 0.427734375 0.1171875 0.10546875
0 0.82421875 0.533203125 0.08203125 0.0859375
0 0.900390625 0.763671875 0.10546875 0.0859375
0 0.96484375 0.84765625 0.0703125 0.10546875
0 0.9765625 0.15234375 0.046875 0.0859375