0 0.91796875 0.978515625 0.0546875 0.04296875
0 0.8984375 0.93359375 0.09765625 0.0859375
0 0.86328125 0.87890625 0.09765625 0.0546875
0 0.85546875 0.818359375 0.078125 0.05078125
0 0.826171875 0.74609375 0.05859375 0.0625
0 0.798828125 0.681640625 0.07421875 0.06640625
0 0.779296875 0.62109375 0.0703125 0.0546875
0 0.75390625 0.5390625 0.08203125 0.08984375
0 0.7421875 0.455078125 0.0625 0.07421875
0 0.7109375 0.361328125 0.078125 0.0703125
0 0.697265625 0.294921875 0.046875 0.05859375
0 0.658203125 0.203125 0.09375 0.078125
0 0.62890625 0.12890625 0.09375 0.0703125
0 0.58984375 0.04296875 0.09375 0.0703125