0 0.26953125 0.345703125 0.0546875 0.0625
0 0.396484375 0.34765625 0.0546875 0.046875
0 0.259765625 0.10546875 0.0546875 0.0703125
0 0.33984375 0.3984375 0.0703125 0.0703125
0 0.349609375 0.5078125 0.04296875 0.0546875
0 0.388671875 0.54296875 0.0390625 0.046875
0 0.3515625 0.5546875 0.046875 0.0546875
0 0.40234375 0.740234375 0.046875 0.046875
0 0.42578125 0.71875 0.0390625 0.03125
0 0.421875 0.6875 0.03125 0.02734375
0 0.43359375 0.76953125 0.046875 0.0546875
0 0.419921875 0.80859375 0.046875 0.0546875
0 0.48046875 0.90625 0.03125 0.02734375
0 0.455078125 0.8671875 0.03125 0.03125