0 0.353515625 0.65625 0.064453125 0.068359375
0 0.421875 0.76171875 0.072265625 0.078125
0 0.5234375 0.857421875 0.05078125 0.048828125
0 0.375 0.90625 0.056640625 0.048828125
0 0.37890625 0.544921875 0.044921875 0.04296875
0 0.4140625 0.509765625 0.048828125 0.048828125
0 0.392578125 0.595703125 0.0390625 0.048828125
0 0.806640625 0.0390625 0.046875 0.048828125
0 0.87890625 0.900390625 0.03515625 0.05078125
0 0.87890625 0.939453125 0.037109375 0.037109375
0 0.8828125 0.970703125 0.03125 0.02734375
0 0.876953125 0.98828125 0.03515625 0.0234375