0 0.666015625 0.009765625 0.015625 0.015625
0 0.666015625 0.02734375 0.015625 0.015625
0 0.662109375 0.044921875 0.01953125 0.015625
0 0.66015625 0.05859375 0.01953125 0.015625
0 0.666015625 0.080078125 0.015625 0.015625
0 0.66015625 0.099609375 0.015625 0.0078125
0 0.658203125 0.115234375 0.0078125 0.015625
0 0.654296875 0.1328125 0.015625 0.01171875
0 0.650390625 0.142578125 0.015625 0.015625
0 0.65234375 0.00390625 0.0234375 0.0078125
0 0.646484375 0.017578125 0.015625 0.0078125
0 0.64453125 0.03515625 0.015625 0.0078125
0 0.638671875 0.060546875 0.015625 0.015625
0 0.638671875 0.080078125 0.0234375 0.015625
0 0.63671875 0.099609375 0.01171875 0.015625
0 0.626953125 0.14453125 0.01953125 0.02734375
0 0.62890625 0.181640625 0.015625 0.0234375
0 0.6328125 0.271484375 0.0234375 0.015625
0 0.634765625 0.255859375 0.0234375 0.015625
0 0.62890625 0.34765625 0.0234375 0.01953125
0 0.62890625 0.3671875 0.01953125 0.015625
0 0.626953125 0.3828125 0.015625 0.015625
0 0.625 0.3984375 0.0234375 0.015625
0 0.619140625 0.435546875 0.0234375 0.015625
0 0.62109375 0.44921875 0.0234375 0.015625
0 0.62109375 0.46875 0.02734375 0.0234375
0 0.60546875 0.609375 0.0234375 0.03125
0 0.603515625 0.658203125 0.0234375 0.03125
0 0.603515625 0.689453125 0.015625 0.015625
0 0.599609375 0.705078125 0.015625 0.0078125
0 0.591796875 0.720703125 0.015625 0.01171875
0 0.56640625 0.7265625 0.015625 0.015625
0 0.5703125 0.712890625 0.01171875 0.01171875
0 0.576171875 0.69921875 0.015625 0.01171875
0 0.580078125 0.6875 0.01171875 0.015625
0 0.580078125 0.66796875 0.015625 0.015625
0 0.580078125 0.654296875 0.01171875 0.01171875
0 0.578125 0.638671875 0.015625 0.015625
0 0.591796875 0.548828125 0.01171875 0.01171875
0 0.595703125 0.505859375 0.0078125 0.015625
0 0.5859375 0.5859375 0.015625 0.015625
0 0.587890625 0.751953125 0.015625 0.01171875
0 0.591796875 0.736328125 0.0078125 0.01171875
0 0.5703125 0.744140625 0.015625 0.015625
0 0.560546875 0.76953125 0.01953125 0.0078125
0 0.56640625 0.759765625 0.0234375 0.015625
0 0.580078125 0.771484375 0.015625 0.0234375
0 0.57421875 0.875 0.015625 0.0546875