0 0.05078125 0.11328125 0.0625 0.06640625
0 0.072265625 0.0625 0.08203125 0.05859375
0 0.08203125 0.021484375 0.0625 0.0390625
0 0.041015625 0.16015625 0.0546875 0.04296875
0 0.037109375 0.1953125 0.0546875 0.05078125
0 0.02734375 0.236328125 0.0546875 0.05859375
0 0.01953125 0.287109375 0.0390625 0.0625
0 0.984375 0.138671875 0.03125 0.0703125
0 0.916015625 0.2578125 0.0546875 0.04296875
0 0.80078125 0.533203125 0.0546875 0.04296875
0 0.720703125 0.6875 0.0546875 0.046875
0 0.744140625 0.64453125 0.05859375 0.046875
0 0.599609375 0.84765625 0.05859375 0.046875
0 0.57421875 0.880859375 0.0703125 0.046875
0 0.55078125 0.92578125 0.07421875 0.0546875
0 0.50390625 0.95703125 0.0625 0.0703125
0 0.978515625 0.060546875 0.04296875 0.0703125