0 0.587890625 0.3125 0.0703125 0.078125
0 0.537109375 0.146484375 0.060546875 0.0625
0 0.591796875 0.376953125 0.060546875 0.068359375
0 0.626953125 0.439453125 0.078125 0.0625
0 0.658203125 0.591796875 0.072265625 0.072265625
0 0.669921875 0.69140625 0.06640625 0.060546875
0 0.720703125 0.845703125 0.076171875 0.068359375
0 0.75390625 0.94140625 0.0859375 0.083984375
0 0.703125 0.80078125 0.06640625 0.05859375
0 0.646484375 0.361328125 0.046875 0.046875
0 0.287109375 0.919921875 0.046875 0.0390625
0 0.248046875 0.943359375 0.048828125 0.0390625
0 0.232421875 0.8984375 0.0546875 0.03515625
0 0.185546875 0.91796875 0.04296875 0.037109375