0 0.357421875 0.642578125 0.046875 0.0625
0 0.083984375 0.431640625 0.08203125 0.0703125
0 0.373046875 0.376953125 0.06640625 0.0703125
0 0.35546875 0.509765625 0.05078125 0.046875
0 0.41015625 0.880859375 0.0625 0.0625
0 0.400390625 0.958984375 0.0625 0.0625
0 0.396484375 0.25 0.04296875 0.046875
0 0.388671875 0.18359375 0.0546875 0.0546875
0 0.373046875 0.130859375 0.0625 0.0546875
0 0.34765625 0.0703125 0.03515625 0.0625
0 0.2890625 0.115234375 0.05859375 0.0390625
0 0.046875 0.205078125 0.046875 0.05078125
0 0.376953125 0.802734375 0.0546875 0.046875