0 0.91015625 0.4140625 0.091796875 0.103515625
0 0.853515625 0.39453125 0.044921875 0.03515625
0 0.853515625 0.439453125 0.041015625 0.056640625
0 0.87109375 0.23046875 0.083984375 0.09375
0 0.859375 0.0703125 0.0859375 0.091796875
0 0.908203125 0.57421875 0.091796875 0.119140625
0 0.970703125 0.564453125 0.037109375 0.052734375
0 0.88671875 0.490234375 0.0390625 0.056640625
0 0.984375 0.45703125 0.029296875 0.0625
0 0.916015625 0.734375 0.0859375 0.095703125
0 0.923828125 0.875 0.07421875 0.064453125
0 0.939453125 0.984375 0.078125 0.03125
0 0.98828125 0.634765625 0.0234375 0.04296875
0 0.728515625 0.154296875 0.056640625 0.0625
0 0.53125 0.072265625 0.048828125 0.064453125
0 0.5859375 0.078125 0.0390625 0.048828125
0 0.615234375 0.068359375 0.03515625 0.0390625
0 0.646484375 0.083984375 0.04296875 0.048828125
0 0.689453125 0.1015625 0.0546875 0.05859375
0 0.71875 0.041015625 0.048828125 0.05078125
0 0.294921875 0.720703125 0.048828125 0.0546875