0 0.40625 0.05859375 0.05859375 0.0625
0 0.39453125 0.138671875 0.06640625 0.0625
0 0.412109375 0.013671875 0.05859375 0.02734375
0 0.47265625 0.197265625 0.0703125 0.05859375
0 0.470703125 0.05078125 0.07421875 0.078125
0 0.5 0.0859375 0.08984375 0.0625
0 0.541015625 0.17578125 0.0546875 0.04296875
0 0.5703125 0.27734375 0.0546875 0.03515625
0 0.5234375 0.279296875 0.05078125 0.046875
0 0.580078125 0.240234375 0.05078125 0.0390625
0 0.814453125 0.677734375 0.046875 0.046875
0 0.724609375 0.52734375 0.05078125 0.0546875
0 0.677734375 0.369140625 0.0625 0.0625