0 0.34765625 0.224609375 0.046875 0.041015625
0 0.4140625 0.490234375 0.0546875 0.0546875
0 0.3984375 0.04296875 0.0390625 0.046875
0 0.75 0.087890625 0.052734375 0.046875
0 0.759765625 0.14453125 0.05078125 0.044921875
0 0.763671875 0.1953125 0.041015625 0.048828125
0 0.771484375 0.2421875 0.048828125 0.044921875
0 0.77734375 0.29296875 0.041015625 0.048828125
0 0.7734375 0.337890625 0.037109375 0.05078125
0 0.80078125 0.4140625 0.05078125 0.048828125
0 0.80859375 0.375 0.04296875 0.048828125
0 0.826171875 0.6875 0.0625 0.05078125
0 0.771484375 0.740234375 0.0625 0.05078125
0 0.814453125 0.52734375 0.041015625 0.041015625
0 0.78515625 0.51953125 0.041015625 0.05078125
0 0.80859375 0.46875 0.041015625 0.05859375
0 0.830078125 0.6328125 0.05078125 0.05078125