0 0.0546875 0.8984375 0.08203125 0.08203125
0 0.041015625 0.76171875 0.078125 0.10546875
0 0.02734375 0.626953125 0.05078125 0.1015625
0 0.72265625 0.298828125 0.046875 0.04296875
0 0.71484375 0.642578125 0.05078125 0.046875
0 0.708984375 0.787109375 0.0546875 0.03125
0 0.71875 0.822265625 0.0546875 0.046875
0 0.724609375 0.369140625 0.046875 0.03515625
0 0.72265625 0.4140625 0.0546875 0.0546875
0 0.73046875 0.244140625 0.0625 0.05859375
0 0.748046875 0.140625 0.0546875 0.0625
0 0.7421875 0.193359375 0.05078125 0.05078125
0 0.734375 0.326171875 0.046875 0.04296875
0 0.748046875 0.060546875 0.0390625 0.0546875