0 0.5078125 0.705078125 0.076171875 0.05078125
0 0.521484375 0.748046875 0.05859375 0.0546875
0 0.4609375 0.748046875 0.05859375 0.044921875
0 0.3359375 0.75390625 0.046875 0.046875
0 0.666015625 0.841796875 0.064453125 0.05078125
0 0.59375 0.884765625 0.064453125 0.064453125
0 0.634765625 0.861328125 0.052734375 0.068359375
0 0.470703125 0.931640625 0.068359375 0.0625
0 0.466796875 0.609375 0.0625 0.052734375
0 0.46484375 0.658203125 0.05859375 0.0546875
0 0.427734375 0.677734375 0.044921875 0.0390625
0 0.423828125 0.716796875 0.044921875 0.04296875
0 0.525390625 0.8671875 0.06640625 0.080078125
0 0.572265625 0.84375 0.056640625 0.05078125
0 0.5234375 0.80078125 0.05859375 0.0390625
0 0.455078125 0.876953125 0.052734375 0.052734375