0 0.779296875 0.267578125 0.072265625 0.078125
0 0.82421875 0.09765625 0.068359375 0.08203125
0 0.828125 0.177734375 0.078125 0.0703125
0 0.9609375 0.15625 0.07421875 0.068359375
0 0.728515625 0.44921875 0.08984375 0.08984375
0 0.673828125 0.62109375 0.087890625 0.09375
0 0.052734375 0.29296875 0.08984375 0.0859375
0 0.02734375 0.603515625 0.0546875 0.060546875
0 0.01171875 0.92578125 0.0234375 0.056640625
0 0.630859375 0.822265625 0.08203125 0.09765625
0 0.599609375 0.966796875 0.083984375 0.06640625
0 0.91796875 0.498046875 0.056640625 0.046875