0 0.08203125 0.021484375 0.052734375 0.04296875
0 0.1015625 0.06640625 0.095703125 0.083984375
0 0.13671875 0.12109375 0.09765625 0.0546875
0 0.14453125 0.181640625 0.078125 0.05078125
0 0.173828125 0.25390625 0.05859375 0.060546875
0 0.201171875 0.318359375 0.07421875 0.06640625
0 0.220703125 0.37890625 0.0703125 0.0546875
0 0.24609375 0.4609375 0.08203125 0.087890625
0 0.2578125 0.544921875 0.0625 0.072265625
0 0.2890625 0.638671875 0.078125 0.0703125
0 0.302734375 0.705078125 0.048828125 0.05859375
0 0.341796875 0.796875 0.091796875 0.080078125
0 0.37109375 0.87109375 0.09375 0.0703125
0 0.41015625 0.95703125 0.091796875 0.072265625