0 0.412109375 0.6875 0.0703125 0.078125
0 0.462890625 0.853515625 0.0625 0.0625
0 0.408203125 0.623046875 0.0625 0.0703125
0 0.373046875 0.560546875 0.078125 0.0625
0 0.341796875 0.408203125 0.0703125 0.0703125
0 0.330078125 0.30859375 0.06640625 0.0625
0 0.279296875 0.154296875 0.078125 0.0703125
0 0.24609375 0.05859375 0.0859375 0.0859375
0 0.296875 0.19921875 0.06640625 0.05859375
0 0.353515625 0.638671875 0.046875 0.046875
0 0.712890625 0.080078125 0.046875 0.0390625
0 0.751953125 0.056640625 0.05078125 0.0390625
0 0.767578125 0.1015625 0.0546875 0.03515625
0 0.814453125 0.08203125 0.04296875 0.0390625