0 0.958984375 0.775390625 0.046875 0.04296875
0 0.951171875 0.72265625 0.0390625 0.0390625
0 0.990234375 0.5625 0.01953125 0.0546875
0 0.9609375 0.5546875 0.03125 0.0390625
0 0.955078125 0.58984375 0.04296875 0.0390625
0 0.984375 0.611328125 0.0234375 0.0390625
0 0.951171875 0.826171875 0.0390625 0.046875
0 0.96875 0.62109375 0.04296875 0.04296875
0 0.947265625 0.875 0.04296875 0.0625
0 0.94140625 0.931640625 0.0390625 0.0390625
0 0.93359375 0.974609375 0.05078125 0.046875
0 0.84765625 0.95703125 0.046875 0.046875
0 0.81640625 0.646484375 0.046875 0.0546875
0 0.27734375 0.08203125 0.0546875 0.0703125
0 0.310546875 0.0703125 0.0390625 0.0390625
0 0.267578125 0.02734375 0.046875 0.0546875
0 0.591796875 0.029296875 0.04296875 0.046875
0 0.30078125 0.34375 0.046875 0.0703125
0 0.2734375 0.685546875 0.046875 0.0625
0 0.263671875 0.18359375 0.046875 0.0390625
0 0.259765625 0.974609375 0.0625 0.046875
0 0.2109375 0.28515625 0.03515625 0.0625
0 0.23046875 0.22265625 0.04296875 0.04296875
0 0.892578125 0.33984375 0.0625 0.07421875