0 0.697265625 0.724609375 0.064453125 0.07421875
0 0.703125 0.908203125 0.0703125 0.08203125
0 0.796875 0.93359375 0.068359375 0.07421875
0 0.986328125 0.685546875 0.02734375 0.052734375
0 0.794921875 0.736328125 0.0390625 0.048828125
0 0.734375 0.61328125 0.041015625 0.04296875
0 0.826171875 0.546875 0.060546875 0.06640625
0 0.56640625 0.390625 0.03515625 0.04296875
0 0.58203125 0.3515625 0.04296875 0.037109375
0 0.693359375 0.37890625 0.068359375 0.08984375
0 0.68359375 0.548828125 0.06640625 0.072265625
0 0.744140625 0.515625 0.046875 0.060546875
0 0.806640625 0.626953125 0.052734375 0.056640625
0 0.775390625 0.697265625 0.041015625 0.0546875
0 0.84375 0.77734375 0.04296875 0.048828125
0 0.986328125 0.595703125 0.02734375 0.05078125
0 0.9765625 0.642578125 0.044921875 0.0625
0 0.912109375 0.025390625 0.060546875 0.048828125
0 0.70703125 0.029296875 0.0703125 0.056640625
0 0.693359375 0.205078125 0.072265625 0.080078125
0 0.91015625 0.169921875 0.052734375 0.05078125
0 0.9140625 0.3984375 0.068359375 0.083984375