0 0.58203125 0.96484375 0.07421875 0.06640625
0 0.583984375 0.87890625 0.0703125 0.078125
0 0.580078125 0.759765625 0.0625 0.0625
0 0.57421875 0.681640625 0.0625 0.078125
0 0.564453125 0.552734375 0.0546875 0.078125
0 0.5703125 0.462890625 0.05078125 0.0625
0 0.5625 0.2734375 0.0390625 0.0546875
0 0.55859375 0.12109375 0.0546875 0.0546875
0 0.580078125 0.05859375 0.046875 0.0625
0 0.564453125 0.19140625 0.046875 0.05859375
0 0.54296875 0.21875 0.0390625 0.0546875
0 0.552734375 0.40234375 0.0625 0.06640625
0 0.5703125 0.017578125 0.05078125 0.03125
0 0.55859375 0.353515625 0.07421875 0.0546875