0 0.59375 0.94140625 0.05859375 0.060546875
0 0.60546875 0.861328125 0.06640625 0.060546875
0 0.587890625 0.986328125 0.05859375 0.02734375
0 0.52734375 0.802734375 0.068359375 0.05859375
0 0.529296875 0.94921875 0.072265625 0.078125
0 0.5 0.9140625 0.087890625 0.0625
0 0.458984375 0.82421875 0.052734375 0.04296875
0 0.4296875 0.72265625 0.056640625 0.03515625
0 0.4765625 0.720703125 0.048828125 0.048828125
0 0.419921875 0.759765625 0.05078125 0.037109375
0 0.185546875 0.322265625 0.048828125 0.046875
0 0.275390625 0.47265625 0.05078125 0.052734375
0 0.322265625 0.630859375 0.060546875 0.060546875