0 0.642578125 0.357421875 0.048828125 0.060546875
0 0.916015625 0.568359375 0.080078125 0.0703125
0 0.626953125 0.623046875 0.06640625 0.068359375
0 0.64453125 0.490234375 0.05078125 0.048828125
0 0.58984375 0.119140625 0.064453125 0.064453125
0 0.599609375 0.041015625 0.064453125 0.060546875
0 0.603515625 0.75 0.041015625 0.046875
0 0.611328125 0.81640625 0.052734375 0.0546875
0 0.626953125 0.869140625 0.0625 0.052734375
0 0.65234375 0.9296875 0.03515625 0.060546875
0 0.7109375 0.884765625 0.05859375 0.037109375
0 0.953125 0.794921875 0.044921875 0.05078125
0 0.623046875 0.197265625 0.0546875 0.046875