0 0.919921875 0.09375 0.029296875 0.033203125
0 0.927734375 0.142578125 0.03515625 0.03125
0 0.935546875 0.228515625 0.03125 0.03125
0 0.958984375 0.380859375 0.044921875 0.037109375
0 0.97265625 0.509765625 0.033203125 0.03125
0 0.978515625 0.65234375 0.04296875 0.041015625
0 0.642578125 0.171875 0.107421875 0.091796875
0 0.66796875 0.291015625 0.08203125 0.08203125
0 0.67578125 0.5234375 0.103515625 0.09765625
0 0.7578125 0.810546875 0.080078125 0.0703125
0 0.873046875 0.79296875 0.03125 0.052734375
0 0.892578125 0.8359375 0.052734375 0.044921875
0 0.619140625 0.96484375 0.0625 0.052734375
0 0.60546875 0.818359375 0.05859375 0.064453125
0 0.5859375 0.66015625 0.046875 0.048828125
0 0.55859375 0.54296875 0.03515625 0.03125
0 0.546875 0.404296875 0.033203125 0.037109375
0 0.5390625 0.279296875 0.03515625 0.033203125
0 0.533203125 0.158203125 0.048828125 0.05078125
0 0.517578125 0.015625 0.0234375 0.0234375
0 0.609375 0.015625 0.03125 0.03125
0 0.609375 0.05078125 0.04296875 0.03515625
0 0.61328125 0.08203125 0.03515625 0.03125
0 0.626953125 0.123046875 0.0546875 0.03515625
0 0.634765625 0.216796875 0.04296875 0.041015625
0 0.63671875 0.349609375 0.037109375 0.02734375
0 0.642578125 0.376953125 0.03125 0.021484375
0 0.654296875 0.408203125 0.0390625 0.03515625
0 0.708984375 0.58203125 0.03125 0.025390625
0 0.72265625 0.619140625 0.02734375 0.029296875
0 0.734375 0.6640625 0.037109375 0.048828125
0 0.75 0.705078125 0.046875 0.044921875
0 0.77734375 0.89453125 0.041015625 0.041015625
0 0.775390625 0.85546875 0.0390625 0.025390625
0 0.78125 0.970703125 0.037109375 0.046875
0 0.482421875 0.896484375 0.033203125 0.046875
0 0.26171875 0.31640625 0.05859375 0.044921875
0 0.265625 0.0390625 0.03515625 0.029296875
0 0.435546875 0.029296875 0.03125 0.029296875
0 0.435546875 0.06640625 0.03515625 0.025390625
0 0.4375 0.109375 0.03125 0.0390625
0 0.4375 0.154296875 0.05078125 0.046875
0 0.439453125 0.232421875 0.03125 0.041015625
0 0.447265625 0.33203125 0.048828125 0.041015625
0 0.439453125 0.37890625 0.03125 0.0390625
0 0.4375 0.427734375 0.03125 0.0390625
0 0.439453125 0.48046875 0.03515625 0.03125
0 0.4375 0.51953125 0.03515625 0.02734375
0 0.44140625 0.564453125 0.033203125 0.03515625
0 0.439453125 0.609375 0.033203125 0.04296875
0 0.435546875 0.658203125 0.0390625 0.037109375
0 0.4375 0.6953125 0.03125 0.029296875
0 0.43359375 0.734375 0.044921875 0.03515625
0 0.421875 0.765625 0.0390625 0.03125
0 0.4296875 0.806640625 0.044921875 0.037109375
0 0.44921875 0.87109375 0.041015625 0.037109375
0 0.455078125 0.900390625 0.03125 0.029296875
0 0.458984375 0.9375 0.037109375 0.033203125
0 0.4453125 0.9765625 0.048828125 0.03125
0 0.1015625 0.7421875 0.0625 0.0625
0 0.021484375 0.66015625 0.03125 0.029296875
0 0.06640625 0.6796875 0.048828125 0.0390625