0 0.6484375 0.466796875 0.0859375 0.0625
0 0.6484375 0.541015625 0.08203125 0.0625
0 0.6953125 0.279296875 0.078125 0.0546875
0 0.875 0.05859375 0.06640625 0.0546875
0 0.75390625 0.25390625 0.07421875 0.046875
0 0.779296875 0.349609375 0.0546875 0.046875
0 0.671875 0.416015625 0.0546875 0.05078125
0 0.66015625 0.380859375 0.046875 0.046875
0 0.857421875 0.134765625 0.046875 0.05078125
0 0.861328125 0.212890625 0.0546875 0.0546875
0 0.828125 0.28125 0.05859375 0.0546875
0 0.6875 0.361328125 0.05859375 0.0546875
0 0.720703125 0.41015625 0.0546875 0.03125
0 0.720703125 0.4375 0.0390625 0.03125
0 0.755859375 0.451171875 0.046875 0.04296875
0 0.724609375 0.384765625 0.0390625 0.02734375
0 0.69921875 0.681640625 0.046875 0.0546875
0 0.693359375 0.630859375 0.0390625 0.0390625
0 0.748046875 0.6484375 0.0859375 0.078125
0 0.734375 0.76171875 0.05859375 0.0546875