0 0.775390625 0.087890625 0.048828125 0.046875
0 0.099609375 0.2265625 0.0859375 0.091796875
0 0.189453125 0.197265625 0.099609375 0.0859375
0 0.32421875 0.150390625 0.0546875 0.072265625
0 0.28515625 0.12890625 0.046875 0.046875
0 0.25 0.392578125 0.068359375 0.0703125
0 0.953125 0.736328125 0.05859375 0.05859375
0 0.984375 0.787109375 0.029296875 0.078125
0 0.91796875 0.669921875 0.048828125 0.044921875
0 0.904296875 0.6015625 0.048828125 0.060546875
0 0.880859375 0.51171875 0.041015625 0.06640625
0 0.857421875 0.4296875 0.03515625 0.03515625
0 0.83203125 0.35546875 0.033203125 0.044921875
0 0.818359375 0.267578125 0.033203125 0.04296875
0 0.96484375 0.33203125 0.0703125 0.078125
0 0.974609375 0.1015625 0.05078125 0.044921875
0 0.484375 0.060546875 0.046875 0.044921875
0 0.48828125 0.587890625 0.037109375 0.0546875
0 0.51953125 0.568359375 0.046875 0.04296875
0 0.533203125 0.599609375 0.03515625 0.033203125
0 0.544921875 0.62890625 0.033203125 0.033203125
0 0.435546875 0.98828125 0.041015625 0.0234375
0 0.296875 0.95703125 0.08203125 0.078125
0 0.490234375 0.65625 0.064453125 0.080078125
0 0.375 0.79296875 0.064453125 0.060546875
0 0.482421875 0.4921875 0.03515625 0.0390625