0 0.08984375 0.5859375 0.09375 0.10546875
0 0.146484375 0.60546875 0.046875 0.03515625
0 0.146484375 0.560546875 0.0390625 0.0546875
0 0.12890625 0.76953125 0.0859375 0.09375
0 0.140625 0.9296875 0.0859375 0.09375
0 0.091796875 0.42578125 0.09375 0.12109375
0 0.029296875 0.435546875 0.0390625 0.0546875
0 0.11328125 0.509765625 0.0390625 0.0546875
0 0.015625 0.54296875 0.03125 0.0625
0 0.083984375 0.265625 0.0859375 0.09765625
0 0.076171875 0.125 0.07421875 0.06640625
0 0.060546875 0.015625 0.078125 0.03125
0 0.01171875 0.365234375 0.0234375 0.04296875
0 0.271484375 0.845703125 0.05859375 0.0625
0 0.46875 0.927734375 0.046875 0.0625
0 0.4140625 0.921875 0.0390625 0.046875
0 0.384765625 0.931640625 0.03515625 0.0390625
0 0.353515625 0.916015625 0.04296875 0.046875
0 0.310546875 0.8984375 0.0546875 0.05859375
0 0.28125 0.958984375 0.046875 0.05078125
0 0.705078125 0.279296875 0.046875 0.0546875