0 0.03125 0.662109375 0.0625 0.064453125
0 0.01171875 0.412109375 0.0234375 0.03515625
0 0.052734375 0.4375 0.037109375 0.037109375
0 0.158203125 0.453125 0.064453125 0.046875
0 0.12109375 0.48828125 0.033203125 0.02734375
0 0.12109375 0.52734375 0.03515625 0.029296875
0 0.126953125 0.552734375 0.03515625 0.03515625
0 0.12890625 0.591796875 0.037109375 0.037109375
0 0.13671875 0.6796875 0.0390625 0.041015625
0 0.140625 0.724609375 0.05078125 0.044921875
0 0.142578125 0.759765625 0.04296875 0.02734375
0 0.146484375 0.798828125 0.041015625 0.03515625
0 0.25 0.10546875 0.041015625 0.044921875
0 0.306640625 0.033203125 0.056640625 0.044921875
0 0.51953125 0.138671875 0.06640625 0.0625
0 0.615234375 0.07421875 0.087890625 0.078125
0 0.591796875 0.16796875 0.0546875 0.05078125
0 0.560546875 0.2734375 0.052734375 0.0625
0 0.5625 0.349609375 0.060546875 0.052734375
0 0.541015625 0.38671875 0.064453125 0.0546875
0 0.51953125 0.517578125 0.068359375 0.064453125
0 0.505859375 0.650390625 0.06640625 0.0546875
0 0.216796875 0.64453125 0.0390625 0.037109375
0 0.505859375 0.724609375 0.0546875 0.05078125
0 0.525390625 0.81640625 0.05859375 0.05859375
0 0.544921875 0.884765625 0.056640625 0.04296875
0 0.626953125 0.943359375 0.03125 0.041015625
0 0.576171875 0.98828125 0.037109375 0.021484375
0 0.455078125 0.0078125 0.03515625 0.015625
0 0.458984375 0.03515625 0.029296875 0.03125
0 0.4453125 0.07421875 0.03125 0.033203125
0 0.439453125 0.126953125 0.0390625 0.03125
0 0.43359375 0.169921875 0.04296875 0.0390625
0 0.427734375 0.212890625 0.0390625 0.02734375
0 0.419921875 0.255859375 0.04296875 0.03515625
0 0.4140625 0.298828125 0.05078125 0.037109375
0 0.404296875 0.34375 0.052734375 0.037109375
0 0.3984375 0.38671875 0.0390625 0.0234375
0 0.396484375 0.43359375 0.04296875 0.05078125
0 0.390625 0.478515625 0.04296875 0.046875
0 0.38671875 0.5234375 0.068359375 0.0390625
0 0.375 0.61328125 0.08203125 0.046875
0 0.380859375 0.65234375 0.041015625 0.041015625
0 0.376953125 0.712890625 0.046875 0.044921875
0 0.376953125 0.759765625 0.03515625 0.04296875
0 0.375 0.8125 0.025390625 0.04296875
0 0.380859375 0.84765625 0.041015625 0.02734375
0 0.384765625 0.87890625 0.0390625 0.029296875
0 0.390625 0.916015625 0.03515625 0.01953125
0 0.400390625 0.958984375 0.0390625 0.0234375
0 0.396484375 0.990234375 0.06640625 0.01953125
0 0.724609375 0.21484375 0.0703125 0.076171875
0 0.68359375 0.388671875 0.08203125 0.087890625
0 0.650390625 0.7265625 0.068359375 0.0546875
0 0.990234375 0.326171875 0.01953125 0.04296875
0 0.978515625 0.466796875 0.04296875 0.0625
0 0.970703125 0.58984375 0.05859375 0.06640625
0 0.966796875 0.685546875 0.06640625 0.083984375
0 0.98046875 0.77734375 0.037109375 0.060546875
0 0.783203125 0.02734375 0.04296875 0.048828125
0 0.775390625 0.072265625 0.04296875 0.041015625
0 0.755859375 0.138671875 0.0390625 0.03125
0 0.748046875 0.16796875 0.05078125 0.0390625
0 0.705078125 0.298828125 0.0546875 0.041015625
0 0.720703125 0.263671875 0.046875 0.04296875
0 0.650390625 0.490234375 0.046875 0.025390625
0 0.634765625 0.625 0.0390625 0.03515625
0 0.640625 0.662109375 0.03125 0.025390625
0 0.64453125 0.6875 0.044921875 0.029296875
0 0.658203125 0.78125 0.044921875 0.044921875
0 0.681640625 0.826171875 0.0625 0.048828125
0 0.70703125 0.87890625 0.04296875 0.0390625
0 0.724609375 0.91015625 0.0703125 0.02734375
0 0.740234375 0.94921875 0.05859375 0.056640625
0 0.763671875 0.34765625 0.056640625 0.044921875
0 0.8203125 0.38671875 0.0546875 0.048828125
0 0.90625 0.451171875 0.03515625 0.04296875
0 0.93359375 0.515625 0.072265625 0.0546875
0 0.619140625 0.326171875 0.03125 0.041015625
0 0.1171875 0.9609375 0.072265625 0.078125