0 0.41796875 0.03515625 0.072265625 0.06640625
0 0.416015625 0.12109375 0.0703125 0.078125
0 0.419921875 0.240234375 0.060546875 0.060546875
0 0.42578125 0.318359375 0.060546875 0.078125
0 0.435546875 0.447265625 0.0546875 0.078125
0 0.4296875 0.537109375 0.05078125 0.0625
0 0.4375 0.7265625 0.0390625 0.056640625
0 0.44140625 0.87890625 0.052734375 0.052734375
0 0.419921875 0.94140625 0.046875 0.060546875
0 0.435546875 0.80859375 0.044921875 0.05859375
0 0.45703125 0.78125 0.0390625 0.056640625
0 0.447265625 0.59765625 0.064453125 0.06640625
0 0.4296875 0.982421875 0.05078125 0.033203125
0 0.44140625 0.646484375 0.07421875 0.0546875