0 0.646484375 0.34375 0.0625 0.0703125
0 0.578125 0.23828125 0.0703125 0.078125
0 0.4765625 0.142578125 0.05078125 0.046875
0 0.625 0.09375 0.0546875 0.046875
0 0.62109375 0.455078125 0.046875 0.04296875
0 0.5859375 0.490234375 0.046875 0.046875
0 0.607421875 0.404296875 0.0390625 0.046875
0 0.193359375 0.9609375 0.046875 0.046875
0 0.12109375 0.099609375 0.03515625 0.05078125
0 0.12109375 0.060546875 0.0390625 0.0390625
0 0.1171875 0.029296875 0.03125 0.02734375
0 0.123046875 0.01171875 0.03515625 0.0234375