0 0.05859375 0.419921875 0.0859375 0.0625
0 0.044921875 0.32421875 0.06640625 0.060546875
0 0.064453125 0.265625 0.025390625 0.04296875
0 0.37890625 0.63671875 0.044921875 0.044921875
0 0.376953125 0.3671875 0.05859375 0.025390625
0 0.39453125 0.390625 0.046875 0.04296875
0 0.236328125 0.2265625 0.05078125 0.060546875
0 0.27734375 0.23828125 0.068359375 0.048828125
0 0.34375 0.2109375 0.060546875 0.04296875
0 0.068359375 0.189453125 0.0390625 0.052734375
0 0.08984375 0.234375 0.044921875 0.037109375