0 0.1484375 0.51171875 0.052734375 0.0703125
0 0.138671875 0.60546875 0.064453125 0.068359375
0 0.130859375 0.703125 0.068359375 0.08203125
0 0.13671875 0.80078125 0.05078125 0.07421875
0 0.1796875 0.05078125 0.056640625 0.0625
0 0.12109375 0.2578125 0.048828125 0.0703125
0 0.34375 0.38671875 0.0625 0.056640625
0 0.548828125 0.58203125 0.064453125 0.0546875
0 0.125 0.908203125 0.0625 0.060546875
0 0.087890625 0.09375 0.056640625 0.052734375
0 0.103515625 0.13671875 0.05078125 0.048828125
0 0.109375 0.1875 0.056640625 0.060546875
0 0.099609375 0.3828125 0.056640625 0.056640625
0 0.15234375 0.39453125 0.0546875 0.052734375
0 0.154296875 0.447265625 0.056640625 0.06640625