0 0.232421875 0.6953125 0.05859375 0.072265625
0 0.19140625 0.939453125 0.08203125 0.08203125
0 0.279296875 0.939453125 0.068359375 0.0859375
0 0.40234375 0.974609375 0.0703125 0.05078125
0 0.0703125 0.818359375 0.064453125 0.06640625
0 0.25 0.490234375 0.064453125 0.064453125
0 0.197265625 0.404296875 0.083984375 0.0625
0 0.078125 0.556640625 0.052734375 0.0546875
0 0.134765625 0.453125 0.05859375 0.052734375
0 0.025390625 0.98046875 0.048828125 0.0390625
0 0.09375 0.978515625 0.060546875 0.041015625
0 0.173828125 0.796875 0.041015625 0.052734375
0 0.212890625 0.783203125 0.0625 0.048828125
0 0.294921875 0.73828125 0.048828125 0.056640625