0 0.115234375 0.865234375 0.11328125 0.09375
0 0.029296875 0.587890625 0.05859375 0.08984375
0 0.03515625 0.96875 0.0703125 0.0625
0 0.021484375 0.90625 0.04296875 0.0703125
0 0.2109375 0.431640625 0.0546875 0.0546875
0 0.263671875 0.546875 0.0390625 0.0546875
0 0.623046875 0.904296875 0.046875 0.046875
0 0.57421875 0.951171875 0.1015625 0.0390625
0 0.498046875 0.8984375 0.04296875 0.0546875
0 0.517578125 0.927734375 0.04296875 0.0390625
0 0.669921875 0.935546875 0.06640625 0.0546875
0 0.6484375 0.849609375 0.046875 0.0546875
0 0.677734375 0.83203125 0.046875 0.046875
0 0.6171875 0.759765625 0.0546875 0.0546875
0 0.57421875 0.810546875 0.0546875 0.0546875
0 0.55078125 0.73828125 0.0625 0.0703125
0 0.509765625 0.677734375 0.0625 0.06640625
0 0.474609375 0.623046875 0.07421875 0.0625
0 0.435546875 0.55859375 0.0703125 0.07421875
0 0.427734375 0.47265625 0.05859375 0.0859375
0 0.390625 0.48828125 0.0546875 0.0546875
0 0.345703125 0.42578125 0.046875 0.046875
0 0.369140625 0.33984375 0.0625 0.0703125
0 0.333984375 0.24609375 0.06640625 0.0546875
0 0.3125 0.30078125 0.06640625 0.06640625
0 0.30078125 0.36328125 0.0703125 0.06640625
0 0.248046875 0.296875 0.07421875 0.0703125
0 0.1640625 0.326171875 0.0546875 0.0546875
0 0.212890625 0.232421875 0.0703125 0.078125
0 0.12890625 0.236328125 0.05078125 0.0546875
0 0.16015625 0.169921875 0.0703125 0.0703125
0 0.109375 0.087890625 0.0703125 0.0625
0 0.0625 0.017578125 0.0625 0.03515625
0 0.8515625 0.84375 0.078125 0.07421875
0 0.884765625 0.951171875 0.08203125 0.0703125
0 0.7578125 0.8671875 0.0390625 0.046875
0 0.716796875 0.732421875 0.0625 0.078125
0 0.802734375 0.587890625 0.07421875 0.078125
0 0.787109375 0.5234375 0.0703125 0.078125
0 0.7890625 0.423828125 0.078125 0.08203125
0 0.71484375 0.4296875 0.078125 0.078125
0 0.607421875 0.431640625 0.0859375 0.078125
0 0.666015625 0.251953125 0.08203125 0.0625
0 0.658203125 0.19140625 0.0625 0.0625
0 0.6171875 0.07421875 0.08984375 0.078125
0 0.462890625 0.1484375 0.0703125 0.0546875
0 0.7734375 0.12890625 0.078125 0.0703125
0 0.765625 0.0625 0.05078125 0.046875
0 0.828125 0.29296875 0.0625 0.0625
0 0.94921875 0.84375 0.0390625 0.0390625
0 0.88671875 0.537109375 0.0546875 0.0625
0 0.8359375 0.7734375 0.0703125 0.0703125
0 0.935546875 0.154296875 0.078125 0.078125
0 0.966796875 0.40625 0.06640625 0.078125
0 0.978515625 0.6875 0.04296875 0.0703125
0 0.978515625 0.751953125 0.04296875 0.05078125
0 0.984375 0.794921875 0.03125 0.0546875
0 0.96875 0.6171875 0.0625 0.0625
0 0.970703125 0.560546875 0.05859375 0.06640625
0 0.96875 0.51171875 0.0625 0.04296875
0 0.96484375 0.474609375 0.0625 0.04296875
0 0.935546875 0.341796875 0.0625 0.0390625
0 0.96875 0.353515625 0.04296875 0.0546875
0 0.935546875 0.373046875 0.0546875 0.046875
0 0.927734375 0.30078125 0.0625 0.046875
0 0.927734375 0.26171875 0.0625 0.046875
0 0.9140625 0.228515625 0.0703125 0.0390625
0 0.900390625 0.201171875 0.0546875 0.04296875
0 0.892578125 0.1328125 0.046875 0.0390625
0 0.892578125 0.08984375 0.05078125 0.04296875