0 0.734375 0.439453125 0.09375 0.09375
0 0.7734375 0.193359375 0.0859375 0.09375
0 0.693359375 0.349609375 0.1171875 0.1015625
0 0.60546875 0.189453125 0.109375 0.09375
0 0.83203125 0.607421875 0.0859375 0.0859375
0 0.65234375 0.271484375 0.1015625 0.09375
0 0.77734375 0.533203125 0.09375 0.0859375
0 0.515625 0.056640625 0.109375 0.0703125
0 0.552734375 0.12109375 0.0859375 0.0703125
0 0.96875 0.19140625 0.0625 0.0859375
0 0.91015625 0.95703125 0.08203125 0.078125
0 0.880859375 0.87890625 0.0703125 0.0703125
0 0.984375 0.78515625 0.03125 0.0390625
0 0.890625 0.73046875 0.07421875 0.0859375
0 0.7578125 0.513671875 0.12109375 0.1015625
0 0.48046875 0.015625 0.0859375 0.03125
0 0.904296875 0.669921875 0.0859375 0.06640625
0 0.888671875 0.0390625 0.05859375 0.05859375
0 0.693359375 0.0625 0.046875 0.0390625
0 0.671875 0.12109375 0.0546875 0.0546875
0 0.65234375 0.029296875 0.0703125 0.0546875
0 0.82421875 0.251953125 0.0703125 0.0625
0 0.849609375 0.302734375 0.0625 0.05078125
0 0.97265625 0.533203125 0.0546875 0.08203125
0 0.53515625 0.396484375 0.0703125 0.05078125
0 0.5859375 0.48046875 0.046875 0.0390625
0 0.623046875 0.517578125 0.0234375 0.03515625
0 0.984375 0.7265625 0.03125 0.0546875
0 0.966796875 0.75390625 0.0390625 0.0390625
0 0.939453125 0.71875 0.03125 0.03515625
0 0.91796875 0.7890625 0.0390625 0.046875