0 0.1015625 0.62890625 0.052734375 0.06640625
0 0.08203125 0.681640625 0.044921875 0.033203125
0 0.1015625 0.666015625 0.046875 0.046875
0 0.078125 0.71484375 0.05078125 0.052734375
0 0.072265625 0.775390625 0.06640625 0.056640625
0 0.0703125 0.826171875 0.068359375 0.056640625
0 0.06640625 0.884765625 0.064453125 0.0703125
0 0.05859375 0.9375 0.052734375 0.05078125
0 0.056640625 0.97265625 0.052734375 0.0546875
0 0.10546875 0.54296875 0.048828125 0.05859375
0 0.107421875 0.4375 0.03125 0.052734375
0 0.10546875 0.376953125 0.0625 0.052734375
0 0.099609375 0.251953125 0.05078125 0.06640625
0 0.15234375 0.201171875 0.056640625 0.06640625
0 0.087890625 0.07421875 0.056640625 0.09375
0 0.734375 0.919921875 0.048828125 0.0546875
0 0.849609375 0.4296875 0.0703125 0.05078125