0 0.068359375 0.96484375 0.0703125 0.05859375
0 0.078125 0.927734375 0.0625 0.04296875
0 0.08984375 0.876953125 0.06640625 0.0546875
0 0.09375 0.8359375 0.0625 0.0546875
0 0.1015625 0.787109375 0.0703125 0.046875
0 0.1171875 0.73046875 0.06640625 0.0625
0 0.130859375 0.677734375 0.078125 0.0546875
0 0.142578125 0.626953125 0.05859375 0.06640625
0 0.1484375 0.564453125 0.078125 0.05859375
0 0.158203125 0.48046875 0.0703125 0.0625
0 0.162109375 0.44140625 0.0703125 0.05078125
0 0.16796875 0.390625 0.0625 0.0703125
0 0.205078125 0.302734375 0.0625 0.0703125
0 0.15234375 0.275390625 0.0546875 0.05078125
0 0.234375 0.107421875 0.0703125 0.0546875
0 0.515625 0.751953125 0.0546875 0.046875
0 0.51953125 0.705078125 0.04296875 0.04296875
0 0.509765625 0.65234375 0.046875 0.0546875
0 0.478515625 0.69921875 0.046875 0.046875
0 0.419921875 0.759765625 0.0546875 0.05078125
0 0.470703125 0.779296875 0.03515625 0.03125
0 0.408203125 0.69921875 0.0546875 0.04296875
0 0.419921875 0.6484375 0.0625 0.0625
0 0.1171875 0.37890625 0.05859375 0.05859375
0 0.228515625 0.01171875 0.0546875 0.0234375
0 0.017578125 0.052734375 0.03515625 0.0625