0 0.84765625 0.9609375 0.0546875 0.07421875
0 0.70703125 0.974609375 0.09375 0.05078125
0 0.841796875 0.82421875 0.0625 0.05859375
0 0.833984375 0.60546875 0.06640625 0.0703125
0 0.8515625 0.421875 0.1015625 0.08203125
0 0.6953125 0.71875 0.0546875 0.05859375
0 0.693359375 0.46484375 0.046875 0.0546875
0 0.775390625 0.513671875 0.0390625 0.03515625
0 0.76953125 0.4609375 0.0390625 0.0390625
0 0.76953125 0.365234375 0.04296875 0.0390625
0 0.908203125 0.16015625 0.078125 0.078125
0 0.953125 0.61328125 0.046875 0.0546875
0 0.76171875 0.33203125 0.03125 0.0234375
0 0.35546875 0.92578125 0.0703125 0.0625
0 0.365234375 0.814453125 0.0546875 0.046875
0 0.361328125 0.73828125 0.05078125 0.046875
0 0.3515625 0.63671875 0.0546875 0.0546875
0 0.345703125 0.564453125 0.0390625 0.046875
0 0.333984375 0.4921875 0.04296875 0.0390625
0 0.32421875 0.42578125 0.0546875 0.046875
0 0.31640625 0.3203125 0.05078125 0.046875
0 0.310546875 0.23828125 0.0625 0.0546875
0 0.302734375 0.18359375 0.05078125 0.0390625
0 0.29296875 0.140625 0.06640625 0.03515625
0 0.279296875 0.09765625 0.0546875 0.046875
0 0.26953125 0.0234375 0.0546875 0.046875
0 0.208984375 0.974609375 0.0390625 0.03515625
0 0.51953125 0.994140625 0.04296875 0.0078125
0 0.51953125 0.96875 0.03515625 0.0234375
0 0.513671875 0.935546875 0.03125 0.03125
0 0.513671875 0.908203125 0.0390625 0.03125
0 0.509765625 0.87890625 0.04296875 0.03125
0 0.51171875 0.8125 0.0546875 0.03125
0 0.513671875 0.7890625 0.05078125 0.0234375
0 0.509765625 0.765625 0.046875 0.03125
0 0.513671875 0.740234375 0.0390625 0.03515625
0 0.51171875 0.712890625 0.0390625 0.02734375
0 0.515625 0.69140625 0.0390625 0.0234375
0 0.52734375 0.666015625 0.0390625 0.03125
0 0.5390625 0.64453125 0.04296875 0.0234375
0 0.54296875 0.623046875 0.03515625 0.0234375
0 0.5546875 0.599609375 0.046875 0.0234375
0 0.5546875 0.57421875 0.03515625 0.02734375
0 0.546875 0.546875 0.03515625 0.0234375
0 0.5390625 0.515625 0.046875 0.03515625
0 0.52734375 0.490234375 0.0390625 0.03125
0 0.53125 0.4609375 0.046875 0.03125
0 0.53125 0.431640625 0.046875 0.03125
0 0.529296875 0.400390625 0.05078125 0.0390625
0 0.521484375 0.36328125 0.0390625 0.03125
0 0.517578125 0.326171875 0.05078125 0.0546875
0 0.203125 0.912109375 0.0859375 0.046875
0 0.203125 0.861328125 0.05078125 0.0390625
0 0.1875 0.796875 0.0390625 0.03125
0 0.185546875 0.763671875 0.0390625 0.0234375
0 0.18359375 0.732421875 0.03125 0.02734375
0 0.18359375 0.65234375 0.0703125 0.0546875
0 0.07421875 0.35546875 0.09375 0.0859375
0 0.02734375 0.080078125 0.0546875 0.0625
0 0.021484375 0.01953125 0.04296875 0.0390625