0 0.708984375 0.1171875 0.09375 0.09375
0 0.060546875 0.125 0.08203125 0.08203125
0 0.236328125 0.095703125 0.09375 0.09375
0 0.798828125 0.3125 0.09375 0.0859375
0 0.021484375 0.255859375 0.04296875 0.0625
0 0.1328125 0.22265625 0.08203125 0.078125
0 0.9765625 0.72265625 0.046875 0.0703125
0 0.87109375 0.83984375 0.078125 0.07421875
0 0.8125 0.650390625 0.07421875 0.0703125
0 0.08203125 0.66796875 0.078125 0.08203125
0 0.712890625 0.7421875 0.09375 0.1015625
0 0.607421875 0.51953125 0.1171875 0.109375
0 0.396484375 0.369140625 0.09375 0.09375
0 0.2890625 0.484375 0.09375 0.09375
0 0.4140625 0.154296875 0.1171875 0.109375
0 0.591796875 0.982421875 0.0859375 0.03515625
0 0.060546875 0.931640625 0.07421875 0.07421875
0 0.4453125 0.75 0.09375 0.1015625
0 0.197265625 0.87109375 0.0625 0.06640625
0 0.888671875 0.505859375 0.1015625 0.08984375
0 0.333984375 0.83203125 0.1015625 0.09375
0 0.298828125 0.685546875 0.046875 0.046875
0 0.638671875 0.8515625 0.1015625 0.09375
0 0.212890625 0.609375 0.0859375 0.09375
0 0.0703125 0.470703125 0.05859375 0.05859375
0 0.14453125 0.5859375 0.05078125 0.046875
0 0.52734375 0.642578125 0.078125 0.078125
0 0.26171875 0.78125 0.04296875 0.04296875
0 0.115234375 0.544921875 0.05859375 0.05078125
0 0.3671875 0.923828125 0.0390625 0.03515625
0 0.4296875 0.95703125 0.1328125 0.0859375
0 0.248046875 0.734375 0.05078125 0.0546875
0 0.03515625 0.4296875 0.06640625 0.0546875
0 0.046875 0.333984375 0.09375 0.109375
0 0.140625 0.44140625 0.05078125 0.04296875
0 0.169921875 0.47265625 0.0546875 0.0390625
0 0.18359375 0.50390625 0.046875 0.03515625
0 0.201171875 0.53515625 0.0390625 0.03515625
0 0.224609375 0.5546875 0.03125 0.02734375
0 0.28125 0.6484375 0.05859375 0.0390625
0 0.298828125 0.720703125 0.046875 0.03125
0 0.205078125 0.697265625 0.06640625 0.05078125
0 0.19140625 0.662109375 0.0703125 0.05078125
0 0.087890625 0.505859375 0.078125 0.0703125
0 0.318359375 0.900390625 0.03125 0.046875
0 0.375 0.89453125 0.03125 0.0390625
0 0.34765625 0.888671875 0.03125 0.0390625
0 0.23046875 0.974609375 0.03125 0.01953125
0 0.2265625 0.955078125 0.03125 0.0234375
0 0.30859375 0.98828125 0.0390625 0.0234375