0 0.712890625 0.2265625 0.078125 0.0703125
0 0.703125 0.029296875 0.0859375 0.05859375
0 0.724609375 0.310546875 0.08984375 0.09375
0 0.732421875 0.44140625 0.078125 0.091796875
0 0.7421875 0.6015625 0.07421875 0.068359375
0 0.8125 0.7890625 0.041015625 0.04296875
0 0.806640625 0.841796875 0.0546875 0.064453125
0 0.755859375 0.88671875 0.06640625 0.0625
0 0.787109375 0.916015625 0.041015625 0.041015625
0 0.7734375 0.98046875 0.087890625 0.037109375
0 0.7578125 0.744140625 0.05859375 0.06640625
0 0.818359375 0.68359375 0.0546875 0.05859375
0 0.83984375 0.7265625 0.056640625 0.068359375
0 0.888671875 0.73046875 0.046875 0.05078125
0 0.91015625 0.783203125 0.04296875 0.052734375
0 0.974609375 0.884765625 0.048828125 0.0703125
0 0.970703125 0.80859375 0.046875 0.0625
0 0.5625 0.158203125 0.05078125 0.0625
0 0.62109375 0.1328125 0.048828125 0.05859375
0 0.658203125 0.162109375 0.044921875 0.060546875
0 0.890625 0.22265625 0.05859375 0.0625
0 0.919921875 0.1640625 0.04296875 0.041015625
0 0.75390625 0.669921875 0.048828125 0.0625
0 0.69140625 0.55859375 0.0625 0.060546875
0 0.765625 0.548828125 0.05078125 0.056640625
0 0.138671875 0.2421875 0.0625 0.080078125
0 0.0703125 0.228515625 0.05078125 0.05078125
0 0.0703125 0.3203125 0.04296875 0.046875
0 0.396484375 0.57421875 0.04296875 0.044921875
0 0.400390625 0.654296875 0.05078125 0.05078125
0 0.373046875 0.7890625 0.072265625 0.064453125
0 0.373046875 0.845703125 0.087890625 0.078125
0 0.51953125 0.8671875 0.056640625 0.056640625
0 0.541015625 0.728515625 0.05078125 0.0546875
0 0.533203125 0.560546875 0.0390625 0.041015625
0 0.85546875 0.37109375 0.041015625 0.048828125
0 0.951171875 0.521484375 0.0546875 0.0625
0 0.966796875 0.57421875 0.06640625 0.0703125
0 0.923828125 0.568359375 0.041015625 0.0390625
0 0.8671875 0.517578125 0.046875 0.07421875
0 0.5625 0.095703125 0.064453125 0.060546875
0 0.62890625 0.3828125 0.05859375 0.05859375
0 0.568359375 0.19921875 0.02734375 0.02734375
0 0.572265625 0.236328125 0.044921875 0.033203125