0 0.302734375 0.33984375 0.0703125 0.064453125
0 0.33203125 0.44921875 0.052734375 0.052734375
0 0.27734375 0.41015625 0.06640625 0.060546875
0 0.234375 0.443359375 0.048828125 0.046875
0 0.267578125 0.509765625 0.044921875 0.04296875
0 0.296875 0.49609375 0.052734375 0.0546875
0 0.369140625 0.548828125 0.0625 0.05078125
0 0.34765625 0.6015625 0.072265625 0.060546875
0 0.34375 0.51171875 0.06640625 0.056640625
0 0.310546875 0.560546875 0.0546875 0.04296875
0 0.34375 0.689453125 0.0703125 0.056640625
0 0.40625 0.640625 0.0546875 0.0625
0 0.427734375 0.748046875 0.0546875 0.06640625
0 0.451171875 0.84765625 0.052734375 0.060546875
0 0.314453125 0.787109375 0.06640625 0.0703125
0 0.26171875 0.767578125 0.0703125 0.06640625
0 0.216796875 0.359375 0.0625 0.06640625
0 0.275390625 0.22265625 0.0703125 0.064453125
0 0.27734375 0.27734375 0.0859375 0.05859375
0 0.197265625 0.30078125 0.056640625 0.037109375
0 0.220703125 0.23046875 0.046875 0.048828125
0 0.2578125 0.15625 0.076171875 0.076171875
0 0.248046875 0.0390625 0.064453125 0.060546875
0 0.48046875 0.09765625 0.064453125 0.064453125
0 0.525390625 0.19140625 0.087890625 0.072265625
0 0.5625 0.287109375 0.080078125 0.080078125
0 0.572265625 0.333984375 0.060546875 0.04296875
0 0.591796875 0.3828125 0.0703125 0.060546875
0 0.6171875 0.470703125 0.072265625 0.083984375
0 0.6484375 0.5546875 0.0703125 0.072265625
0 0.6640625 0.640625 0.06640625 0.06640625
0 0.69140625 0.73828125 0.06640625 0.064453125
0 0.72265625 0.8359375 0.0703125 0.068359375
0 0.75390625 0.91796875 0.052734375 0.05859375
0 0.779296875 0.986328125 0.046875 0.025390625
0 0.9296875 0.421875 0.087890625 0.087890625
0 0.953125 0.552734375 0.09375 0.091796875
0 0.98828125 0.60546875 0.0234375 0.078125
0 0.88671875 0.16015625 0.078125 0.064453125
0 0.888671875 0.220703125 0.076171875 0.08203125
0 0.833984375 0.21875 0.0625 0.078125
0 0.73828125 0.07421875 0.072265625 0.05859375
0 0.74609375 0.01953125 0.064453125 0.037109375
0 0.982421875 0.2421875 0.03515625 0.08203125
0 0.955078125 0.15234375 0.056640625 0.056640625
0 0.98046875 0.134765625 0.0390625 0.083984375
0 0.92578125 0.07421875 0.064453125 0.0546875
0 0.9140625 0.02734375 0.0703125 0.0546875
0 0.22265625 0.837890625 0.083984375 0.0546875
0 0.48828125 0.95703125 0.052734375 0.04296875