0 0.865234375 0.431640625 0.064453125 0.052734375
0 0.59375 0.513671875 0.052734375 0.046875
0 0.587890625 0.783203125 0.0390625 0.037109375
0 0.578125 0.84375 0.03515625 0.03125
0 0.521484375 0.80078125 0.05078125 0.03515625
0 0.513671875 0.91015625 0.037109375 0.044921875
0 0.431640625 0.046875 0.068359375 0.072265625
0 0.54296875 0.05859375 0.060546875 0.052734375
0 0.88671875 0.697265625 0.0546875 0.05078125
0 0.4296875 0.744140625 0.0625 0.05859375
0 0.43359375 0.966796875 0.041015625 0.037109375
0 0.263671875 0.94140625 0.056640625 0.046875
0 0.921875 0.98828125 0.0546875 0.0234375
0 0.61328125 0.884765625 0.037109375 0.03125
0 0.609375 0.919921875 0.0390625 0.033203125
0 0.609375 0.94921875 0.0390625 0.02734375
0 0.61328125 0.982421875 0.0390625 0.03125