0 0.509765625 0.537109375 0.0625 0.05078125
0 0.517578125 0.607421875 0.0703125 0.0625
0 0.53125 0.669921875 0.0625 0.046875
0 0.5703125 0.7109375 0.078125 0.0390625
0 0.29296875 0.060546875 0.05859375 0.046875
0 0.28515625 0.017578125 0.0546875 0.03515625
0 0.3046875 0.169921875 0.046875 0.0390625
0 0.265625 0.19140625 0.046875 0.0390625
0 0.2734375 0.24609375 0.0546875 0.0546875
0 0.3125 0.205078125 0.046875 0.046875
0 0.390625 0.4296875 0.0625 0.046875
0 0.44140625 0.6171875 0.0703125 0.0546875