0 0.041015625 0.224609375 0.046875 0.04296875
0 0.048828125 0.27734375 0.0390625 0.041015625
0 0.009765625 0.4375 0.01953125 0.0546875
0 0.0390625 0.4453125 0.033203125 0.0390625
0 0.044921875 0.41015625 0.04296875 0.037109375
0 0.015625 0.388671875 0.0234375 0.041015625
0 0.048828125 0.173828125 0.0390625 0.046875
0 0.03125 0.37890625 0.04296875 0.04296875
0 0.052734375 0.125 0.04296875 0.060546875
0 0.05859375 0.068359375 0.0390625 0.0390625
0 0.06640625 0.025390625 0.048828125 0.046875
0 0.15234375 0.04296875 0.046875 0.044921875
0 0.18359375 0.353515625 0.046875 0.0546875
0 0.72265625 0.91796875 0.052734375 0.068359375
0 0.689453125 0.9296875 0.037109375 0.037109375
0 0.732421875 0.97265625 0.048828125 0.0546875
0 0.408203125 0.970703125 0.04296875 0.044921875
0 0.69921875 0.65625 0.046875 0.068359375
0 0.7265625 0.314453125 0.046875 0.0625
0 0.736328125 0.81640625 0.046875 0.0390625
0 0.740234375 0.025390625 0.060546875 0.048828125
0 0.7890625 0.71484375 0.03515625 0.064453125
0 0.76953125 0.77734375 0.04296875 0.04296875
0 0.107421875 0.66015625 0.064453125 0.07421875