0 0.1171875 0.642578125 0.1015625 0.1015625
0 0.3046875 0.888671875 0.111328125 0.103515625
0 0.1796875 0.275390625 0.0859375 0.078125
0 0.4375 0.587890625 0.103515625 0.103515625
0 0.5234375 0.69140625 0.125 0.1015625
0 0.025390625 0.26171875 0.05078125 0.072265625
0 0.099609375 0.916015625 0.06640625 0.072265625
0 0.60546875 0.7890625 0.103515625 0.08984375
0 0.6953125 0.984375 0.1171875 0.029296875
0 0.6953125 0.900390625 0.1171875 0.0859375
0 0.107421875 0.392578125 0.064453125 0.056640625
0 0.126953125 0.96484375 0.078125 0.060546875
0 0.1640625 0.462890625 0.060546875 0.0625
0 0.15234375 0.73828125 0.064453125 0.072265625
0 0.095703125 0.369140625 0.05859375 0.05078125
0 0.220703125 0.5234375 0.041015625 0.037109375
0 0.244140625 0.560546875 0.041015625 0.0390625
0 0.255859375 0.607421875 0.03125 0.03125
0 0.26953125 0.642578125 0.044921875 0.056640625
0 0.26171875 0.376953125 0.060546875 0.05859375
0 0.30078125 0.5625 0.046875 0.044921875
0 0.357421875 0.666015625 0.037109375 0.0390625
0 0.044921875 0.857421875 0.029296875 0.03515625
0 0.6640625 0.830078125 0.134765625 0.115234375
0 0.748046875 0.958984375 0.091796875 0.08203125
0 0.361328125 0.55859375 0.068359375 0.068359375
0 0.0546875 0.326171875 0.060546875 0.052734375
0 0.1328125 0.42578125 0.056640625 0.0546875