0 0.615234375 0.4609375 0.056640625 0.07421875
0 0.51953125 0.228515625 0.037109375 0.037109375
0 0.548828125 0.294921875 0.048828125 0.060546875
0 0.6328125 0.654296875 0.05859375 0.06640625
0 0.646484375 0.736328125 0.052734375 0.046875
0 0.57421875 0.92578125 0.0546875 0.05859375
0 0.533203125 0.96875 0.07421875 0.0625
0 0.591796875 0.974609375 0.041015625 0.048828125
0 0.62890625 0.966796875 0.033203125 0.041015625
0 0.642578125 0.98046875 0.029296875 0.0390625
0 0.685546875 0.98828125 0.0625 0.0234375
0 0.716796875 0.951171875 0.044921875 0.05078125
0 0.6875 0.849609375 0.05078125 0.0546875
0 0.6171875 0.560546875 0.041015625 0.08984375
0 0.77734375 0.111328125 0.095703125 0.099609375
0 0.783203125 0.015625 0.06640625 0.03125
0 0.7734375 0.298828125 0.103515625 0.109375
0 0.787109375 0.439453125 0.0859375 0.076171875
0 0.798828125 0.51953125 0.0859375 0.078125
0 0.8203125 0.6640625 0.072265625 0.076171875
0 0.84375 0.833984375 0.10546875 0.10546875
0 0.859375 0.9609375 0.0859375 0.078125
0 0.98828125 0.689453125 0.0234375 0.08203125
0 0.94921875 0.56640625 0.068359375 0.072265625
0 0.345703125 0.44921875 0.048828125 0.0703125
0 0.701171875 0.890625 0.05859375 0.05078125
0 0.599609375 0.400390625 0.05078125 0.05078125