0 0.607421875 0.935546875 0.0703125 0.0703125
0 0.552734375 0.841796875 0.078125 0.078125
0 0.552734375 0.69921875 0.078125 0.078125
0 0.46484375 0.677734375 0.0625 0.0703125
0 0.486328125 0.59765625 0.08203125 0.08203125
0 0.365234375 0.529296875 0.09375 0.09765625
0 0.98828125 0.248046875 0.0234375 0.05078125
0 0.974609375 0.193359375 0.05078125 0.05078125
0 0.99609375 0.3203125 0.0078125 0.0390625
0 0.95703125 0.13671875 0.0546875 0.078125
0 0.923828125 0.091796875 0.07421875 0.04296875
0 0.900390625 0.0390625 0.10546875 0.078125