0 0.453125 0.396484375 0.064453125 0.064453125
0 0.76953125 0.025390625 0.078125 0.05078125
0 0.744140625 0.267578125 0.09375 0.095703125
0 0.380859375 0.189453125 0.08984375 0.08203125
0 0.279296875 0.419921875 0.0703125 0.04296875
0 0.052734375 0.4375 0.083984375 0.078125
0 0.1015625 0.130859375 0.091796875 0.078125
0 0.0703125 0.662109375 0.109375 0.095703125
0 0.185546875 0.953125 0.080078125 0.080078125
0 0.216796875 0.73046875 0.09765625 0.095703125
0 0.296875 0.859375 0.078125 0.08203125
0 0.494140625 0.73828125 0.0859375 0.0859375
0 0.677734375 0.69921875 0.091796875 0.076171875
0 0.8046875 0.84375 0.08203125 0.072265625
0 0.916015625 0.966796875 0.08203125 0.064453125
0 0.94921875 0.59375 0.080078125 0.087890625
0 0.94140625 0.265625 0.095703125 0.11328125
0 0.546875 0.55859375 0.0546875 0.044921875
0 0.564453125 0.599609375 0.046875 0.048828125
0 0.52734375 0.4296875 0.044921875 0.044921875
0 0.556640625 0.4609375 0.05078125 0.046875
0 0.603515625 0.501953125 0.05078125 0.0390625
0 0.62890625 0.525390625 0.04296875 0.04296875
0 0.666015625 0.568359375 0.0546875 0.048828125
0 0.6953125 0.58984375 0.044921875 0.0390625
0 0.720703125 0.6171875 0.04296875 0.041015625
0 0.748046875 0.630859375 0.04296875 0.037109375
0 0.77734375 0.650390625 0.03515625 0.029296875
0 0.8046875 0.666015625 0.044921875 0.033203125
0 0.857421875 0.720703125 0.044921875 0.048828125
0 0.8984375 0.759765625 0.041015625 0.046875
0 0.931640625 0.78125 0.033203125 0.041015625
0 0.958984375 0.810546875 0.037109375 0.05078125
0 0.29296875 0.009765625 0.0859375 0.01953125