0 0.607421875 0.576171875 0.05078125 0.052734375
0 0.611328125 0.66015625 0.060546875 0.072265625
0 0.59765625 0.703125 0.05859375 0.048828125
0 0.578125 0.74609375 0.05078125 0.046875
0 0.6015625 0.525390625 0.0546875 0.046875
0 0.599609375 0.484375 0.0625 0.060546875
0 0.408203125 0.484375 0.0703125 0.0546875
0 0.388671875 0.41796875 0.0859375 0.078125
0 0.326171875 0.365234375 0.0546875 0.046875
0 0.275390625 0.365234375 0.048828125 0.056640625
0 0.17578125 0.25390625 0.052734375 0.05859375
0 0.1484375 0.087890625 0.06640625 0.064453125
0 0.56640625 0.3984375 0.052734375 0.048828125
0 0.451171875 0.2109375 0.04296875 0.052734375
0 0.408203125 0.21875 0.048828125 0.0390625
0 0.412109375 0.18359375 0.048828125 0.04296875
0 0.5703125 0.900390625 0.0546875 0.046875
0 0.572265625 0.955078125 0.052734375 0.05078125
0 0.27734375 0.1796875 0.0625 0.0546875