0 0.392578125 0.423828125 0.05078125 0.0546875
0 0.388671875 0.33984375 0.0625 0.0703125
0 0.40234375 0.296875 0.05859375 0.046875
0 0.421875 0.25390625 0.05078125 0.046875
0 0.3984375 0.474609375 0.0546875 0.046875
0 0.400390625 0.515625 0.0625 0.0625
0 0.591796875 0.515625 0.0703125 0.0546875
0 0.611328125 0.58203125 0.0859375 0.078125
0 0.673828125 0.634765625 0.0546875 0.046875
0 0.724609375 0.634765625 0.046875 0.0546875
0 0.82421875 0.74609375 0.0546875 0.05859375
0 0.8515625 0.912109375 0.06640625 0.0625
0 0.43359375 0.6015625 0.0546875 0.046875
0 0.548828125 0.7890625 0.04296875 0.0546875
0 0.591796875 0.78125 0.046875 0.0390625
0 0.587890625 0.81640625 0.046875 0.04296875
0 0.4296875 0.099609375 0.0546875 0.046875
0 0.427734375 0.044921875 0.0546875 0.05078125
0 0.72265625 0.8203125 0.0625 0.0546875