0 0.900390625 0.541015625 0.05078125 0.046875
0 0.8984375 0.46875 0.0625 0.07421875
0 0.904296875 0.40234375 0.0625 0.0703125
0 0.900390625 0.32421875 0.0546875 0.078125
0 0.888671875 0.25390625 0.0625 0.05859375
0 0.923828125 0.25390625 0.0390625 0.0625
0 0.865234375 0.193359375 0.0625 0.06640625
0 0.892578125 0.126953125 0.0546875 0.0625
0 0.884765625 0.076171875 0.05078125 0.046875
0 0.88671875 0.02734375 0.0390625 0.0546875
0 0.82421875 0.01953125 0.04296875 0.0390625
0 0.828125 0.095703125 0.03515625 0.0390625
0 0.83984375 0.14453125 0.046875 0.05078125
0 0.826171875 0.0546875 0.046875 0.046875
0 0.96484375 0.685546875 0.0390625 0.046875
0 0.955078125 0.55859375 0.0703125 0.0703125
0 0.95703125 0.3984375 0.06640625 0.078125
0 0.96875 0.458984375 0.05078125 0.046875
0 0.955078125 0.49609375 0.05078125 0.0546875
0 0.990234375 0.681640625 0.01953125 0.06640625