0 0.916015625 0.978515625 0.05078125 0.04296875
0 0.87109375 0.96875 0.046875 0.0546875
0 0.908203125 0.9453125 0.0546875 0.0390625
0 0.908203125 0.908203125 0.046875 0.03515625
0 0.900390625 0.2890625 0.05078125 0.0390625
0 0.900390625 0.3203125 0.046875 0.0390625
0 0.89453125 0.248046875 0.05859375 0.03125
0 0.89453125 0.21875 0.06640625 0.0390625
0 0.89453125 0.1875 0.046875 0.03125
0 0.892578125 0.16015625 0.0703125 0.04296875
0 0.89453125 0.12890625 0.07421875 0.0390625
0 0.900390625 0.095703125 0.05859375 0.046875
0 0.892578125 0.021484375 0.0390625 0.0390625
0 0.86328125 0.48828125 0.046875 0.0625
0 0.873046875 0.548828125 0.0390625 0.03515625
0 0.873046875 0.578125 0.0390625 0.0390625
0 0.87109375 0.615234375 0.05078125 0.0390625
0 0.880859375 0.64453125 0.03125 0.03515625
0 0.857421875 0.65625 0.0390625 0.046875
0 0.041015625 0.837890625 0.0703125 0.078125
0 0.884765625 0.669921875 0.0390625 0.03515625
0 0.89453125 0.693359375 0.04296875 0.03515625
0 0.896484375 0.73046875 0.046875 0.03125
0 0.890625 0.759765625 0.0390625 0.03515625
0 0.892578125 0.783203125 0.03515625 0.0390625
0 0.8984375 0.81640625 0.0390625 0.03125
0 0.90234375 0.837890625 0.0390625 0.03125
0 0.904296875 0.865234375 0.046875 0.0390625
0 0.859375 0.404296875 0.046875 0.046875
0 0.947265625 0.16015625 0.03125 0.0234375
0 0.947265625 0.1328125 0.0234375 0.015625
0 0.947265625 0.103515625 0.0234375 0.015625
0 0.94921875 0.076171875 0.01953125 0.01953125
0 0.958984375 0.017578125 0.0390625 0.03515625