0 0.8203125 0.48046875 0.119140625 0.134765625
0 0.931640625 0.546875 0.09375 0.078125
0 0.966796875 0.6015625 0.064453125 0.09375
0 0.908203125 0.333984375 0.068359375 0.064453125
0 0.962890625 0.296875 0.07421875 0.09375
0 0.833984375 0.2109375 0.109375 0.083984375
0 0.8671875 0.279296875 0.044921875 0.05859375
0 0.931640625 0.259765625 0.046875 0.05078125
0 0.91015625 0.11328125 0.125 0.103515625
0 0.767578125 0.080078125 0.142578125 0.146484375
0 0.900390625 0.04296875 0.076171875 0.05859375