0 0.517578125 0.89453125 0.05859375 0.078125
0 0.46875 0.7890625 0.0546875 0.05859375
0 0.357421875 0.623046875 0.07421875 0.07421875
0 0.2890625 0.525390625 0.0546875 0.0390625
0 0.291015625 0.568359375 0.0546875 0.0546875
0 0.232421875 0.419921875 0.05859375 0.0546875
0 0.23046875 0.376953125 0.0625 0.05078125
0 0.408203125 0.716796875 0.0390625 0.0546875
0 0.9453125 0.0390625 0.0625 0.0546875
0 0.08203125 0.099609375 0.0546875 0.05078125
0 0.1796875 0.259765625 0.046875 0.03515625
0 0.205078125 0.294921875 0.046875 0.046875
0 0.91015625 0.275390625 0.046875 0.04296875