0 0.869140625 0.501953125 0.080078125 0.08203125
0 0.9609375 0.1171875 0.076171875 0.08203125
0 0.75390625 0.66796875 0.078125 0.107421875
0 0.830078125 0.869140625 0.064453125 0.064453125
0 0.287109375 0.35546875 0.078125 0.072265625
0 0.501953125 0.095703125 0.09765625 0.078125
0 0.125 0.603515625 0.083984375 0.044921875
0 0.154296875 0.953125 0.0703125 0.0703125
0 0.04296875 0.962890625 0.068359375 0.060546875
0 0.095703125 0.953125 0.060546875 0.046875
0 0.6953125 0.41796875 0.076171875 0.06640625