0 0.791015625 0.53125 0.046875 0.046875
0 0.80859375 0.474609375 0.04296875 0.0546875
0 0.83984375 0.068359375 0.07421875 0.078125
0 0.83984375 0.013671875 0.0546875 0.02734375
0 0.291015625 0.5078125 0.0546875 0.046875
0 0.8125 0.412109375 0.0546875 0.07421875
0 0.818359375 0.35546875 0.0390625 0.0625
0 0.78515625 0.583984375 0.046875 0.046875
0 0.75390625 0.8828125 0.03515625 0.03125
0 0.755859375 0.845703125 0.03125 0.0234375
0 0.76953125 0.82421875 0.03125 0.02734375
0 0.7265625 0.96484375 0.06640625 0.03125