0 0.8984375 0.37109375 0.0546875 0.06640625
0 0.91796875 0.318359375 0.046875 0.03125
0 0.8984375 0.333984375 0.046875 0.046875
0 0.921875 0.28515625 0.05078125 0.0546875
0 0.927734375 0.224609375 0.06640625 0.0546875
0 0.9296875 0.173828125 0.0703125 0.0546875
0 0.93359375 0.115234375 0.0625 0.0703125
0 0.94140625 0.0625 0.0546875 0.05078125
0 0.943359375 0.02734375 0.0546875 0.0546875
0 0.89453125 0.45703125 0.046875 0.05859375
0 0.892578125 0.5625 0.03125 0.0546875
0 0.89453125 0.623046875 0.0625 0.0546875
0 0.900390625 0.748046875 0.05078125 0.06640625
0 0.84765625 0.798828125 0.0546875 0.06640625
0 0.912109375 0.92578125 0.05859375 0.09375
0 0.265625 0.080078125 0.046875 0.0546875
0 0.150390625 0.5703125 0.0703125 0.05078125