0 0.658203125 0.36328125 0.0546875 0.0703125
0 0.791015625 0.630859375 0.06640625 0.0859375
0 0.853515625 0.732421875 0.08984375 0.0625
0 0.859375 0.82421875 0.076171875 0.091796875
0 0.966796875 0.0625 0.06640625 0.076171875
0 0.951171875 0.197265625 0.05078125 0.056640625
0 0.90234375 0.19140625 0.048828125 0.041015625
0 0.94921875 0.41796875 0.068359375 0.064453125
0 0.646484375 0.55078125 0.052734375 0.044921875
0 0.4453125 0.2890625 0.083984375 0.095703125
0 0.349609375 0.71875 0.1015625 0.11328125