0 0.37109375 0.03125 0.107421875 0.0625
0 0.671875 0.392578125 0.09765625 0.076171875
0 0.69921875 0.44140625 0.103515625 0.080078125
0 0.79296875 0.595703125 0.05078125 0.056640625
0 0.75390625 0.517578125 0.0546875 0.048828125
0 0.791015625 0.517578125 0.052734375 0.078125
0 0.40625 0.142578125 0.052734375 0.048828125
0 0.748046875 0.572265625 0.056640625 0.044921875
0 0.7265625 0.48046875 0.037109375 0.0234375
0 0.75390625 0.458984375 0.044921875 0.05859375
0 0.734375 0.3984375 0.046875 0.0625
0 0.638671875 0.34765625 0.060546875 0.060546875
0 0.93359375 0.8046875 0.0625 0.0546875
0 0.970703125 0.8671875 0.05859375 0.0546875
0 0.9765625 0.91796875 0.037109375 0.052734375
0 0.82421875 0.64453125 0.041015625 0.044921875