0 0.546875 0.603515625 0.0625 0.0625
0 0.23046875 0.974609375 0.078125 0.05078125
0 0.255859375 0.732421875 0.09375 0.09375
0 0.619140625 0.810546875 0.08984375 0.08203125
0 0.720703125 0.580078125 0.0703125 0.04296875
0 0.947265625 0.5625 0.0859375 0.078125
0 0.8984375 0.869140625 0.09375 0.078125
0 0.9296875 0.337890625 0.109375 0.09375
0 0.814453125 0.046875 0.08203125 0.078125
0 0.783203125 0.26953125 0.09765625 0.09375
0 0.703125 0.140625 0.078125 0.08203125
0 0.505859375 0.26171875 0.0859375 0.0859375
0 0.322265625 0.30078125 0.09375 0.078125
0 0.1953125 0.15625 0.08203125 0.0703125
0 0.083984375 0.033203125 0.08203125 0.06640625
0 0.05078125 0.40625 0.08203125 0.08984375
0 0.05859375 0.734375 0.09765625 0.11328125
0 0.453125 0.44140625 0.0546875 0.046875
0 0.435546875 0.400390625 0.046875 0.046875
0 0.47265625 0.5703125 0.046875 0.046875
0 0.443359375 0.5390625 0.05078125 0.046875
0 0.396484375 0.498046875 0.05078125 0.0390625
0 0.37109375 0.474609375 0.04296875 0.04296875
0 0.333984375 0.431640625 0.0546875 0.046875
0 0.3046875 0.41015625 0.046875 0.0390625
0 0.279296875 0.3828125 0.04296875 0.0390625
0 0.251953125 0.369140625 0.04296875 0.0390625
0 0.22265625 0.349609375 0.03515625 0.03125
0 0.1953125 0.333984375 0.046875 0.03125
0 0.142578125 0.279296875 0.046875 0.046875
0 0.1015625 0.240234375 0.0390625 0.046875
0 0.068359375 0.21875 0.03515625 0.0390625
0 0.041015625 0.189453125 0.0390625 0.05078125
0 0.70703125 0.990234375 0.0859375 0.01953125