0 0.376953125 0.94921875 0.04296875 0.02734375
0 0.404296875 0.978515625 0.0546875 0.03515625
0 0.365234375 0.904296875 0.046875 0.04296875
0 0.419921875 0.87890625 0.0625 0.046875
0 0.384765625 0.865234375 0.046875 0.0390625
0 0.408203125 0.1171875 0.046875 0.03125
0 0.33203125 0.125 0.03125 0.0546875
0 0.322265625 0.087890625 0.0390625 0.0390625
0 0.392578125 0.080078125 0.0546875 0.0390625
0 0.3828125 0.044921875 0.0390625 0.03125
0 0.390625 0.015625 0.0546875 0.0234375
0 0.353515625 0.021484375 0.04296875 0.03515625
0 0.322265625 0.056640625 0.03125 0.02734375
0 0.353515625 0.07421875 0.03515625 0.0390625
0 0.2109375 0.525390625 0.0625 0.046875