0 0.15234375 0.0390625 0.0546875 0.07421875
0 0.29296875 0.025390625 0.09375 0.05078125
0 0.158203125 0.17578125 0.0625 0.05859375
0 0.166015625 0.39453125 0.06640625 0.0703125
0 0.1484375 0.578125 0.1015625 0.08203125
0 0.3046875 0.28125 0.0546875 0.05859375
0 0.306640625 0.53515625 0.046875 0.0546875
0 0.224609375 0.486328125 0.0390625 0.03515625
0 0.23046875 0.5390625 0.0390625 0.0390625
0 0.23046875 0.634765625 0.04296875 0.0390625
0 0.091796875 0.83984375 0.078125 0.078125
0 0.046875 0.38671875 0.046875 0.0546875
0 0.23828125 0.66796875 0.03125 0.0234375
0 0.64453125 0.07421875 0.0703125 0.0625
0 0.634765625 0.185546875 0.0546875 0.046875
0 0.638671875 0.26171875 0.05078125 0.046875
0 0.6484375 0.36328125 0.0546875 0.0546875
0 0.654296875 0.435546875 0.0390625 0.046875
0 0.666015625 0.5078125 0.04296875 0.0390625
0 0.67578125 0.57421875 0.0546875 0.046875
0 0.68359375 0.6796875 0.05078125 0.046875
0 0.689453125 0.76171875 0.0625 0.0546875
0 0.697265625 0.81640625 0.05078125 0.0390625
0 0.70703125 0.859375 0.06640625 0.03515625
0 0.720703125 0.90234375 0.0546875 0.046875
0 0.73046875 0.9765625 0.0546875 0.046875
0 0.791015625 0.025390625 0.0390625 0.03515625
0 0.48046875 0.005859375 0.0390625 0.0078125
0 0.48046875 0.03125 0.03515625 0.0234375
0 0.486328125 0.064453125 0.03125 0.03125
0 0.486328125 0.091796875 0.0390625 0.03125
0 0.490234375 0.12109375 0.04296875 0.03125
0 0.48828125 0.1875 0.0546875 0.03125
0 0.486328125 0.2109375 0.0546875 0.0234375
0 0.490234375 0.234375 0.046875 0.03125
0 0.486328125 0.259765625 0.0390625 0.03515625
0 0.48828125 0.287109375 0.0390625 0.02734375
0 0.484375 0.30859375 0.0390625 0.0234375
0 0.47265625 0.333984375 0.0390625 0.03125
0 0.4609375 0.35546875 0.04296875 0.0234375
0 0.45703125 0.376953125 0.03515625 0.0234375
0 0.4453125 0.400390625 0.046875 0.0234375
0 0.4453125 0.42578125 0.03515625 0.02734375
0 0.453125 0.453125 0.03515625 0.0234375
0 0.4609375 0.484375 0.046875 0.03515625
0 0.47265625 0.509765625 0.0390625 0.03125
0 0.46875 0.5390625 0.046875 0.03125
0 0.46875 0.568359375 0.046875 0.03125
0 0.470703125 0.599609375 0.05078125 0.0390625
0 0.478515625 0.63671875 0.0390625 0.03125
0 0.482421875 0.673828125 0.05078125 0.0546875
0 0.796875 0.087890625 0.0859375 0.046875
0 0.796875 0.138671875 0.05078125 0.0390625
0 0.8125 0.203125 0.0390625 0.03125
0 0.814453125 0.236328125 0.0390625 0.0234375
0 0.81640625 0.267578125 0.03125 0.02734375
0 0.81640625 0.34765625 0.0703125 0.0546875
0 0.92578125 0.64453125 0.09375 0.0859375
0 0.97265625 0.919921875 0.0546875 0.0625
0 0.978515625 0.98046875 0.04296875 0.0390625