0 0.8828125 0.357421875 0.1015625 0.1015625
0 0.6953125 0.111328125 0.109375 0.10546875
0 0.8203125 0.724609375 0.0859375 0.078125
0 0.5625 0.412109375 0.1015625 0.1015625
0 0.4765625 0.30859375 0.125 0.1015625
0 0.974609375 0.73828125 0.05078125 0.0703125
0 0.900390625 0.083984375 0.06640625 0.0703125
0 0.39453125 0.2109375 0.1015625 0.08984375
0 0.3046875 0.015625 0.1171875 0.03125
0 0.3046875 0.099609375 0.1171875 0.0859375
0 0.892578125 0.607421875 0.0625 0.0546875
0 0.873046875 0.03515625 0.078125 0.0625
0 0.8359375 0.537109375 0.0625 0.0625
0 0.84765625 0.26171875 0.0625 0.0703125
0 0.904296875 0.630859375 0.05859375 0.05078125
0 0.779296875 0.4765625 0.0390625 0.0390625
0 0.755859375 0.439453125 0.0390625 0.0390625
0 0.744140625 0.392578125 0.03125 0.03125
0 0.73046875 0.357421875 0.046875 0.05859375
0 0.73828125 0.623046875 0.0625 0.05859375
0 0.69921875 0.4375 0.046875 0.046875
0 0.642578125 0.333984375 0.0390625 0.0390625
0 0.955078125 0.142578125 0.03125 0.03515625
0 0.3359375 0.169921875 0.1328125 0.1171875
0 0.251953125 0.041015625 0.09375 0.08203125
0 0.638671875 0.44140625 0.0703125 0.0703125
0 0.9453125 0.673828125 0.0625 0.0546875
0 0.8671875 0.57421875 0.0546875 0.0546875