0 0.623046875 0.05078125 0.04296875 0.02734375
0 0.595703125 0.021484375 0.0546875 0.03515625
0 0.634765625 0.095703125 0.046875 0.04296875
0 0.580078125 0.12109375 0.0625 0.046875
0 0.615234375 0.134765625 0.046875 0.0390625
0 0.591796875 0.8828125 0.046875 0.03125
0 0.66796875 0.875 0.03125 0.0546875
0 0.677734375 0.912109375 0.0390625 0.0390625
0 0.607421875 0.919921875 0.0546875 0.0390625
0 0.6171875 0.955078125 0.0390625 0.03125
0 0.609375 0.984375 0.0546875 0.0234375
0 0.646484375 0.978515625 0.04296875 0.03515625
0 0.677734375 0.943359375 0.03515625 0.02734375
0 0.646484375 0.92578125 0.03515625 0.0390625
0 0.7890625 0.474609375 0.0625 0.046875