0 0.30078125 0.474609375 0.056640625 0.060546875
0 0.2109375 0.80078125 0.0546875 0.068359375
0 0.326171875 0.953125 0.08203125 0.0625
0 0.62890625 0.892578125 0.0546875 0.041015625
0 0.83984375 0.806640625 0.052734375 0.03125
0 0.908203125 0.77734375 0.05859375 0.03125
0 0.875 0.787109375 0.0390625 0.0390625
0 0.7890625 0.826171875 0.056640625 0.03515625
0 0.736328125 0.84765625 0.0625 0.03125
0 0.6796875 0.859375 0.060546875 0.037109375
0 0.140625 0.9140625 0.05859375 0.04296875
0 0.17578125 0.9140625 0.046875 0.046875