0 0.4921875 0.294921875 0.078125 0.05078125
0 0.478515625 0.251953125 0.05859375 0.0546875
0 0.5390625 0.251953125 0.05859375 0.046875
0 0.6640625 0.24609375 0.046875 0.046875
0 0.333984375 0.158203125 0.0625 0.05078125
0 0.40625 0.115234375 0.0625 0.0625
0 0.365234375 0.138671875 0.0546875 0.0703125
0 0.529296875 0.068359375 0.0703125 0.0625
0 0.533203125 0.390625 0.0625 0.0546875
0 0.53515625 0.341796875 0.05859375 0.0546875
0 0.572265625 0.322265625 0.046875 0.0390625
0 0.576171875 0.283203125 0.046875 0.04296875
0 0.474609375 0.1328125 0.06640625 0.078125
0 0.427734375 0.15625 0.0546875 0.05078125
0 0.4765625 0.19921875 0.05859375 0.0390625
0 0.544921875 0.123046875 0.0546875 0.0546875