0 0.12109375 0.0234375 0.056640625 0.044921875
0 0.119140625 0.0703125 0.046875 0.056640625
0 0.126953125 0.1171875 0.048828125 0.046875
0 0.12890625 0.15625 0.037109375 0.03515625
0 0.15625 0.181640625 0.0546875 0.056640625
0 0.197265625 0.25 0.05078125 0.04296875
0 0.162109375 0.265625 0.044921875 0.041015625
0 0.193359375 0.310546875 0.064453125 0.052734375
0 0.16015625 0.3359375 0.060546875 0.048828125
0 0.19140625 0.373046875 0.0546875 0.033203125
0 0.171875 0.390625 0.0546875 0.041015625
0 0.17578125 0.443359375 0.046875 0.052734375
0 0.21875 0.45703125 0.05078125 0.05859375
0 0.181640625 0.4921875 0.044921875 0.05078125
0 0.19140625 0.541015625 0.0625 0.052734375
0 0.197265625 0.583984375 0.0546875 0.05078125
0 0.205078125 0.630859375 0.048828125 0.056640625
0 0.224609375 0.677734375 0.052734375 0.048828125
0 0.234375 0.73828125 0.05078125 0.0390625
0 0.275390625 0.880859375 0.056640625 0.05078125
0 0.259765625 0.8359375 0.0625 0.056640625
0 0.29296875 0.9609375 0.046875 0.048828125
0 0.25390625 0.69921875 0.04296875 0.044921875
0 0.24609375 0.55078125 0.052734375 0.041015625
0 0.240234375 0.583984375 0.05078125 0.046875
0 0.232421875 0.51171875 0.048828125 0.041015625