0 0.78125 0.2265625 0.068359375 0.064453125
0 0.7890625 0.271484375 0.046875 0.044921875
0 0.791015625 0.322265625 0.044921875 0.05078125
0 0.7890625 0.3671875 0.052734375 0.052734375
0 0.74609375 0.39453125 0.052734375 0.056640625
0 0.818359375 0.060546875 0.05078125 0.044921875
0 0.849609375 0.025390625 0.060546875 0.05078125
0 0.80078125 0.16015625 0.05078125 0.0390625
0 0.765625 0.134765625 0.046875 0.044921875
0 0.7421875 0.455078125 0.05078125 0.037109375
0 0.7265625 0.919921875 0.041015625 0.03515625