0 0.818359375 0.916015625 0.046875 0.0390625
0 0.8125 0.884765625 0.05078125 0.03515625
0 0.796875 0.806640625 0.0546875 0.05859375
0 0.755859375 0.765625 0.0625 0.0390625
0 0.748046875 0.7265625 0.046875 0.03515625
0 0.748046875 0.693359375 0.04296875 0.03515625
0 0.826171875 0.9453125 0.0546875 0.0390625
0 0.845703125 0.97265625 0.046875 0.0390625
0 0.6796875 0.58203125 0.05859375 0.0390625
0 0.6796875 0.546875 0.0625 0.02734375
0 0.640625 0.48046875 0.0859375 0.05078125
0 0.642578125 0.44140625 0.0546875 0.046875
0 0.6171875 0.369140625 0.0390625 0.04296875
0 0.60546875 0.34375 0.046875 0.0234375
0 0.583984375 0.3046875 0.046875 0.03515625
0 0.556640625 0.22265625 0.05078125 0.04296875
0 0.4921875 0.177734375 0.1015625 0.09375
0 0.5859375 0.40234375 0.09375 0.0859375
0 0.537109375 0.525390625 0.0859375 0.078125
0 0.6875 0.67578125 0.0703125 0.0625
0 0.650390625 0.72265625 0.08203125 0.078125
0 0.740234375 0.853515625 0.0859375 0.078125
0 0.94140625 0.630859375 0.11328125 0.1328125
0 0.849609375 0.376953125 0.125 0.125
0 0.724609375 0.107421875 0.10546875 0.10546875
0 0.296875 0.8671875 0.0859375 0.1015625
0 0.232421875 0.8046875 0.0859375 0.08203125
0 0.205078125 0.572265625 0.1171875 0.10546875
0 0.17578125 0.466796875 0.08203125 0.0859375
0 0.099609375 0.236328125 0.10546875 0.0859375
0 0.03515625 0.15234375 0.0703125 0.10546875
0 0.0234375 0.84765625 0.046875 0.0859375