0 0.265625 0.560546875 0.09375 0.09375
0 0.2265625 0.806640625 0.08984375 0.09375
0 0.306640625 0.650390625 0.1171875 0.1015625
0 0.39453125 0.810546875 0.109375 0.09375
0 0.16796875 0.392578125 0.08984375 0.0859375
0 0.34765625 0.728515625 0.1015625 0.09375
0 0.22265625 0.466796875 0.09375 0.0859375
0 0.484375 0.943359375 0.109375 0.0703125
0 0.447265625 0.87890625 0.0859375 0.0703125
0 0.03125 0.80859375 0.0625 0.08984375
0 0.08984375 0.04296875 0.08203125 0.078125
0 0.119140625 0.12109375 0.0703125 0.0703125
0 0.015625 0.21484375 0.03125 0.0390625
0 0.109375 0.26953125 0.07421875 0.0859375
0 0.2421875 0.486328125 0.12109375 0.1015625
0 0.51953125 0.984375 0.0859375 0.03125
0 0.095703125 0.330078125 0.0859375 0.06640625
0 0.111328125 0.9609375 0.05859375 0.05859375
0 0.306640625 0.9375 0.046875 0.0390625
0 0.328125 0.87890625 0.0546875 0.0546875
0 0.34765625 0.970703125 0.0703125 0.0546875
0 0.17578125 0.748046875 0.0703125 0.0625
0 0.150390625 0.697265625 0.0625 0.05078125
0 0.02734375 0.466796875 0.0546875 0.08203125
0 0.46484375 0.603515625 0.0703125 0.05078125
0 0.4140625 0.51953125 0.046875 0.0390625
0 0.376953125 0.482421875 0.0234375 0.03515625
0 0.015625 0.2734375 0.03125 0.0546875
0 0.033203125 0.24609375 0.0390625 0.04296875
0 0.060546875 0.28125 0.03125 0.03515625
0 0.08203125 0.2109375 0.04296875 0.046875