0 0.716796875 0.578125 0.0546875 0.0703125
0 0.736328125 0.650390625 0.0859375 0.080078125
0 0.736328125 0.833984375 0.064453125 0.083984375
0 0.7734375 0.912109375 0.056640625 0.056640625
0 0.66015625 0.564453125 0.068359375 0.060546875
0 0.669921875 0.62890625 0.0625 0.0546875
0 0.7109375 0.685546875 0.080078125 0.0625
0 0.73046875 0.357421875 0.0625 0.056640625
0 0.736328125 0.400390625 0.0625 0.05078125
0 0.73828125 0.44140625 0.068359375 0.0390625
0 0.74609375 0.478515625 0.06640625 0.04296875
0 0.71875 0.3125 0.060546875 0.0625
0 0.703125 0.23828125 0.046875 0.041015625
0 0.685546875 0.169921875 0.0625 0.0546875
0 0.685546875 0.12109375 0.05859375 0.05078125
0 0.771484375 0.58984375 0.0546875 0.056640625