0 0.255859375 0.10546875 0.078125 0.06640625
0 0.21875 0.22265625 0.068359375 0.068359375
0 0.19921875 0.345703125 0.087890625 0.05859375
0 0.185546875 0.49609375 0.091796875 0.078125
0 0.177734375 0.5703125 0.0703125 0.0859375
0 0.169921875 0.658203125 0.0703125 0.087890625
0 0.162109375 0.771484375 0.060546875 0.076171875
0 0.21484375 0.94921875 0.091796875 0.091796875
0 0.484375 0.857421875 0.064453125 0.0625
0 0.5625 0.91796875 0.076171875 0.08203125
0 0.42578125 0.978515625 0.07421875 0.04296875
0 0.654296875 0.849609375 0.076171875 0.076171875
0 0.7578125 0.7734375 0.0625 0.076171875
0 0.873046875 0.685546875 0.0703125 0.0703125