0 0.302734375 0.275390625 0.06640625 0.07421875
0 0.296875 0.091796875 0.0703125 0.08203125
0 0.203125 0.06640625 0.0703125 0.07421875
0 0.013671875 0.314453125 0.02734375 0.0546875
0 0.205078125 0.263671875 0.0390625 0.046875
0 0.265625 0.38671875 0.04296875 0.04296875
0 0.173828125 0.453125 0.0625 0.06640625
0 0.43359375 0.609375 0.03515625 0.04296875
0 0.41796875 0.6484375 0.04296875 0.0390625
0 0.306640625 0.62109375 0.0703125 0.08984375
0 0.31640625 0.451171875 0.06640625 0.0703125
0 0.255859375 0.484375 0.046875 0.0625
0 0.193359375 0.373046875 0.0546875 0.0546875
0 0.224609375 0.302734375 0.0390625 0.0546875
0 0.15625 0.22265625 0.04296875 0.046875
0 0.013671875 0.404296875 0.02734375 0.05078125
0 0.0234375 0.357421875 0.046875 0.0625
0 0.087890625 0.974609375 0.0625 0.046875
0 0.29296875 0.970703125 0.0703125 0.0546875
0 0.306640625 0.794921875 0.0703125 0.078125
0 0.08984375 0.830078125 0.0546875 0.05078125
0 0.0859375 0.6015625 0.0703125 0.0859375