0 0.0625 0.287109375 0.087890625 0.06640625
0 0.03125 0.619140625 0.0625 0.08984375
0 0.01953125 0.828125 0.037109375 0.056640625
0 0.015625 0.90625 0.03125 0.025390625
0 0.0234375 0.7265625 0.044921875 0.044921875
0 0.0234375 0.771484375 0.044921875 0.0546875
0 0.021484375 0.67578125 0.04296875 0.046875
0 0.021484375 0.5546875 0.041015625 0.041015625
0 0.0625 0.42578125 0.04296875 0.05078125
0 0.037109375 0.4453125 0.0234375 0.037109375
0 0.04296875 0.404296875 0.04296875 0.046875
0 0.32421875 0.32421875 0.048828125 0.064453125
0 0.333984375 0.591796875 0.05078125 0.056640625
0 0.33984375 0.8203125 0.037109375 0.052734375
0 0.3984375 0.9453125 0.03515625 0.052734375
0 0.900390625 0.69921875 0.052734375 0.068359375
0 0.90625 0.478515625 0.0625 0.064453125
0 0.896484375 0.423828125 0.046875 0.041015625
0 0.90234375 0.39453125 0.0390625 0.044921875
0 0.9140625 0.365234375 0.041015625 0.04296875
0 0.927734375 0.326171875 0.046875 0.05078125
0 0.931640625 0.294921875 0.044921875 0.041015625
0 0.94921875 0.2578125 0.068359375 0.068359375
0 0.97265625 0.029296875 0.0546875 0.05859375
0 0.96875 0.078125 0.056640625 0.04296875
0 0.732421875 0.0703125 0.064453125 0.05859375
0 0.734375 0.12890625 0.052734375 0.044921875
0 0.720703125 0.015625 0.0546875 0.03125
0 0.732421875 0.18359375 0.064453125 0.0546875
0 0.734375 0.248046875 0.072265625 0.0625
0 0.7265625 0.30859375 0.064453125 0.0625
0 0.71875 0.40234375 0.06640625 0.0625
0 0.720703125 0.46484375 0.060546875 0.05859375
0 0.71875 0.517578125 0.052734375 0.05078125
0 0.72265625 0.564453125 0.048828125 0.056640625
0 0.7265625 0.619140625 0.0546875 0.044921875
0 0.72265625 0.66796875 0.056640625 0.05078125
0 0.73046875 0.720703125 0.046875 0.0546875
0 0.732421875 0.763671875 0.046875 0.048828125
0 0.734375 0.82421875 0.05859375 0.060546875
0 0.73828125 0.880859375 0.060546875 0.046875
0 0.75 0.982421875 0.052734375 0.03515625
0 0.736328125 0.93359375 0.048828125 0.041015625
0 0.75 0.908203125 0.04296875 0.04296875
0 0.328125 0.146484375 0.041015625 0.04296875
0 0.21484375 0.091796875 0.046875 0.033203125
0 0.216796875 0.130859375 0.046875 0.03125
0 0.220703125 0.162109375 0.0390625 0.01953125
0 0.21484375 0.181640625 0.046875 0.025390625
0 0.21484375 0.201171875 0.041015625 0.017578125
0 0.2109375 0.251953125 0.052734375 0.02734375
0 0.20703125 0.294921875 0.052734375 0.048828125
0 0.212890625 0.3359375 0.056640625 0.033203125
0 0.203125 0.392578125 0.064453125 0.0390625
0 0.208984375 0.42578125 0.06640625 0.048828125
0 0.1953125 0.455078125 0.046875 0.033203125
0 0.1953125 0.48828125 0.0546875 0.04296875
0 0.189453125 0.53125 0.05859375 0.046875
0 0.177734375 0.57421875 0.0625 0.03515625
0 0.1640625 0.6015625 0.05859375 0.033203125
0 0.115234375 0.7265625 0.052734375 0.041015625