0 0.501953125 0.48828125 0.08984375 0.0859375
0 0.31640625 0.39453125 0.0859375 0.09375
0 0.333984375 0.453125 0.0625 0.0546875
0 0.40234375 0.48828125 0.0703125 0.0390625
0 0.25390625 0.390625 0.05859375 0.0625
0 0.23828125 0.25 0.09765625 0.1171875
0 0.18359375 0.302734375 0.078125 0.0859375
0 0.201171875 0.10546875 0.09765625 0.10546875
0 0.173828125 0.189453125 0.05078125 0.0625
0 0.08984375 0.103515625 0.078125 0.06640625
0 0.095703125 0.203125 0.078125 0.109375
0 0.10546875 0.021484375 0.0859375 0.04296875
0 0.025390625 0.02734375 0.05078125 0.0546875
0 0.314453125 0.328125 0.04296875 0.04296875