0 0.73046875 0.654296875 0.0546875 0.060546875
0 0.603515625 0.65234375 0.056640625 0.046875
0 0.740234375 0.89453125 0.0546875 0.0703125
0 0.66015625 0.6015625 0.072265625 0.072265625
0 0.650390625 0.4921875 0.04296875 0.052734375
0 0.611328125 0.45703125 0.0390625 0.044921875
0 0.6484375 0.4453125 0.044921875 0.052734375
0 0.59765625 0.259765625 0.046875 0.046875
0 0.57421875 0.28125 0.0390625 0.03125
0 0.578125 0.3125 0.029296875 0.02734375
0 0.56640625 0.23046875 0.048828125 0.056640625
0 0.580078125 0.19140625 0.046875 0.0546875
0 0.51953125 0.09375 0.029296875 0.02734375
0 0.544921875 0.1328125 0.033203125 0.03125