0 0.861328125 0.177734375 0.08203125 0.09375
0 0.919921875 0.412109375 0.080078125 0.0625
0 0.04296875 0.517578125 0.068359375 0.07421875
0 0.05078125 0.8828125 0.044921875 0.06640625
0 0.087890625 0.849609375 0.060546875 0.060546875
0 0.9375 0.3203125 0.068359375 0.06640625
0 0.947265625 0.626953125 0.064453125 0.05859375
0 0.982421875 0.802734375 0.03515625 0.078125
0 0.939453125 0.779296875 0.0625 0.064453125
0 0.9765625 0.490234375 0.04296875 0.080078125
0 0.029296875 0.330078125 0.056640625 0.078125