0 0.3515625 0.533203125 0.0859375 0.0625
0 0.3515625 0.458984375 0.08203125 0.0625
0 0.3046875 0.720703125 0.078125 0.0546875
0 0.125 0.94140625 0.06640625 0.0546875
0 0.24609375 0.74609375 0.07421875 0.046875
0 0.220703125 0.650390625 0.0546875 0.046875
0 0.328125 0.583984375 0.0546875 0.05078125
0 0.33984375 0.619140625 0.046875 0.046875
0 0.142578125 0.865234375 0.05078125 0.05078125
0 0.138671875 0.787109375 0.0546875 0.0546875
0 0.171875 0.71875 0.05859375 0.0546875
0 0.3125 0.638671875 0.05859375 0.0546875
0 0.279296875 0.58984375 0.0546875 0.03125
0 0.279296875 0.5625 0.0390625 0.03125
0 0.244140625 0.548828125 0.046875 0.04296875
0 0.275390625 0.615234375 0.0390625 0.02734375
0 0.30078125 0.318359375 0.046875 0.0546875
0 0.306640625 0.369140625 0.0390625 0.0390625
0 0.251953125 0.3515625 0.0859375 0.078125
0 0.265625 0.23828125 0.05859375 0.0546875