0 0.294921875 0.224609375 0.048828125 0.0390625
0 0.45703125 0.037109375 0.05859375 0.046875
0 0.43359375 0.9609375 0.060546875 0.05859375
0 0.158203125 0.0859375 0.064453125 0.05859375
0 0.09375 0.087890625 0.044921875 0.041015625
0 0.072265625 0.05859375 0.052734375 0.046875
0 0.0546875 0.029296875 0.0546875 0.041015625
0 0.03515625 0.01171875 0.05859375 0.0234375
0 0.474609375 0.794921875 0.05078125 0.052734375
0 0.400390625 0.501953125 0.052734375 0.056640625
0 0.4375 0.5546875 0.05078125 0.041015625
0 0.33203125 0.486328125 0.068359375 0.0625
0 0.265625 0.177734375 0.0546875 0.05859375
0 0.2109375 0.21484375 0.046875 0.0546875
0 0.40234375 0.4140625 0.103515625 0.083984375
0 0.548828125 0.962890625 0.0625 0.06640625
0 0.5 0.51171875 0.037109375 0.048828125
0 0.486328125 0.55078125 0.044921875 0.037109375
0 0.51953125 0.46484375 0.068359375 0.060546875
0 0.158203125 0.154296875 0.048828125 0.048828125