0 0.318359375 0.892578125 0.08203125 0.078125
0 0.232421875 0.779296875 0.08984375 0.1015625
0 0.150390625 0.68359375 0.11328125 0.09765625
0 0.033203125 0.677734375 0.06640625 0.08984375
0 0.109375 0.7734375 0.078125 0.0625
0 0.1484375 0.822265625 0.08203125 0.0703125
0 0.19921875 0.873046875 0.09765625 0.0703125
0 0.25390625 0.93359375 0.109375 0.078125
0 0.2734375 0.5546875 0.08203125 0.08984375
0 0.345703125 0.53515625 0.08984375 0.09375
0 0.16796875 0.333984375 0.0703125 0.05859375
0 0.123046875 0.38671875 0.07421875 0.0703125
0 0.05859375 0.166015625 0.06640625 0.0625
0 0.119140625 0.05859375 0.0703125 0.05859375
0 0.560546875 0.802734375 0.078125 0.07421875
0 0.474609375 0.693359375 0.078125 0.078125
0 0.435546875 0.42578125 0.0703125 0.0625
0 0.34765625 0.39453125 0.0703125 0.078125
0 0.2890625 0.2890625 0.05859375 0.0625
0 0.484375 0.232421875 0.078125 0.0625
0 0.4296875 0.107421875 0.08203125 0.0859375
0 0.52734375 0.091796875 0.078125 0.07421875
0 0.48046875 0.04296875 0.0703125 0.0625
0 0.349609375 0.10546875 0.0859375 0.0625
0 0.341796875 0.060546875 0.0703125 0.05078125
0 0.3046875 0.033203125 0.0390625 0.0390625
0 0.46875 0.35546875 0.0703125 0.0703125
0 0.55078125 0.37890625 0.078125 0.0625
0 0.560546875 0.2578125 0.0703125 0.0625
0 0.318359375 0.15234375 0.0546875 0.0625
0 0.23046875 0.17578125 0.0625 0.0390625
0 0.365234375 0.1796875 0.0625 0.0625
0 0.421875 0.201171875 0.0546875 0.05859375
0 0.412109375 0.248046875 0.046875 0.046875
0 0.400390625 0.33203125 0.0625 0.0625
0 0.37109375 0.26953125 0.0546875 0.03125
0 0.36328125 0.240234375 0.0625 0.0390625
0 0.626953125 0.544921875 0.0703125 0.046875
0 0.59375 0.4765625 0.0546875 0.0390625
0 0.6640625 0.470703125 0.0625 0.06640625
0 0.64453125 0.400390625 0.05859375 0.05078125
0 0.5390625 0.431640625 0.0625 0.04296875
0 0.71484375 0.580078125 0.07421875 0.05859375
0 0.775390625 0.748046875 0.0625 0.0546875
0 0.70703125 0.65234375 0.0703125 0.0625
0 0.896484375 0.974609375 0.06640625 0.046875
0 0.8671875 0.935546875 0.0546875 0.046875
0 0.8984375 0.8984375 0.0546875 0.0390625
0 0.771484375 0.78515625 0.078125 0.046875
0 0.81640625 0.857421875 0.046875 0.046875
0 0.798828125 0.822265625 0.0546875 0.046875
0 0.841796875 0.814453125 0.0625 0.0546875
0 0.85546875 0.869140625 0.046875 0.046875
0 0.59375 0.181640625 0.0625 0.0546875