0 0.76171875 0.099609375 0.046875 0.0546875
0 0.75 0.17578125 0.04296875 0.05078125
0 0.740234375 0.01953125 0.05078125 0.0390625
0 0.77734375 0.3828125 0.046875 0.0703125
0 0.798828125 0.462890625 0.0546875 0.05859375
0 0.822265625 0.576171875 0.046875 0.046875
0 0.7890625 0.578125 0.0390625 0.046875
0 0.7890625 0.646484375 0.0390625 0.05859375
0 0.830078125 0.623046875 0.0625 0.06640625
0 0.84765625 0.689453125 0.046875 0.046875
0 0.8046875 0.935546875 0.0546875 0.0625
0 0.86328125 0.736328125 0.046875 0.05859375
0 0.837890625 0.41796875 0.046875 0.0546875
0 0.90234375 0.763671875 0.03125 0.0546875