0 0.23828125 0.900390625 0.046875 0.0546875
0 0.25 0.82421875 0.04296875 0.05078125
0 0.259765625 0.98046875 0.05078125 0.0390625
0 0.22265625 0.6171875 0.05078125 0.0703125
0 0.201171875 0.537109375 0.0546875 0.05859375
0 0.177734375 0.423828125 0.046875 0.046875
0 0.2109375 0.421875 0.0390625 0.046875
0 0.2109375 0.353515625 0.0390625 0.05859375
0 0.169921875 0.376953125 0.06640625 0.06640625
0 0.15234375 0.310546875 0.046875 0.046875
0 0.1953125 0.064453125 0.0546875 0.0625
0 0.13671875 0.263671875 0.046875 0.05859375
0 0.162109375 0.58203125 0.046875 0.0546875
0 0.09765625 0.236328125 0.03125 0.0546875