0 0.71484375 0.41796875 0.0390625 0.03515625
0 0.68359375 0.3671875 0.0390625 0.03125
0 0.666015625 0.33984375 0.04296875 0.03125
0 0.642578125 0.3046875 0.0390625 0.03515625
0 0.609375 0.244140625 0.0390625 0.046875
0 0.5859375 0.1953125 0.03515625 0.04296875
0 0.572265625 0.162109375 0.03515625 0.046875
0 0.55859375 0.09375 0.03515625 0.0390625
0 0.529296875 0.060546875 0.0703125 0.046875
0 0.7890625 0.48046875 0.03125 0.03125
0 0.796875 0.509765625 0.04296875 0.03515625
0 0.83984375 0.548828125 0.046875 0.0390625
0 0.876953125 0.587890625 0.05859375 0.0703125
0 0.94921875 0.662109375 0.046875 0.03125
0 0.96484375 0.701171875 0.05859375 0.046875
0 0.982421875 0.732421875 0.03515625 0.04296875
0 0.96484375 0.798828125 0.0703125 0.078125